R FLEXOR CARPI RADIALIS: EMG 4 [V],R EXTENSOR DIGITORUM: EMG 5 [V],R IMU Wrist: ACC.X 6 [g],R IMU Wrist: ACC.Y 6 [g],R IMU Wrist: ACC.Z 6 [g],R IMU Wrist: GYRO.X 6 [°/s],R IMU Wrist: GYRO.Y 6 [°/s],R IMU Wrist: GYRO.Z 6 [°/s]
0.00000e+000,0.00000e+000,0.00000e+000,0.00000e+000,0.00000e+000,0.00000e+000,0.00000e+000,0.00000e+000
0.00000e+000,0.00000e+000,0.00000e+000,0.00000e+000,0.00000e+000,0.00000e+000,0.00000e+000,0.00000e+000
0.00000e+000,0.00000e+000,0.00000e+000,0.00000e+000,0.00000e+000,0.00000e+000,0.00000e+000,0.00000e+000
0.00000e+000,0.00000e+000,0.00000e+000,0.00000e+000,0.00000e+000,0.00000e+000,0.00000e+000,0.00000e+000
0.00000e+000,0.00000e+000,0.00000e+000,0.00000e+000,0.00000e+000,0.00000e+000,0.00000e+000,0.00000e+000
0.00000e+000,0.00000e+000,0.00000e+000,0.00000e+000,0.00000e+000,0.00000e+000,0.00000e+000,0.00000e+000
0.00000e+000,0.00000e+000,0.00000e+000,0.00000e+000,0.00000e+000,0.00000e+000,0.00000e+000,0.00000e+000
0.00000e+000,0.00000e+000,0.00000e+000,0.00000e+000,0.00000e+000,0.00000e+000,0.00000e+000,0.00000e+000
0.00000e+000,0.00000e+000,0.00000e+000,0.00000e+000,0.00000e+000,0.00000e+000,0.00000e+000,0.00000e+000
0.00000e+000,0.00000e+000,0.00000e+000,0.00000e+000,0.00000e+000,0.00000e+000,0.00000e+000,0.00000e+000
0.00000e+000,0.00000e+000,0.00000e+000,0.00000e+000,0.00000e+000,0.00000e+000,0.00000e+000,0.00000e+000
0.00000e+000,0.00000e+000,0.00000e+000,0.00000e+000,0.00000e+000,0.00000e+000,0.00000e+000,0.00000e+000
0.00000e+000,0.00000e+000,0.00000e+000,0.00000e+000,0.00000e+000,0.00000e+000,0.00000e+000,0.00000e+000
0.00000e+000,0.00000e+000,0.00000e+000,0.00000e+000,0.00000e+000,0.00000e+000,0.00000e+000,0.00000e+000
0.00000e+000,0.00000e+000,0.00000e+000,0.00000e+000,0.00000e+000,0.00000e+000,0.00000e+000,0.00000e+000
0.00000e+000,0.00000e+000,0.00000e+000,0.00000e+000,0.00000e+000,0.00000e+000,0.00000e+000,0.00000e+000
0.00000e+000,0.00000e+000,0.00000e+000,0.00000e+000,0.00000e+000,0.00000e+000,0.00000e+000,0.00000e+000
0.00000e+000,0.00000e+000,0.00000e+000,0.00000e+000,0.00000e+000,0.00000e+000,0.00000e+000,0.00000e+000
0.00000e+000,0.00000e+000,0.00000e+000,0.00000e+000,0.00000e+000,0.00000e+000,0.00000e+000,0.00000e+000
0.00000e+000,0.00000e+000,0.00000e+000,0.00000e+000,0.00000e+000,0.00000e+000,0.00000e+000,0.00000e+000
0.00000e+000,0.00000e+000,0.00000e+000,0.00000e+000,0.00000e+000,0.00000e+000,0.00000e+000,0.00000e+000
0.00000e+000,0.00000e+000,0.00000e+000,0.00000e+000,0.00000e+000,0.00000e+000,0.00000e+000,0.00000e+000
0.00000e+000,0.00000e+000,0.00000e+000,0.00000e+000,0.00000e+000,0.00000e+000,0.00000e+000,0.00000e+000
0.00000e+000,0.00000e+000,0.00000e+000,0.00000e+000,0.00000e+000,0.00000e+000,0.00000e+000,0.00000e+000
0.00000e+000,0.00000e+000,0.00000e+000,0.00000e+000,0.00000e+000,0.00000e+000,0.00000e+000,0.00000e+000
0.00000e+000,0.00000e+000,0.00000e+000,0.00000e+000,0.00000e+000,0.00000e+000,0.00000e+000,0.00000e+000
0.00000e+000,0.00000e+000,0.00000e+000,0.00000e+000,0.00000e+000,0.00000e+000,0.00000e+000,0.00000e+000
0.00000e+000,0.00000e+000,0.00000e+000,0.00000e+000,0.00000e+000,0.00000e+000,0.00000e+000,0.00000e+000
0.00000e+000,0.00000e+000,0.00000e+000,0.00000e+000,0.00000e+000,0.00000e+000,0.00000e+000,0.00000e+000
0.00000e+000,0.00000e+000,0.00000e+000,0.00000e+000,0.00000e+000,0.00000e+000,0.00000e+000,0.00000e+000
0.00000e+000,0.00000e+000,0.00000e+000,0.00000e+000,0.00000e+000,0.00000e+000,0.00000e+000,0.00000e+000
0.00000e+000,0.00000e+000,0.00000e+000,0.00000e+000,0.00000e+000,0.00000e+000,0.00000e+000,0.00000e+000
0.00000e+000,0.00000e+000,0.00000e+000,0.00000e+000,0.00000e+000,0.00000e+000,0.00000e+000,0.00000e+000
0.00000e+000,0.00000e+000,0.00000e+000,0.00000e+000,0.00000e+000,0.00000e+000,0.00000e+000,0.00000e+000
0.00000e+000,0.00000e+000,0.00000e+000,0.00000e+000,0.00000e+000,0.00000e+000,0.00000e+000,0.00000e+000
0.00000e+000,0.00000e+000,8.83789e-002,-2.44141e-003,9.31641e-001,2.56098e+000,-2.86585e+000,-6.70732e-001
0.00000e+000,0.00000e+000,8.69141e-002,-2.44141e-003,9.31152e-001,3.23171e+000,-2.31707e+000,-1.03659e+000
0.00000e+000,0.00000e+000,8.88672e-002,-3.41797e-003,9.34082e-001,2.92683e+000,-2.62195e+000,-1.28049e+000
0.00000e+000,0.00000e+000,8.39844e-002,-1.07422e-002,9.32129e-001,2.98780e+000,-2.92683e+000,-1.52439e+000
0.00000e+000,0.00000e+000,8.44727e-002,-6.34766e-003,9.33105e-001,2.98780e+000,-2.92683e+000,-1.46341e+000
0.00000e+000,0.00000e+000,8.30078e-002,-5.37109e-003,9.31641e-001,3.04878e+000,-2.56098e+000,-1.28049e+000
0.00000e+000,0.00000e+000,8.49609e-002,4.88281e-004,9.25781e-001,3.10976e+000,-2.50000e+000,-1.21951e+000
0.00000e+000,0.00000e+000,8.54492e-002,4.88281e-003,9.25293e-001,3.23171e+000,-3.17073e+000,-1.09756e+000
0.00000e+000,0.00000e+000,8.44727e-002,5.37109e-003,9.24316e-001,2.74390e+000,-3.29268e+000,-1.15854e+000
0.00000e+000,0.00000e+000,8.59375e-002,4.88281e-003,9.25781e-001,2.56098e+000,-3.41463e+000,-9.75610e-001
0.00000e+000,0.00000e+000,8.59375e-002,0.00000e+000,9.26758e-001,2.74390e+000,-3.41463e+000,-1.03659e+000
0.00000e+000,0.00000e+000,9.03320e-002,-9.76563e-004,9.25293e-001,2.80488e+000,-3.96341e+000,-1.46341e+000
0.00000e+000,0.00000e+000,8.69141e-002,-2.44141e-003,9.23340e-001,2.92683e+000,-3.96341e+000,-1.21951e+000
0.00000e+000,0.00000e+000,8.83789e-002,-2.44141e-003,9.21875e-001,2.98780e+000,-3.35366e+000,-1.09756e+000
0.00000e+000,0.00000e+000,8.83789e-002,-2.92969e-003,9.21875e-001,2.68293e+000,-3.78049e+000,-1.46341e+000
0.00000e+000,0.00000e+000,8.93555e-002,1.95313e-003,9.18457e-001,3.04878e+000,-3.71951e+000,-1.09756e+000
0.00000e+000,0.00000e+000,9.27734e-002,-4.88281e-003,9.18457e-001,2.68293e+000,-3.84146e+000,-9.75610e-001
0.00000e+000,0.00000e+000,8.93555e-002,-3.41797e-003,9.20410e-001,2.74390e+000,-3.78049e+000,-6.70732e-001
0.00000e+000,0.00000e+000,8.93555e-002,-3.90625e-003,9.20898e-001,2.68293e+000,-4.14634e+000,-7.31707e-001
0.00000e+000,0.00000e+000,8.59375e-002,-7.32422e-003,9.22852e-001,2.50000e+000,-4.20732e+000,-5.48781e-001
0.00000e+000,0.00000e+000,9.08203e-002,-9.76563e-003,9.22852e-001,2.56098e+000,-4.45122e+000,-7.92683e-001
0.00000e+000,0.00000e+000,9.03320e-002,-1.17188e-002,9.23340e-001,2.68293e+000,-4.20732e+000,-7.31707e-001
0.00000e+000,0.00000e+000,9.13086e-002,-7.81250e-003,9.19922e-001,2.68293e+000,-3.90244e+000,-7.31707e-001
0.00000e+000,0.00000e+000,8.98438e-002,-6.83594e-003,9.24805e-001,2.50000e+000,-4.14634e+000,-6.70732e-001
0.00000e+000,0.00000e+000,9.61914e-002,-9.76563e-003,9.19434e-001,2.56098e+000,-3.65854e+000,-6.70732e-001
0.00000e+000,0.00000e+000,9.37500e-002,-8.30078e-003,9.23340e-001,2.19512e+000,-3.35366e+000,-7.31707e-001
0.00000e+000,0.00000e+000,9.61914e-002,-1.31836e-002,9.25293e-001,2.68293e+000,-2.43902e+000,-7.31707e-001
0.00000e+000,0.00000e+000,9.66797e-002,-9.76563e-003,9.27734e-001,2.80488e+000,-2.37805e+000,-7.31707e-001
0.00000e+000,0.00000e+000,9.61914e-002,-4.88281e-003,9.26758e-001,2.92683e+000,-1.95122e+000,-9.75610e-001
0.00000e+000,0.00000e+000,9.76563e-002,4.88281e-004,9.26270e-001,2.56098e+000,-2.13415e+000,-6.70732e-001
0.00000e+000,0.00000e+000,9.81445e-002,3.90625e-003,9.26758e-001,2.68293e+000,-1.89024e+000,-7.92683e-001
0.00000e+000,0.00000e+000,9.13086e-002,3.41797e-003,9.28223e-001,2.37805e+000,-1.70732e+000,-1.03659e+000
0.00000e+000,0.00000e+000,9.57031e-002,1.95313e-003,9.33105e-001,2.68293e+000,-1.52439e+000,-9.75610e-001
0.00000e+000,0.00000e+000,9.47266e-002,-9.76563e-004,9.28711e-001,3.10976e+000,-1.58537e+000,-7.92683e-001
0.00000e+000,0.00000e+000,9.32617e-002,-1.46484e-003,9.28711e-001,2.13415e+000,-1.58537e+000,-7.92683e-001
0.00000e+000,0.00000e+000,8.59375e-002,-4.39453e-003,9.28711e-001,2.62195e+000,-1.03659e+000,-1.09756e+000
0.00000e+000,0.00000e+000,8.15430e-002,-4.39453e-003,9.24805e-001,2.92683e+000,-1.34146e+000,-8.53659e-001
0.00000e+000,0.00000e+000,7.76367e-002,-5.85938e-003,9.21875e-001,2.68293e+000,-2.25610e+000,-1.15854e+000
0.00000e+000,0.00000e+000,7.61719e-002,-5.37109e-003,9.20410e-001,2.50000e+000,-2.25610e+000,-1.21951e+000
0.00000e+000,0.00000e+000,6.98242e-002,-3.41797e-003,9.21387e-001,2.98780e+000,-2.86585e+000,-1.28049e+000
0.00000e+000,0.00000e+000,6.73828e-002,-2.92969e-003,9.15527e-001,2.80488e+000,-3.35366e+000,-1.40244e+000
0.00000e+000,0.00000e+000,6.83594e-002,-6.83594e-003,9.13574e-001,2.62195e+000,-3.65854e+000,-1.46341e+000
0.00000e+000,0.00000e+000,6.68945e-002,-8.78906e-003,9.10156e-001,2.74390e+000,-3.84146e+000,-1.21951e+000
0.00000e+000,0.00000e+000,6.73828e-002,-9.27734e-003,9.06738e-001,2.19512e+000,-4.63415e+000,-1.34146e+000
0.00000e+000,0.00000e+000,6.73828e-002,-6.34766e-003,9.08691e-001,2.74390e+000,-4.69512e+000,-1.09756e+000
0.00000e+000,0.00000e+000,7.66602e-002,-9.76563e-003,9.10645e-001,2.13415e+000,-5.24390e+000,-1.03659e+000
0.00000e+000,0.00000e+000,8.44727e-002,-1.31836e-002,9.07715e-001,2.13415e+000,-5.48780e+000,-9.75610e-001
0.00000e+000,0.00000e+000,8.34961e-002,-1.51367e-002,9.05762e-001,2.50000e+000,-5.67073e+000,-1.09756e+000
0.00000e+000,0.00000e+000,9.22852e-002,-1.61133e-002,9.13086e-001,2.43902e+000,-5.54878e+000,-1.09756e+000
0.00000e+000,0.00000e+000,9.76563e-002,-1.41602e-002,9.14551e-001,2.50000e+000,-5.42683e+000,-1.34146e+000
0.00000e+000,0.00000e+000,9.91211e-002,-1.66016e-002,9.15039e-001,2.37805e+000,-4.93902e+000,-1.58537e+000
0.00000e+000,0.00000e+000,1.02539e-001,-1.75781e-002,9.16992e-001,2.68293e+000,-4.02439e+000,-1.70732e+000
0.00000e+000,0.00000e+000,1.01563e-001,-1.61133e-002,9.18457e-001,2.25610e+000,-3.96341e+000,-1.76829e+000
0.00000e+000,0.00000e+000,1.00586e-001,-1.02539e-002,9.17480e-001,2.74390e+000,-3.47561e+000,-1.52439e+000
0.00000e+000,0.00000e+000,9.76563e-002,-6.34766e-003,9.16504e-001,2.74390e+000,-3.23171e+000,-1.21951e+000
0.00000e+000,0.00000e+000,9.76563e-002,-4.39453e-003,9.15527e-001,3.04878e+000,-2.50000e+000,-1.09756e+000
0.00000e+000,0.00000e+000,9.52148e-002,0.00000e+000,9.19434e-001,2.56098e+000,-2.68293e+000,-9.75610e-001
0.00000e+000,0.00000e+000,9.27734e-002,-4.39453e-003,9.19434e-001,2.86585e+000,-2.62195e+000,-7.92683e-001
0.00000e+000,0.00000e+000,9.81445e-002,-7.32422e-003,9.16504e-001,2.56098e+000,-2.92683e+000,-1.03659e+000
0.00000e+000,0.00000e+000,9.81445e-002,-9.27734e-003,9.18457e-001,2.62195e+000,-2.37805e+000,-7.31707e-001
0.00000e+000,0.00000e+000,1.04492e-001,-8.78906e-003,9.23340e-001,2.31707e+000,-2.80488e+000,-1.21951e+000
0.00000e+000,0.00000e+000,1.04492e-001,-1.07422e-002,9.22852e-001,2.56098e+000,-2.50000e+000,-1.40244e+000
0.00000e+000,0.00000e+000,1.01563e-001,-1.07422e-002,9.20898e-001,2.62195e+000,-2.31707e+000,-8.53659e-001
0.00000e+000,0.00000e+000,1.00586e-001,-1.26953e-002,9.22363e-001,2.68293e+000,-2.50000e+000,-9.75610e-001
0.00000e+000,0.00000e+000,1.01074e-001,-1.22070e-002,9.23340e-001,2.43902e+000,-2.62195e+000,-9.14634e-001
0.00000e+000,0.00000e+000,9.66797e-002,-7.32422e-003,9.20898e-001,2.50000e+000,-2.86585e+000,-1.15854e+000
0.00000e+000,0.00000e+000,9.27734e-002,-9.76563e-003,9.18945e-001,2.86585e+000,-2.98780e+000,-6.09756e-001
0.00000e+000,0.00000e+000,8.88672e-002,-9.76563e-003,9.18945e-001,3.04878e+000,-2.92683e+000,-7.92683e-001
0.00000e+000,0.00000e+000,8.88672e-002,-1.26953e-002,9.19922e-001,3.23171e+000,-2.74390e+000,-6.70732e-001
0.00000e+000,0.00000e+000,8.54492e-002,-9.76563e-003,9.17480e-001,2.74390e+000,-3.29268e+000,-6.70732e-001
0.00000e+000,0.00000e+000,8.69141e-002,-1.02539e-002,9.18457e-001,2.74390e+000,-3.47561e+000,-7.92683e-001
0.00000e+000,0.00000e+000,8.74023e-002,-1.17188e-002,9.18457e-001,2.86585e+000,-3.90244e+000,-6.70732e-001
0.00000e+000,0.00000e+000,8.93555e-002,-1.17188e-002,9.16504e-001,2.31707e+000,-4.57317e+000,-6.09756e-001
0.00000e+000,0.00000e+000,8.69141e-002,-1.12305e-002,9.11621e-001,2.86585e+000,-4.69512e+000,-6.09756e-001
0.00000e+000,0.00000e+000,9.17969e-002,-1.12305e-002,9.14063e-001,2.50000e+000,-4.87805e+000,-4.26829e-001
0.00000e+000,0.00000e+000,1.01074e-001,-1.22070e-002,9.13086e-001,2.62195e+000,-4.63415e+000,-4.26829e-001
0.00000e+000,0.00000e+000,1.03027e-001,-1.51367e-002,9.11621e-001,2.50000e+000,-4.63415e+000,-5.48781e-001
0.00000e+000,0.00000e+000,1.09863e-001,-1.56250e-002,9.11621e-001,2.50000e+000,-4.02439e+000,-9.14634e-001
0.00000e+000,0.00000e+000,1.08887e-001,-1.56250e-002,9.13086e-001,2.25610e+000,-3.71951e+000,-7.92683e-001
0.00000e+000,0.00000e+000,1.15723e-001,-1.61133e-002,9.15527e-001,2.19512e+000,-3.29268e+000,-7.31707e-001
0.00000e+000,0.00000e+000,1.13770e-001,-1.12305e-002,9.14551e-001,2.25610e+000,-2.92683e+000,-5.48781e-001
0.00000e+000,0.00000e+000,1.12305e-001,-1.46484e-002,9.16992e-001,2.56098e+000,-1.89024e+000,-8.53659e-001
0.00000e+000,0.00000e+000,1.13281e-001,-9.27734e-003,9.16992e-001,2.74390e+000,-1.46341e+000,-1.03659e+000
0.00000e+000,0.00000e+000,1.04980e-001,-6.83594e-003,9.16504e-001,2.92683e+000,-1.70732e+000,-1.03659e+000
-1.91348e-005,6.88182e-006,1.02051e-001,-6.34766e-003,9.18945e-001,2.92683e+000,-1.70732e+000,-9.75610e-001
-1.25887e-005,1.46029e-005,9.81445e-002,-8.30078e-003,9.15039e-001,2.86585e+000,-1.64634e+000,-1.15854e+000
-1.42672e-005,1.02388e-005,9.81445e-002,-5.37109e-003,9.15527e-001,2.92683e+000,-1.82927e+000,-1.15854e+000
-9.23171e-006,5.20333e-006,9.37500e-002,-7.32422e-003,9.17480e-001,2.62195e+000,-2.31707e+000,-1.03659e+000
-5.87472e-006,1.00710e-006,8.69141e-002,-1.22070e-002,9.16016e-001,2.98780e+000,-2.07317e+000,-1.03659e+000
-1.15816e-005,2.51774e-006,8.88672e-002,-1.36719e-002,9.14551e-001,2.80488e+000,-2.86585e+000,-7.31707e-001
-1.29244e-005,4.36408e-006,8.78906e-002,-1.17188e-002,9.15039e-001,2.92683e+000,-2.80488e+000,-6.09756e-001
-1.35958e-005,1.84634e-006,8.69141e-002,-1.22070e-002,9.19434e-001,2.92683e+000,-3.35366e+000,-8.53659e-001
-1.22530e-005,-8.39246e-007,8.69141e-002,-1.46484e-002,9.17480e-001,2.86585e+000,-3.71951e+000,-7.31707e-001
-1.39315e-005,1.17494e-006,8.83789e-002,-1.46484e-002,9.18457e-001,2.74390e+000,-3.71951e+000,-6.09756e-001
-1.22530e-005,3.52483e-006,8.44727e-002,-1.70898e-002,9.16992e-001,2.86585e+000,-3.71951e+000,-4.87805e-001
-1.15816e-005,4.36408e-006,8.64258e-002,-1.51367e-002,9.13574e-001,3.17073e+000,-3.78049e+000,-6.09756e-001
-1.51064e-005,3.02129e-006,8.83789e-002,-1.46484e-002,9.13086e-001,3.10976e+000,-4.20732e+000,-2.43902e-001
-1.77920e-005,1.84634e-006,9.13086e-002,-1.46484e-002,9.15039e-001,3.17073e+000,-4.02439e+000,6.09756e-002
-1.61135e-005,4.53193e-006,9.13086e-002,-2.00195e-002,9.12109e-001,2.92683e+000,-4.08537e+000,-1.21951e-001
-1.62814e-005,6.21042e-006,9.32617e-002,-2.09961e-002,9.10645e-001,3.35366e+000,-3.84146e+000,0.00000e+000
-1.69528e-005,-8.39246e-007,1.03027e-001,-2.14844e-002,9.12598e-001,2.86585e+000,-3.29268e+000,-1.21951e-001
-1.56100e-005,-3.02129e-006,1.04492e-001,-1.95313e-002,9.15039e-001,3.10976e+000,-3.17073e+000,-4.26829e-001
-1.59457e-005,-6.54612e-006,1.11328e-001,-1.90430e-002,9.17969e-001,3.47561e+000,-2.37805e+000,-6.09756e-002
-1.66171e-005,-1.22530e-005,1.09375e-001,-1.95313e-002,9.16504e-001,3.29268e+000,-1.89024e+000,-1.21951e-001
-1.79599e-005,-1.66171e-005,1.03516e-001,-1.12305e-002,9.17969e-001,3.41463e+000,-1.21951e+000,-4.87805e-001
-1.82956e-005,-1.56100e-005,1.05469e-001,-1.41602e-002,9.18945e-001,3.47561e+000,-1.15854e+000,-4.26829e-001
-1.64492e-005,-8.39246e-007,9.71680e-002,-1.22070e-002,9.23340e-001,3.47561e+000,-6.09756e-001,-3.04878e-001
-1.66171e-005,5.87472e-006,9.47266e-002,-9.76563e-003,9.20898e-001,3.47561e+000,-7.31707e-001,-1.21951e-001
-1.76242e-005,2.85344e-006,8.98438e-002,-1.17188e-002,9.26758e-001,3.71951e+000,-6.09756e-001,-5.48781e-001
-1.59457e-005,-5.53903e-006,8.59375e-002,-1.51367e-002,9.23828e-001,3.41463e+000,-1.09756e+000,-5.48781e-001
-1.12459e-005,-5.20333e-006,7.95898e-002,-1.51367e-002,9.21387e-001,3.71951e+000,-1.58537e+000,-4.26829e-001
-1.40993e-005,-1.51064e-006,8.25195e-002,-1.95313e-002,9.21387e-001,3.90244e+000,-1.95122e+000,-6.09756e-001
-1.35958e-005,-5.53903e-006,7.91016e-002,-1.66016e-002,9.22852e-001,3.41463e+000,-2.50000e+000,-4.87805e-001
-1.15816e-005,-4.86763e-006,7.81250e-002,-1.56250e-002,9.21387e-001,3.47561e+000,-2.98780e+000,-5.48781e-001
-1.22530e-005,-9.23171e-006,7.76367e-002,-1.70898e-002,9.19922e-001,3.35366e+000,-3.59756e+000,-9.14634e-001
-1.44350e-005,-6.21042e-006,7.86133e-002,-1.56250e-002,9.16016e-001,3.10976e+000,-3.84146e+000,-6.09756e-001
-1.62814e-005,-4.19623e-006,7.76367e-002,-1.51367e-002,9.15039e-001,2.98780e+000,-4.51220e+000,-3.04878e-001
-1.74563e-005,-9.06386e-006,7.95898e-002,-1.56250e-002,9.14063e-001,3.04878e+000,-4.93902e+000,-6.09756e-001
-1.61135e-005,-1.42672e-005,7.61719e-002,-1.17188e-002,9.14063e-001,2.74390e+000,-5.30488e+000,-7.92683e-001
-1.37636e-005,-1.66171e-005,8.10547e-002,-1.41602e-002,9.14551e-001,2.31707e+000,-6.09756e+000,-6.09756e-001
-1.29244e-005,-1.30922e-005,8.64258e-002,-1.75781e-002,9.16504e-001,2.50000e+000,-6.03659e+000,-5.48781e-001
-1.24208e-005,-3.52483e-006,9.03320e-002,-1.66016e-002,9.11621e-001,2.07317e+000,-5.97561e+000,-6.09756e-001
-1.17494e-005,1.76242e-005,9.37500e-002,-2.05078e-002,9.09180e-001,2.07317e+000,-6.09756e+000,-4.87805e-001
-1.19173e-005,1.15816e-005,1.00586e-001,-2.00195e-002,9.11621e-001,1.95122e+000,-5.42683e+000,-4.87805e-001
-1.04067e-005,8.56031e-006,1.05957e-001,-2.09961e-002,9.13574e-001,1.70732e+000,-5.42683e+000,-4.26829e-001
-1.22530e-005,4.69978e-006,1.10840e-001,-2.34375e-002,9.22852e-001,2.25610e+000,-4.69512e+000,-5.48781e-001
-1.34279e-005,-1.46029e-005,1.16211e-001,-2.34375e-002,9.28223e-001,1.95122e+000,-4.26829e+000,-7.92683e-001
-1.42672e-005,-3.84375e-005,1.38184e-001,-2.44141e-002,9.40430e-001,2.62195e+000,-2.31707e+000,-1.09756e+000
-1.32601e-005,-5.60616e-005,1.46973e-001,-2.58789e-002,9.50195e-001,3.29268e+000,-4.87805e-001,-1.76829e+000
-1.49386e-005,-6.14328e-005,1.68457e-001,-2.68555e-002,9.68750e-001,5.00000e+000,2.80488e+000,-1.40244e+000
-1.64492e-005,-3.25628e-005,1.98242e-001,-3.66211e-002,9.76074e-001,6.28049e+000,4.45122e+000,-1.52439e+000
-1.77920e-005,-2.09812e-005,2.17285e-001,-3.61328e-002,9.84375e-001,8.41463e+000,8.96342e+000,-1.28049e+000
-1.62814e-005,-3.03807e-005,2.55371e-001,-4.88281e-002,9.84863e-001,1.00610e+001,1.28659e+001,-1.15854e+000
-1.62814e-005,6.71397e-006,2.68555e-001,-5.95703e-002,9.86328e-001,1.34756e+001,2.21951e+001,-1.21951e+000
-1.79599e-005,4.81727e-005,2.94922e-001,-8.10547e-002,8.47656e-001,1.62805e+001,2.65244e+001,-1.28049e+000
-1.79599e-005,5.28725e-005,3.06641e-001,-7.86133e-002,7.54883e-001,2.07927e+001,3.29268e+001,-3.10976e+000
-1.56100e-005,5.89151e-005,3.17871e-001,-7.03125e-002,6.12305e-001,2.12805e+001,3.66463e+001,-4.75610e+000
-1.51064e-005,4.85084e-005,2.97852e-001,-6.10352e-002,5.30273e-001,1.68293e+001,4.46951e+001,-1.00000e+001
-1.77920e-005,6.88182e-005,2.56836e-001,-1.04980e-001,4.82910e-001,1.42683e+001,5.37195e+001,-1.62805e+001
-1.74563e-005,6.96574e-005,2.26563e-001,-1.04492e-001,4.43359e-001,1.50000e+001,6.09146e+001,-1.87195e+001
-1.22530e-005,3.57519e-005,1.72363e-001,-1.06934e-001,4.15527e-001,1.51829e+001,7.46951e+001,-2.17683e+001
-1.49386e-005,-8.39246e-007,1.35254e-001,-1.03516e-001,3.92578e-001,1.64634e+001,8.02439e+001,-2.28049e+001
-1.59457e-005,-2.16526e-005,5.56641e-002,-9.37500e-002,3.63770e-001,1.73780e+001,8.25000e+001,-2.32317e+001
-1.49386e-005,-2.45060e-005,8.30078e-003,-8.00781e-002,3.58887e-001,1.71951e+001,8.15854e+001,-2.31098e+001
-1.04067e-005,-1.98062e-005,-1.28906e-001,-5.17578e-002,3.89160e-001,1.43293e+001,7.41463e+001,-2.20122e+001
-1.05745e-005,-1.39315e-005,-2.13867e-001,-3.95508e-002,4.28223e-001,1.19512e+001,6.65244e+001,-2.18902e+001
-1.17494e-005,-4.19623e-005,-4.04297e-001,-2.09961e-002,5.28320e-001,6.64634e+000,4.84756e+001,-2.20122e+001
-1.29244e-005,-4.96834e-005,-5.04395e-001,-1.36719e-002,6.00098e-001,3.90244e+000,3.90854e+001,-2.24390e+001
-1.15816e-005,3.97803e-005,-6.82617e-001,1.22070e-002,7.82715e-001,-1.76829e+000,2.15854e+001,-2.16463e+001
-1.19173e-005,7.36858e-005,-7.43164e-001,2.34375e-002,8.89160e-001,-4.14634e+000,1.42683e+001,-2.04878e+001
-1.05745e-005,4.69978e-006,-7.72461e-001,6.34766e-002,1.08691e+000,-8.04878e+000,1.89024e+000,-1.62195e+001
-1.04067e-005,-1.89670e-005,-6.53320e-001,1.19629e-001,1.22852e+000,-1.00610e+001,-3.53659e+000,-1.36585e+001
-1.30922e-005,-9.56741e-006,-5.41992e-001,1.47461e-001,1.28467e+000,-1.56098e+001,-1.42073e+001,-8.04878e+000
-1.42672e-005,3.18914e-006,-2.68555e-001,2.01660e-001,1.38574e+000,-1.86585e+001,-1.98780e+001,-5.18293e+000
-1.15816e-005,-2.18204e-006,-1.16699e-001,2.16309e-001,1.43408e+000,-2.51829e+001,-2.93293e+001,1.09756e+000
-1.29244e-005,-1.39315e-005,2.03613e-001,2.21191e-001,1.54736e+000,-2.76220e+001,-3.14024e+001,4.93902e+000
-1.35958e-005,-1.79599e-005,3.59863e-001,2.10938e-001,1.58740e+000,-3.02439e+001,-3.10366e+001,1.24390e+001
-1.52743e-005,-7.88891e-006,6.43066e-001,1.62598e-001,1.61621e+000,-3.04268e+001,-2.93293e+001,1.59756e+001
-1.71206e-005,5.70687e-006,7.47070e-001,1.32813e-001,1.59375e+000,-2.84146e+001,-2.55488e+001,1.96951e+001
-1.89670e-005,-1.30922e-005,8.67676e-001,6.68945e-002,1.48975e+000,-2.69512e+001,-2.33537e+001,1.95122e+001
-1.62814e-005,-2.01419e-005,8.78418e-001,3.51563e-002,1.41260e+000,-2.63415e+001,-2.20732e+001,1.88415e+001
-1.37636e-005,-2.06455e-005,8.06152e-001,-2.19727e-002,1.23291e+000,-2.46951e+001,-1.70122e+001,1.82317e+001
-1.59457e-005,-2.45060e-005,7.45605e-001,-4.15039e-002,1.13037e+000,-2.39634e+001,-1.39634e+001,1.82317e+001
-1.49386e-005,-2.70237e-005,5.99121e-001,-7.66602e-002,9.22852e-001,-1.96951e+001,-4.63415e+000,1.91463e+001
-1.09102e-005,-2.71916e-005,5.18555e-001,-9.81445e-002,8.18848e-001,-1.74390e+001,4.26829e-001,1.96951e+001
-1.14137e-005,-1.82956e-005,3.40332e-001,-1.28906e-001,6.53320e-001,-1.26829e+001,9.08537e+000,2.17683e+001
-1.19173e-005,-2.85344e-006,2.65137e-001,-1.46484e-001,6.11816e-001,-1.01220e+001,1.34146e+001,2.38415e+001
-1.62814e-005,1.05745e-005,1.64551e-001,-1.74316e-001,5.81055e-001,-4.02439e+000,2.54878e+001,3.01220e+001
-1.72885e-005,3.86053e-006,1.41602e-001,-1.79199e-001,5.88867e-001,-5.48781e-001,3.29878e+001,3.32317e+001
-1.79599e-005,1.17494e-006,1.56738e-001,-1.69434e-001,6.80664e-001,5.60976e+000,5.17683e+001,4.04268e+001
-1.86313e-005,-2.18204e-006,1.97266e-001,-1.47949e-001,7.73926e-001,8.41463e+000,6.12195e+001,4.35976e+001
-1.62814e-005,-1.25887e-005,2.85156e-001,-7.12891e-002,9.75586e-001,1.14634e+001,7.04268e+001,4.31098e+001
-1.66171e-005,-1.93027e-005,2.90039e-001,3.80859e-002,1.10596e+000,1.26220e+001,6.81098e+001,3.92073e+001
-1.49386e-005,-1.67849e-005,2.55371e-001,8.64258e-002,1.12939e+000,1.29878e+001,5.43293e+001,2.69512e+001
-1.49386e-005,-1.84634e-006,1.18652e-001,1.32813e-001,1.09521e+000,1.29268e+001,4.68293e+001,2.10976e+001
-1.44350e-005,7.88891e-006,3.12500e-002,1.32813e-001,1.04883e+000,1.24390e+001,3.31707e+001,1.17683e+001
-1.49386e-005,-1.84634e-006,-1.80664e-001,8.10547e-002,9.33105e-001,1.29268e+001,2.68902e+001,8.65854e+000
-1.29244e-005,-1.44350e-005,-2.83203e-001,4.29688e-002,8.87695e-001,1.44512e+001,1.50610e+001,6.40244e+000
-8.72816e-006,-1.46029e-005,-4.66309e-001,-2.53906e-002,8.37402e-001,1.51220e+001,8.41463e+000,7.01220e+000
-1.27565e-005,-7.38537e-006,-5.30762e-001,-5.02930e-002,8.27637e-001,1.74390e+001,-5.60976e+000,1.17683e+001
-1.42672e-005,-8.39246e-007,-5.73730e-001,-8.15430e-002,8.16895e-001,1.89634e+001,-1.82927e+001,2.01829e+001
-1.42672e-005,8.39246e-007,-5.51270e-001,-9.03320e-002,8.19336e-001,1.87805e+001,-2.38415e+001,2.41463e+001
-1.12459e-005,-2.18204e-006,-4.27246e-001,-9.91211e-002,8.45703e-001,1.70122e+001,-3.39024e+001,3.00610e+001
-1.19173e-005,-5.87472e-006,-3.37402e-001,-9.66797e-002,8.70605e-001,1.61585e+001,-3.79878e+001,3.15244e+001
-1.22530e-005,-1.05745e-005,-1.45020e-001,-8.78906e-002,9.17969e-001,1.42073e+001,-4.31707e+001,3.17073e+001
-1.05745e-005,-1.74563e-005,-5.17578e-002,-8.39844e-002,9.48730e-001,1.33537e+001,-4.44512e+001,3.07317e+001
-1.15816e-005,-8.39246e-006,1.01074e-001,-6.78711e-002,9.96094e-001,1.25610e+001,-4.48780e+001,2.79268e+001
-1.09102e-005,1.22530e-005,1.62109e-001,-5.76172e-002,1.00684e+000,1.20732e+001,-4.36585e+001,2.60976e+001
-1.19173e-005,9.23171e-006,2.24609e-001,-3.36914e-002,1.01807e+000,1.12805e+001,-4.14634e+001,2.21951e+001
-1.04067e-005,3.18914e-006,2.41211e-001,-1.61133e-002,1.01074e+000,1.17073e+001,-3.96951e+001,2.08537e+001
-1.02388e-005,1.67849e-007,2.35840e-001,2.44141e-003,9.84375e-001,1.17073e+001,-3.48171e+001,1.80488e+001
-1.35958e-005,-1.10781e-005,2.20215e-001,9.76563e-003,9.64355e-001,1.20122e+001,-3.16463e+001,1.70122e+001
-1.49386e-005,-1.12459e-005,1.79199e-001,1.41602e-002,9.07715e-001,1.26829e+001,-2.53659e+001,1.53049e+001
-1.89670e-005,-8.39246e-007,1.34277e-001,1.85547e-002,8.46191e-001,1.25610e+001,-2.23780e+001,1.41463e+001
-1.62814e-005,8.39246e-007,1.05957e-001,1.90430e-002,8.27148e-001,1.16463e+001,-1.79268e+001,1.22561e+001
-1.15816e-005,6.21042e-006,5.61523e-002,1.75781e-002,8.02734e-001,1.14634e+001,-1.58537e+001,1.14024e+001
-1.35958e-005,7.21752e-006,3.22266e-002,1.02539e-002,7.95898e-001,1.03659e+001,-1.26220e+001,1.03049e+001
-1.57778e-005,-2.85344e-006,4.88281e-003,3.41797e-003,8.11035e-001,9.14634e+000,-1.12805e+001,1.01220e+001
-1.35958e-005,-1.42672e-005,-5.85938e-003,4.88281e-004,8.23730e-001,7.07317e+000,-7.74390e+000,1.04878e+001
-1.62814e-005,-5.53903e-006,6.83594e-003,-4.39453e-003,8.70605e-001,6.21951e+000,-6.09756e+000,1.08537e+001
-1.42672e-005,2.34989e-006,1.85547e-002,-9.76563e-004,9.04297e-001,4.08537e+000,-2.74390e+000,1.07317e+001
-8.22461e-006,-5.03548e-007,4.49219e-002,9.76563e-003,9.74121e-001,1.76829e+000,-7.92683e-001,1.03049e+001
-8.39246e-006,-2.85344e-006,5.46875e-002,1.36719e-002,1.00342e+000,3.65854e-001,-3.65854e-001,1.01220e+001
-1.32601e-005,-5.03548e-006,6.98242e-002,1.95313e-002,1.03467e+000,-1.52439e+000,-1.40244e+000,9.26829e+000
-1.25887e-005,-3.52483e-006,6.68945e-002,2.44141e-002,1.02783e+000,-2.74390e+000,-3.29268e+000,8.35366e+000
-1.12459e-005,1.67849e-007,6.10352e-002,2.14844e-002,1.00830e+000,-4.69512e+000,-7.86585e+000,7.13415e+000
-1.25887e-005,-9.90310e-006,5.85938e-002,2.44141e-002,9.93164e-001,-5.97561e+000,-1.02439e+001,6.64634e+000
-1.30922e-005,-2.06455e-005,4.88281e-002,6.83594e-003,9.81445e-001,-7.43902e+000,-1.26829e+001,5.67073e+000
-1.56100e-005,-1.52743e-005,4.98047e-002,5.37109e-003,9.72656e-001,-7.86585e+000,-1.32317e+001,5.24390e+000
-1.22530e-005,-1.14137e-005,5.22461e-002,1.95313e-003,9.81934e-001,-8.78049e+000,-1.39634e+001,4.45122e+000
-1.12459e-005,-1.49386e-005,5.81055e-002,-1.95313e-003,1.00488e+000,-9.39024e+000,-1.44512e+001,4.02439e+000
-1.19173e-005,-1.89670e-005,8.59375e-002,-4.39453e-003,1.05762e+000,-9.51220e+000,-1.32317e+001,3.04878e+000
-1.09102e-005,-1.00710e-006,1.03027e-001,-1.46484e-003,1.08252e+000,-8.84146e+000,-1.23171e+001,2.43902e+000
-1.15816e-005,3.13878e-005,1.37695e-001,-1.95313e-003,1.12695e+000,-8.59756e+000,-1.15244e+001,1.40244e+000
-1.44350e-005,3.74304e-005,1.47949e-001,9.76563e-004,1.18311e+000,-8.29268e+000,-1.10366e+001,7.31707e-001
-1.40993e-005,-4.53193e-006,1.46973e-001,-4.39453e-003,1.21582e+000,-7.25610e+000,-1.15244e+001,-5.48781e-001
-1.25887e-005,-1.72885e-005,1.29395e-001,-8.78906e-003,1.23340e+000,-6.15854e+000,-1.26829e+001,-1.03659e+000
-1.49386e-005,5.03548e-007,1.06934e-001,-1.07422e-002,1.23047e+000,-3.90244e+000,-1.54878e+001,-2.25610e+000
-1.52743e-005,1.37636e-005,6.20117e-002,-1.12305e-002,1.22949e+000,-3.65854e+000,-1.64024e+001,-2.62195e+000
-1.56100e-005,4.86763e-006,4.29688e-002,-2.88086e-002,1.22803e+000,-3.71951e+000,-1.64024e+001,-2.80488e+000
-1.62814e-005,-5.03548e-007,2.29492e-002,-5.02930e-002,1.14600e+000,-2.80488e+000,-1.59146e+001,-2.13415e+000
-1.35958e-005,3.52483e-006,9.76563e-003,-5.27344e-002,1.08545e+000,-7.31707e-001,-2.04268e+001,-2.50000e+000
-1.71206e-005,6.54612e-006,-2.53906e-002,-5.66406e-002,1.00195e+000,2.43902e-001,-2.45122e+001,-4.75610e+000
-1.99741e-005,8.39246e-006,-4.05273e-002,-6.00586e-002,9.95117e-001,3.04878e-001,-2.35366e+001,-5.54878e+000
-1.76242e-005,9.56741e-006,-3.27148e-002,-6.64063e-002,1.04297e+000,6.70732e-001,-1.71341e+001,-6.46341e+000
-1.34279e-005,-2.18204e-006,1.46484e-003,-6.44531e-002,1.07031e+000,1.95122e+000,-1.22561e+001,-6.82927e+000
-1.64492e-005,-3.00450e-005,1.10352e-001,-5.71289e-002,1.11328e+000,4.63415e+000,-1.76829e+000,-7.92683e+000
-1.93027e-005,-4.34730e-005,1.70410e-001,-5.71289e-002,1.12695e+000,6.28049e+000,4.32927e+000,-8.65854e+000
-2.23239e-005,-3.64233e-005,2.79785e-001,-4.34570e-002,1.12500e+000,9.45122e+000,1.40854e+001,-9.87805e+000
-1.82956e-005,-2.21561e-005,3.25684e-001,-3.80859e-002,1.11230e+000,1.09756e+001,1.77439e+001,-1.03049e+001
-1.89670e-005,-9.90310e-006,3.69141e-001,-2.97852e-002,1.07373e+000,1.38415e+001,2.23780e+001,-1.14024e+001
-1.72885e-005,-2.34989e-006,3.70117e-001,-2.29492e-002,1.05127e+000,1.48171e+001,2.32927e+001,-1.16463e+001
-1.42672e-005,8.39246e-007,3.15430e-001,-3.41797e-003,1.04346e+000,1.59146e+001,2.40854e+001,-1.32317e+001
-1.59457e-005,2.53452e-005,2.66602e-001,5.85938e-003,1.04053e+000,1.57317e+001,2.36585e+001,-1.32317e+001
-1.49386e-005,5.65652e-005,1.51367e-001,2.39258e-002,1.04834e+000,1.56707e+001,2.09756e+001,-1.29878e+001
-1.30922e-005,5.62295e-005,2.14844e-002,2.49023e-002,1.07178e+000,1.47561e+001,1.98780e+001,-1.25610e+001
-1.49386e-005,2.51774e-006,-4.68750e-002,2.34375e-002,1.08838e+000,1.35366e+001,1.64024e+001,-1.09756e+001
-1.77920e-005,-7.55322e-006,-1.71387e-001,1.26953e-002,1.07764e+000,1.32317e+001,1.29268e+001,-9.75610e+000
-1.76242e-005,-1.84634e-006,-2.16797e-001,4.88281e-003,1.04736e+000,1.29878e+001,2.74390e+000,-8.41463e+000
-1.62814e-005,-1.62814e-005,-2.96387e-001,-1.66016e-002,9.63867e-001,1.25610e+001,-3.96341e+000,-8.71951e+000
-1.39315e-005,-2.58488e-005,-3.24219e-001,-3.46680e-002,9.06250e-001,1.27439e+001,-1.50610e+001,-1.00000e+001
-1.59457e-005,-3.10521e-005,-3.61816e-001,-8.20313e-002,7.00195e-001,1.36585e+001,-1.75000e+001,-1.08537e+001
-1.22530e-005,-3.77661e-005,-3.57422e-001,-1.07910e-001,5.65430e-001,1.74390e+001,-1.50000e+001,-1.18293e+001
-1.15816e-005,-3.65911e-005,-3.08105e-001,-1.72363e-001,3.35449e-001,2.14634e+001,-4.08537e+000,-1.21341e+001
-1.30922e-005,-1.72885e-005,-2.60254e-001,-2.07031e-001,2.50977e-001,2.25610e+001,2.50000e+000,-1.18902e+001
-1.89670e-005,2.38346e-005,-1.14258e-001,-2.52930e-001,2.03613e-001,2.33537e+001,1.26220e+001,-1.14024e+001
-1.99741e-005,6.49577e-005,-4.39453e-003,-2.53906e-001,2.49023e-001,2.30488e+001,1.65854e+001,-1.06707e+001
-2.11490e-005,6.42863e-005,2.65137e-001,-1.90430e-001,4.73145e-001,2.24390e+001,2.89024e+001,-1.02439e+001
-1.79599e-005,2.83665e-005,4.03809e-001,-1.34766e-001,6.09375e-001,2.29878e+001,3.76220e+001,-1.17683e+001
-1.05745e-005,-4.19623e-006,6.32813e-001,-1.02539e-002,8.21289e-001,2.60976e+001,5.52439e+001,-1.76829e+001
-1.22530e-005,-1.99741e-005,7.13379e-001,4.88281e-002,8.75977e-001,2.81707e+001,6.21951e+001,-2.14634e+001
-1.15816e-005,-3.37377e-005,7.76855e-001,1.61621e-001,8.79883e-001,3.00610e+001,7.07927e+001,-2.95122e+001
-1.17494e-005,-1.96384e-005,7.45117e-001,2.02637e-001,8.48633e-001,2.88415e+001,7.25610e+001,-3.23780e+001
-8.22461e-006,1.02388e-005,5.62012e-001,2.50488e-001,7.84180e-001,2.45122e+001,7.52439e+001,-3.61585e+001
-8.56031e-006,3.20592e-005,4.33105e-001,2.55859e-001,7.80273e-001,2.10976e+001,7.71341e+001,-3.65854e+001
-1.05745e-005,3.59197e-005,1.46973e-001,2.14844e-001,8.30078e-001,1.44512e+001,8.22561e+001,-3.60976e+001
-1.09102e-005,2.70237e-005,-8.83789e-002,1.31836e-001,8.67188e-001,1.26220e+001,8.60366e+001,-3.56707e+001
-1.22530e-005,2.51774e-006,-1.79688e-001,8.74023e-002,8.46680e-001,1.43902e+001,9.25610e+001,-3.43293e+001
-1.02388e-005,-1.57778e-005,-3.08105e-001,-2.92969e-003,7.44141e-001,1.59146e+001,9.31098e+001,-3.37805e+001
-9.23171e-006,-1.49386e-005,-3.55957e-001,-3.80859e-002,6.82617e-001,1.87195e+001,8.70122e+001,-3.44512e+001
-1.19173e-005,-1.52743e-005,-4.48730e-001,-7.91016e-002,5.51270e-001,2.00610e+001,8.14634e+001,-3.47561e+001
-1.05745e-005,-2.36667e-005,-4.86816e-001,-9.17969e-002,5.12695e-001,2.04878e+001,6.69512e+001,-3.42073e+001
-1.22530e-005,-2.24918e-005,-5.31250e-001,-1.07910e-001,5.15625e-001,1.96341e+001,5.94512e+001,-3.32317e+001
-1.19173e-005,-1.56100e-005,-5.41504e-001,-1.08398e-001,5.55176e-001,1.78659e+001,4.68902e+001,-3.12805e+001
-1.22530e-005,-2.06455e-005,-5.37109e-001,-1.01074e-001,6.32324e-001,1.62195e+001,3.60976e+001,-2.77439e+001
-1.09102e-005,-1.52743e-005,-5.14160e-001,-8.54492e-002,6.67969e-001,1.52439e+001,3.06707e+001,-2.54878e+001
-8.39246e-006,-1.62814e-005,-4.46777e-001,-5.17578e-002,6.95801e-001,1.28659e+001,1.95732e+001,-2.01829e+001
-1.51064e-005,-2.45060e-005,-4.01855e-001,-3.17383e-002,6.92871e-001,1.18293e+001,1.37195e+001,-1.73171e+001
-1.27565e-005,-1.24208e-005,-2.99805e-001,7.81250e-003,6.94824e-001,8.84146e+000,1.09756e+000,-1.16463e+001
-1.15816e-005,-4.36408e-006,-2.46582e-001,3.07617e-002,7.03125e-001,7.31707e+000,-4.81707e+000,-8.84146e+000
-1.12459e-005,6.54612e-006,-1.53809e-001,6.83594e-002,7.35840e-001,2.37805e+000,-1.59146e+001,-4.93902e+000
-1.09102e-005,3.37377e-005,-1.08398e-001,8.30078e-002,7.48047e-001,1.82927e-001,-2.01220e+001,-3.65854e+000
-1.40993e-005,1.69528e-005,-1.66016e-002,1.08887e-001,8.01270e-001,-4.45122e+000,-2.76829e+001,-2.01220e+000
-1.69528e-005,-1.93027e-005,3.07617e-002,1.14746e-001,8.22266e-001,-6.34146e+000,-3.14024e+001,-2.01220e+000
-1.29244e-005,-2.63523e-005,1.11816e-001,1.25000e-001,8.22754e-001,-1.05488e+001,-3.77439e+001,-2.13415e+000
-1.35958e-005,-9.56741e-006,1.32813e-001,1.25977e-001,8.15918e-001,-1.33537e+001,-4.10976e+001,-2.56098e+000
-2.18204e-005,-6.71397e-007,1.49902e-001,1.13281e-001,8.14941e-001,-1.93902e+001,-5.00000e+001,-2.19512e+000
-2.01419e-005,-9.56741e-006,1.28418e-001,9.22852e-002,8.28125e-001,-2.21341e+001,-5.58537e+001,-1.89024e+000
-1.66171e-005,-2.23239e-005,1.06445e-001,7.71484e-002,8.22266e-001,-2.62195e+001,-6.77439e+001,-7.31707e-001
-1.56100e-005,-2.93736e-005,4.63867e-002,5.27344e-002,8.42773e-001,-2.74390e+001,-7.26829e+001,-4.26829e-001
-1.30922e-005,-2.93736e-005,1.46484e-003,4.15039e-002,8.82813e-001,-2.89024e+001,-8.01829e+001,-6.09756e-002
-1.35958e-005,-2.13169e-005,-1.00586e-001,1.85547e-002,9.88281e-001,-2.99390e+001,-8.15244e+001,1.21951e-001
-1.27565e-005,-1.02388e-005,-1.29883e-001,8.30078e-003,1.04150e+000,-3.21341e+001,-7.56098e+001,1.28049e+000
-1.39315e-005,-2.18204e-006,-1.39648e-001,-1.07422e-002,1.12061e+000,-3.17073e+001,-6.82927e+001,3.29268e+000
-1.30922e-005,7.38537e-006,-1.22070e-001,-1.36719e-002,1.12646e+000,-2.95732e+001,-5.39634e+001,7.31707e+000
-1.02388e-005,4.86763e-006,-5.90820e-002,-1.66016e-002,1.09424e+000,-2.78659e+001,-4.57927e+001,1.39024e+001
-1.35958e-005,2.68559e-006,-2.53906e-002,-1.90430e-002,1.07373e+000,-2.75000e+001,-4.35976e+001,1.83537e+001
-1.59457e-005,3.69268e-006,8.25195e-002,-2.39258e-002,1.07764e+000,-2.54878e+001,-3.77439e+001,2.89634e+001
-1.39315e-005,6.54612e-006,1.50391e-001,-4.15039e-002,1.10693e+000,-2.33537e+001,-3.24390e+001,3.46341e+001
-1.82956e-005,6.88182e-006,3.05664e-001,-6.59180e-002,1.13086e+000,-1.64024e+001,-1.95732e+001,4.73171e+001
-1.35958e-005,3.18914e-006,3.67188e-001,-6.49414e-002,1.15674e+000,-1.40854e+001,-1.59146e+001,5.27439e+001
-1.39315e-005,3.86053e-006,4.57031e-001,-3.41797e-002,1.27490e+000,-1.06707e+001,-2.68293e+001,5.85976e+001
-1.82956e-005,6.54612e-006,4.77051e-001,-3.90625e-003,1.35986e+000,-8.23171e+000,-3.92683e+001,5.71951e+001
-1.46029e-005,5.87472e-006,4.06738e-001,5.81055e-002,1.43994e+000,-1.34146e+000,-6.72561e+001,4.97561e+001
-1.30922e-005,-1.67849e-006,3.23730e-001,9.08203e-002,1.43896e+000,1.15854e+000,-8.18293e+001,4.54268e+001
-1.62814e-005,-4.19623e-006,5.02930e-002,1.31836e-001,1.35400e+000,5.79268e+000,-1.08659e+002,3.67683e+001
-1.49386e-005,1.17494e-006,-1.02539e-001,1.30859e-001,1.26221e+000,8.17073e+000,-1.17134e+002,3.35976e+001
-1.25887e-005,-1.17494e-006,-3.07129e-001,8.00781e-002,1.03564e+000,1.41463e+001,-1.15061e+002,3.40854e+001
-1.35958e-005,-7.88891e-006,-3.39844e-001,-2.09961e-002,8.19336e-001,1.75610e+001,-1.07012e+002,3.68293e+001
-1.59457e-005,-1.56100e-005,-3.22754e-001,-7.95898e-002,7.29980e-001,2.34146e+001,-8.64024e+001,4.35976e+001
-1.72885e-005,-2.33310e-005,-2.43164e-001,-1.71875e-001,5.86426e-001,2.65854e+001,-7.53049e+001,4.75000e+001
-2.09812e-005,-3.32342e-005,-1.74805e-001,-2.01172e-001,5.40039e-001,3.14024e+001,-5.35366e+001,5.60366e+001
-1.98062e-005,-2.90379e-005,-9.27734e-003,-2.06543e-001,5.42480e-001,3.21341e+001,-4.31098e+001,5.96341e+001
-1.76242e-005,-4.19623e-006,8.93555e-002,-1.81152e-001,5.89355e-001,3.09756e+001,-2.34146e+001,6.64634e+001
-1.71206e-005,3.37377e-005,3.05176e-001,-1.40625e-001,7.55859e-001,2.87195e+001,-1.41463e+001,6.93902e+001
-1.69528e-005,6.49577e-005,4.16016e-001,-1.18652e-001,8.33984e-001,2.56707e+001,2.80488e+000,7.32927e+001
-1.64492e-005,5.72366e-005,6.17676e-001,-8.78906e-002,9.51172e-001,2.36585e+001,1.84756e+001,7.29268e+001
-1.42672e-005,1.62814e-005,7.02637e-001,-7.17773e-002,9.75586e-001,2.32317e+001,2.56707e+001,7.06098e+001
-1.56100e-005,-6.12650e-005,8.08594e-001,-4.98047e-002,9.57031e-001,2.29878e+001,3.84756e+001,6.37805e+001
-1.89670e-005,-4.01160e-005,8.16406e-001,-3.17383e-002,9.23340e-001,2.32927e+001,4.38415e+001,5.95732e+001
-1.72885e-005,2.09812e-005,7.48047e-001,-5.85938e-003,8.64746e-001,2.20122e+001,5.18902e+001,5.09146e+001
-1.94705e-005,3.34020e-005,6.78223e-001,1.46484e-003,8.51074e-001,2.24390e+001,5.70122e+001,4.69512e+001
-1.84634e-005,3.03807e-005,5.02930e-001,1.07422e-002,8.05176e-001,2.26220e+001,6.87805e+001,3.98780e+001
-1.30922e-005,1.40993e-005,4.05762e-001,1.07422e-002,7.90039e-001,2.21341e+001,7.32317e+001,3.65854e+001
-1.67849e-005,-4.53193e-006,2.31445e-001,6.83594e-003,7.87598e-001,1.99390e+001,7.86585e+001,3.05488e+001
-1.59457e-005,-2.53452e-005,1.46973e-001,6.34766e-003,8.03711e-001,1.85366e+001,8.00000e+001,2.78049e+001
-1.32601e-005,-2.66880e-005,1.56250e-002,3.41797e-003,8.45703e-001,1.53049e+001,7.73781e+001,2.29878e+001
-1.51064e-005,-7.21752e-006,-3.80859e-002,1.17188e-002,8.69141e-001,1.35976e+001,7.42683e+001,2.06707e+001
-1.19173e-005,-1.09102e-005,-9.52148e-002,8.30078e-003,9.13574e-001,1.02439e+001,6.85976e+001,1.71951e+001
-9.73526e-006,-1.42672e-005,-1.04004e-001,1.31836e-002,9.15527e-001,8.90244e+000,6.71341e+001,1.57927e+001
-1.02388e-005,-9.90310e-006,-9.57031e-002,1.75781e-002,9.05762e-001,6.15854e+000,6.49390e+001,1.17683e+001
-6.88182e-006,-1.22530e-005,-7.17773e-002,2.19727e-002,8.94043e-001,4.75610e+000,6.38415e+001,9.87805e+000
-1.09102e-005,-1.69528e-005,-5.46875e-002,3.02734e-002,9.06250e-001,1.52439e+000,6.20732e+001,6.09756e+000
-1.34279e-005,2.03098e-005,-3.75977e-002,5.37109e-002,9.26758e-001,-6.09756e-002,6.04268e+001,4.08537e+000
-1.27565e-005,3.39055e-005,-3.51563e-002,6.10352e-002,9.47266e-001,-3.04878e+000,5.64024e+001,1.82927e-001
-1.05745e-005,2.85344e-006,-3.80859e-002,7.47070e-002,1.01025e+000,-5.24390e+000,5.35976e+001,-1.58537e+000
-8.89601e-006,-1.29244e-005,-4.00391e-002,7.51953e-002,1.04834e+000,-7.92683e+000,4.92683e+001,-5.24390e+000
-7.88891e-006,-2.23239e-005,-6.93359e-002,8.05664e-002,1.10791e+000,-1.00000e+001,4.40244e+001,-9.32927e+000
-1.04067e-005,-1.35958e-005,-8.00781e-002,7.86133e-002,1.12793e+000,-1.11585e+001,4.00610e+001,-1.15854e+001
-8.72816e-006,2.51774e-006,-1.15234e-001,6.29883e-002,1.14844e+000,-1.28659e+001,3.17683e+001,-1.58537e+001
-8.89601e-006,8.05676e-006,-1.36719e-001,5.02930e-002,1.15088e+000,-1.31098e+001,2.68902e+001,-1.71341e+001
-8.89601e-006,4.53193e-006,-1.80176e-001,2.88086e-002,1.14307e+000,-1.31707e+001,1.64634e+001,-1.88415e+001
-1.22530e-005,-1.35958e-005,-2.00684e-001,2.00195e-002,1.13867e+000,-1.37195e+001,1.00000e+001,-1.93293e+001
-9.56741e-006,-5.92508e-005,-2.46582e-001,-4.39453e-003,1.14941e+000,-1.51829e+001,-2.13415e+000,-1.99390e+001
-1.02388e-005,-7.73785e-005,-2.61719e-001,-1.70898e-002,1.16846e+000,-1.59146e+001,-8.10976e+000,-1.97561e+001
-1.52743e-005,-4.51514e-005,-2.76367e-001,-5.51758e-002,1.19238e+000,-1.56707e+001,-1.84146e+001,-1.91463e+001
-1.49386e-005,1.64492e-005,-2.80762e-001,-6.88477e-002,1.18359e+000,-1.51220e+001,-2.28049e+001,-1.78049e+001
-1.32601e-005,5.15297e-005,-2.86133e-001,-8.10547e-002,1.13184e+000,-1.39024e+001,-3.35976e+001,-1.66463e+001
-1.25887e-005,4.44800e-005,-2.92480e-001,-8.34961e-002,1.11426e+000,-1.38415e+001,-3.89024e+001,-1.71341e+001
-1.49386e-005,1.52743e-005,-2.93457e-001,-8.30078e-002,1.09814e+000,-1.34146e+001,-4.65854e+001,-1.81098e+001
-1.56100e-005,3.35698e-007,-2.49023e-001,-8.30078e-002,1.08594e+000,-1.26220e+001,-4.89024e+001,-1.81098e+001
-1.69528e-005,-1.51064e-006,-2.05078e-001,-7.86133e-002,1.08447e+000,-1.00000e+001,-5.02439e+001,-1.84756e+001
-1.72885e-005,-5.03548e-007,-8.54492e-002,-7.61719e-002,1.11328e+000,-8.23171e+000,-4.78049e+001,-1.87805e+001
-1.66171e-005,-7.88891e-006,-2.05078e-002,-7.08008e-002,1.13867e+000,-5.36585e+000,-4.00610e+001,-1.90854e+001
-1.57778e-005,-4.19623e-006,1.22070e-001,-6.49414e-002,1.21045e+000,-3.78049e+000,-3.52439e+001,-1.90244e+001
-1.69528e-005,-8.39246e-007,1.85547e-001,-6.64063e-002,1.23633e+000,-4.87805e-001,-2.73171e+001,-1.96341e+001
-1.62814e-005,-7.21752e-006,2.87109e-001,-4.98047e-002,1.25830e+000,1.89024e+000,-2.23171e+001,-1.97561e+001
-1.66171e-005,-4.19623e-006,3.28125e-001,-4.05273e-002,1.25684e+000,5.48780e+000,-1.15854e+001,-2.05488e+001
-1.49386e-005,2.85344e-006,3.93555e-001,-2.92969e-002,1.24414e+000,9.45122e+000,-1.28049e+000,-2.12805e+001
-1.29244e-005,4.86763e-006,4.19434e-001,-1.70898e-002,1.21191e+000,1.18902e+001,4.20732e+000,-2.17073e+001
-8.89601e-006,6.54612e-006,4.24805e-001,-2.92969e-003,1.14697e+000,1.46341e+001,1.69512e+001,-2.21951e+001
-1.27565e-005,9.56741e-006,4.09668e-001,3.90625e-003,1.11377e+000,1.59756e+001,2.41463e+001,-2.24390e+001
-1.51064e-005,5.87472e-006,3.39844e-001,1.36719e-002,1.06543e+000,1.94512e+001,3.90244e+001,-2.15854e+001
-1.66171e-005,-1.67849e-007,2.98340e-001,1.12305e-002,1.05518e+000,2.15854e+001,4.76220e+001,-2.15244e+001
-1.52743e-005,-1.49386e-005,1.86035e-001,1.07422e-002,1.03662e+000,2.48171e+001,6.24390e+001,-2.09756e+001
-1.81277e-005,-2.26596e-005,1.26953e-001,1.26953e-002,1.02441e+000,2.62805e+001,6.68902e+001,-2.02439e+001
-1.69528e-005,-2.09812e-005,1.95313e-002,3.41797e-003,1.00635e+000,2.74390e+001,7.00000e+001,-1.93902e+001
-1.32601e-005,-2.16526e-005,-3.46680e-002,-1.46484e-003,9.92676e-001,2.83537e+001,6.99390e+001,-1.85976e+001
-1.37636e-005,-2.23239e-005,-1.45996e-001,-1.51367e-002,8.94531e-001,3.23780e+001,6.93902e+001,-1.75000e+001
-1.24208e-005,-2.36667e-005,-1.97266e-001,-1.26953e-002,7.96387e-001,3.40244e+001,6.87805e+001,-1.63415e+001
-1.59457e-005,-7.55322e-006,-2.60254e-001,-2.09961e-002,6.21094e-001,3.56098e+001,6.81098e+001,-1.59146e+001
-1.52743e-005,1.96384e-005,-2.92480e-001,-5.17578e-002,5.14648e-001,3.59146e+001,6.87805e+001,-1.58537e+001
-1.79599e-005,4.01160e-005,-2.98340e-001,-6.73828e-002,4.95117e-001,3.62195e+001,7.37195e+001,-1.66463e+001
-1.93027e-005,3.60876e-005,-2.70020e-001,-1.05469e-001,5.16602e-001,3.55488e+001,7.73781e+001,-1.73780e+001
-1.96384e-005,3.20592e-005,-2.29492e-001,-1.23047e-001,5.41016e-001,3.61585e+001,8.41463e+001,-1.82927e+001
-1.62814e-005,1.76242e-005,-1.02539e-001,-1.25977e-001,5.88867e-001,3.64024e+001,8.61585e+001,-1.87805e+001
-8.22461e-006,4.86763e-006,-2.92969e-002,-1.14746e-001,5.98145e-001,3.83537e+001,8.79878e+001,-2.05488e+001
-1.19173e-005,2.51774e-006,9.66797e-002,-5.17578e-002,5.87891e-001,4.01220e+001,8.89024e+001,-2.16463e+001
-1.51064e-005,-6.88182e-006,1.42578e-001,-1.22070e-002,5.83496e-001,4.13415e+001,8.87805e+001,-2.48171e+001
-1.22530e-005,-1.39315e-005,1.80664e-001,6.49414e-002,5.67871e-001,4.13415e+001,8.92683e+001,-2.80488e+001
-1.35958e-005,-1.64492e-005,1.73828e-001,1.01074e-001,5.63477e-001,4.14634e+001,8.92073e+001,-2.97561e+001
-1.32601e-005,-1.59457e-005,1.01074e-001,1.52832e-001,5.90332e-001,3.90244e+001,9.08537e+001,-3.16463e+001
-1.67849e-005,-1.35958e-005,4.88281e-002,1.67969e-001,6.40137e-001,3.76829e+001,9.15244e+001,-3.31707e+001
-1.49386e-005,-1.32601e-005,-5.37109e-002,1.66016e-001,7.77832e-001,3.49390e+001,9.43902e+001,-3.46341e+001
-1.32601e-005,-1.19173e-005,-9.66797e-002,1.60645e-001,8.41309e-001,3.29878e+001,9.54268e+001,-3.51829e+001
-1.10781e-005,-1.37636e-005,-1.48926e-001,1.29883e-001,9.48242e-001,3.09756e+001,9.49390e+001,-3.52439e+001
-8.39246e-006,-1.54421e-005,-1.59668e-001,1.18652e-001,9.83398e-001,3.01220e+001,9.32927e+001,-3.48171e+001
-9.06386e-006,-1.42672e-005,-1.57715e-001,8.39844e-002,1.00879e+000,2.78049e+001,8.69512e+001,-3.29268e+001
-1.49386e-005,-1.27565e-005,-1.51367e-001,6.64063e-002,9.93164e-001,2.62195e+001,8.30488e+001,-3.20732e+001
-1.42672e-005,-9.56741e-006,-1.48926e-001,4.19922e-002,9.12598e-001,2.21951e+001,7.40244e+001,-2.99390e+001
-1.22530e-005,-7.55322e-006,-1.47461e-001,3.22266e-002,8.73535e-001,2.02439e+001,6.87195e+001,-2.92073e+001
-1.10781e-005,-3.86053e-006,-1.63574e-001,3.41797e-003,8.23242e-001,1.59756e+001,5.68902e+001,-2.92683e+001
-1.25887e-005,-3.52483e-006,-2.05566e-001,-1.41602e-002,7.75879e-001,1.48171e+001,5.04268e+001,-2.96951e+001
-1.66171e-005,-4.53193e-006,-2.40234e-001,-1.70898e-002,7.41211e-001,1.34146e+001,3.60976e+001,-3.12805e+001
-1.67849e-005,-5.87472e-006,-3.18359e-001,-1.12305e-002,6.58691e-001,1.32317e+001,2.84146e+001,-3.19512e+001
-1.32601e-005,0.00000e+000,-3.56445e-001,-1.17188e-002,6.27441e-001,1.21341e+001,1.10366e+001,-3.23171e+001
-1.37636e-005,4.69978e-006,-4.35547e-001,-6.83594e-003,5.74707e-001,1.20732e+001,2.50000e+000,-3.17073e+001
-1.72885e-005,-5.03548e-007,-4.65332e-001,-2.92969e-003,5.28809e-001,1.11585e+001,-1.67073e+001,-2.98171e+001
-1.67849e-005,-1.67849e-007,-5.29785e-001,2.09961e-002,4.58496e-001,9.87805e+000,-2.69512e+001,-2.83537e+001
-1.84634e-005,-5.03548e-006,-5.56152e-001,3.41797e-002,4.55078e-001,5.97561e+000,-4.65244e+001,-2.54878e+001
-1.69528e-005,-9.56741e-006,-5.90820e-001,5.41992e-002,4.97559e-001,1.15854e+000,-6.25610e+001,-2.21951e+001
-1.39315e-005,-9.90310e-006,-5.92773e-001,6.59180e-002,5.27344e-001,-1.76829e+000,-6.90244e+001,-2.06098e+001
-1.37636e-005,-1.15816e-005,-5.49805e-001,8.59375e-002,5.98145e-001,-6.52439e+000,-7.89024e+001,-1.60976e+001
-1.27565e-005,-1.35958e-005,-5.02441e-001,8.59375e-002,6.40625e-001,-8.53659e+000,-8.25610e+001,-1.42073e+001
-1.51064e-005,-5.20333e-006,-3.77441e-001,8.59375e-002,7.08496e-001,-1.17073e+001,-9.26829e+001,-1.06707e+001
-1.79599e-005,-1.84634e-006,-3.06152e-001,8.20313e-002,7.18750e-001,-1.28659e+001,-9.82317e+001,-8.41463e+000
-1.42672e-005,-2.21561e-005,-1.71875e-001,8.98438e-002,6.83594e-001,-1.65244e+001,-1.11646e+002,-4.51220e+000
-1.34279e-005,-1.98062e-005,-1.13281e-001,9.17969e-002,6.63086e-001,-1.90244e+001,-1.17622e+002,-2.43902e+000
-1.24208e-005,-1.67849e-006,-2.53906e-002,8.78906e-002,6.79199e-001,-2.51829e+001,-1.26646e+002,2.13415e+000
-1.04067e-005,5.20333e-006,1.02539e-002,8.54492e-002,7.06543e-001,-2.76829e+001,-1.28293e+002,4.81707e+000
-8.89601e-006,6.54612e-006,9.52148e-002,9.37500e-002,7.85156e-001,-3.20732e+001,-1.26402e+002,1.04268e+001
-8.22461e-006,1.87991e-005,1.77734e-001,1.06934e-001,9.14551e-001,-3.40854e+001,-1.22378e+002,1.29268e+001
-1.46029e-005,3.34020e-005,2.01660e-001,1.14258e-001,9.92188e-001,-3.80488e+001,-1.10915e+002,1.51220e+001
-1.64492e-005,1.15816e-005,2.32422e-001,1.41602e-001,1.10840e+000,-3.96951e+001,-1.06159e+002,1.50000e+001
-1.42672e-005,-1.67849e-007,2.28516e-001,1.57227e-001,1.14941e+000,-4.24390e+001,-9.96341e+001,1.27439e+001
-1.29244e-005,6.71397e-007,1.78223e-001,1.88965e-001,1.23193e+000,-4.46951e+001,-9.90244e+001,1.08537e+001
-1.49386e-005,-9.56741e-006,1.39160e-001,1.96777e-001,1.27100e+000,-4.87195e+001,-9.77439e+001,7.01220e+000
-1.76242e-005,-3.02129e-006,7.47070e-002,2.05566e-001,1.34766e+000,-5.06707e+001,-9.56707e+001,5.97561e+000
-1.62814e-005,3.57519e-005,5.37109e-002,2.03125e-001,1.36914e+000,-5.34756e+001,-8.65244e+001,6.70732e+000
-1.69528e-005,8.97993e-005,5.07813e-002,1.89453e-001,1.40625e+000,-5.40854e+001,-8.01220e+001,8.53659e+000
-1.62814e-005,8.84566e-005,7.66602e-002,1.77246e-001,1.40088e+000,-5.28659e+001,-6.52439e+001,1.50000e+001
-1.69528e-005,-1.76242e-005,1.61133e-001,1.42578e-001,1.34717e+000,-4.88415e+001,-4.70122e+001,2.37805e+001
-1.71206e-005,-5.65652e-005,2.22168e-001,1.06934e-001,1.31396e+000,-4.57317e+001,-3.43293e+001,2.93293e+001
-1.42672e-005,2.18204e-006,4.29199e-001,-1.46484e-002,1.34424e+000,-3.60366e+001,-7.31707e-001,4.53049e+001
-1.30922e-005,2.50095e-005,5.67383e-001,-8.05664e-002,1.36182e+000,-2.93293e+001,1.99390e+001,5.54268e+001
-1.39315e-005,5.37118e-006,8.14941e-001,-1.88965e-001,1.45996e+000,-1.50610e+001,5.78049e+001,6.78659e+001
-1.27565e-005,-1.52743e-005,8.31543e-001,-1.95313e-001,1.52490e+000,-6.82927e+000,6.32927e+001,6.60976e+001
-1.46029e-005,-1.93027e-005,6.70898e-001,-8.64258e-002,1.71924e+000,5.42683e+000,3.61585e+001,5.15854e+001
-1.54421e-005,-3.10521e-005,5.48828e-001,-4.88281e-002,1.82129e+000,1.07927e+001,9.26829e+000,4.34146e+001
-1.30922e-005,-4.64942e-005,1.89941e-001,-4.83398e-002,1.68018e+000,2.67073e+001,-4.25610e+001,2.99390e+001
-1.00710e-005,-3.97803e-005,-7.91016e-002,-8.93555e-002,1.47021e+000,3.32317e+001,-6.29878e+001,2.50610e+001
-9.56741e-006,-2.31632e-005,-6.10840e-001,-2.08984e-001,9.99023e-001,3.55488e+001,-9.53049e+001,2.63415e+001
-1.27565e-005,-1.72885e-005,-8.41309e-001,-2.97363e-001,6.79199e-001,3.14634e+001,-1.07622e+002,3.41463e+001
-1.30922e-005,-1.89670e-005,-8.75000e-001,-3.10547e-001,5.61035e-001,2.35976e+001,-1.25061e+002,5.28659e+001
-1.15816e-005,-1.69528e-005,-8.53516e-001,-2.97852e-001,3.16406e-001,2.22561e+001,-1.29329e+002,6.12805e+001
-1.42672e-005,-1.79599e-005,-7.80762e-001,-2.76855e-001,1.80664e-001,2.42073e+001,-1.21707e+002,7.36585e+001
-1.05745e-005,-1.84634e-005,-5.54199e-001,-2.18262e-001,-2.92969e-003,2.50610e+001,-1.10427e+002,7.67683e+001
-1.25887e-005,-2.41703e-005,-4.12598e-001,-1.66016e-001,-7.81250e-003,2.51220e+001,-8.20732e+001,7.92683e+001
-1.12459e-005,-1.99741e-005,-7.86133e-002,-5.51758e-002,1.75781e-001,2.42683e+001,-6.72561e+001,7.99390e+001
-1.12459e-005,-1.15816e-005,1.04004e-001,0.00000e+000,3.45215e-001,2.14634e+001,-3.57927e+001,8.20732e+001
-1.22530e-005,-7.21752e-006,4.43848e-001,1.06934e-001,7.34863e-001,2.12805e+001,-1.85366e+001,8.29268e+001
-1.25887e-005,8.39246e-007,5.98145e-001,1.50879e-001,9.15527e-001,2.16463e+001,1.39634e+001,8.31707e+001
-1.27565e-005,8.72816e-006,8.75488e-001,1.89941e-001,1.19873e+000,2.43293e+001,4.08537e+001,7.67683e+001
-1.17494e-005,8.89601e-006,9.80469e-001,1.82129e-001,1.27832e+000,2.66463e+001,5.15244e+001,7.06098e+001
-1.67849e-005,4.86763e-006,1.07959e+000,1.25977e-001,1.29004e+000,3.09146e+001,6.94512e+001,5.59756e+001
-1.72885e-005,-1.67849e-007,1.05908e+000,8.83789e-002,1.22656e+000,3.24390e+001,7.63415e+001,4.77439e+001
-1.25887e-005,2.51774e-006,8.62793e-001,6.34766e-003,1.06250e+000,3.40244e+001,8.49390e+001,3.22561e+001
-1.44350e-005,3.52483e-006,7.04102e-001,-3.66211e-002,9.79980e-001,3.44512e+001,8.76829e+001,2.51220e+001
-1.35958e-005,2.34989e-006,3.24219e-001,-8.54492e-002,8.40820e-001,3.45732e+001,9.06707e+001,1.48171e+001
-1.24208e-005,1.00710e-006,1.32324e-001,-9.76563e-002,7.82227e-001,3.40854e+001,9.07317e+001,1.13415e+001
-1.35958e-005,-1.67849e-007,-1.97754e-001,-1.11816e-001,7.37305e-001,3.03659e+001,8.40244e+001,8.04878e+000
-1.52743e-005,3.18914e-006,-3.14453e-001,-1.12793e-001,7.52930e-001,2.85366e+001,7.81098e+001,7.13415e+000
-1.22530e-005,2.85344e-006,-4.63379e-001,-1.04004e-001,7.98828e-001,2.49390e+001,6.45122e+001,6.52439e+000
-1.59457e-005,-1.98062e-005,-4.99023e-001,-6.34766e-002,8.31543e-001,2.29268e+001,5.73781e+001,6.21951e+000
-1.76242e-005,-3.49126e-005,-4.81934e-001,-4.54102e-002,8.46680e-001,1.61585e+001,4.33537e+001,5.91463e+000
-1.69528e-005,8.89601e-006,-3.88672e-001,-2.44141e-003,8.79883e-001,1.29878e+001,3.69512e+001,6.09756e+000
-1.72885e-005,2.29953e-005,-3.30566e-001,2.14844e-002,8.98438e-001,6.21951e+000,2.85976e+001,6.58537e+000
-1.89670e-005,1.47707e-005,-1.87500e-001,6.54297e-002,9.46289e-001,3.78049e+000,2.57927e+001,6.95122e+000
-1.44350e-005,1.57778e-005,-1.12305e-001,8.00781e-002,9.73633e-001,1.15854e+000,2.45732e+001,5.18293e+000
-1.15816e-005,1.19173e-005,7.32422e-003,9.86328e-002,9.99023e-001,1.82927e-001,2.48171e+001,3.35366e+000
-1.15816e-005,-1.17494e-005,5.22461e-002,1.01563e-001,1.00977e+000,1.82927e-001,2.66463e+001,-1.15854e+000
-1.19173e-005,-4.64942e-005,1.00098e-001,8.93555e-002,1.01855e+000,3.65854e-001,2.71341e+001,-4.26829e+000
-1.12459e-005,-5.62295e-005,1.03027e-001,8.00781e-002,1.01025e+000,8.53659e-001,2.85976e+001,-1.07317e+001
-1.12459e-005,-1.62814e-005,7.86133e-002,5.51758e-002,1.00732e+000,6.09756e-001,3.04878e+001,-1.52439e+001
-1.32601e-005,4.01160e-005,5.81055e-002,4.39453e-002,1.01074e+000,6.09756e-002,3.07927e+001,-1.73171e+001
-1.35958e-005,4.81727e-005,1.02539e-002,2.39258e-002,1.02148e+000,-9.14634e-001,3.31098e+001,-2.13415e+001
-1.72885e-005,2.16526e-005,-7.32422e-003,1.61133e-002,1.02148e+000,-1.40244e+000,3.45122e+001,-2.29268e+001
-1.76242e-005,2.33310e-005,-3.90625e-002,2.44141e-003,1.02344e+000,-2.13415e+000,3.56098e+001,-2.60976e+001
-1.19173e-005,-3.86053e-006,-6.25000e-002,1.46484e-003,1.02686e+000,-2.43902e+000,3.54268e+001,-2.73171e+001
-1.17494e-005,-1.49386e-005,-1.01074e-001,9.27734e-003,1.03223e+000,-2.92683e+000,3.35366e+001,-2.89634e+001
-1.44350e-005,1.17494e-005,-1.30859e-001,2.00195e-002,1.03369e+000,-4.20732e+000,3.16463e+001,-2.91463e+001
-1.32601e-005,1.07424e-005,-1.70898e-001,2.63672e-002,1.05762e+000,-5.91463e+000,2.80488e+001,-2.70122e+001
-1.09102e-005,-7.55322e-006,-1.73828e-001,9.76563e-003,1.07764e+000,-6.21951e+000,2.56707e+001,-2.61585e+001
-1.29244e-005,3.10521e-005,-1.80664e-001,-2.00195e-002,1.11377e+000,-4.51220e+000,2.15854e+001,-2.48171e+001
-1.47707e-005,3.47448e-005,-1.70898e-001,-4.24805e-002,1.13916e+000,-2.74390e+000,1.93293e+001,-2.37805e+001
-1.46029e-005,-9.06386e-006,-1.56250e-001,-5.37109e-002,1.16992e+000,-4.26829e-001,1.35366e+001,-2.15854e+001
-1.66171e-005,-2.76951e-005,-1.29883e-001,-8.83789e-002,1.16553e+000,6.70732e-001,1.17683e+001,-1.87805e+001
-1.52743e-005,-4.49836e-005,-1.27930e-001,-8.54492e-002,1.13770e+000,3.96341e+000,6.46341e+000,-1.47561e+001
-1.19173e-005,-5.11940e-005,-1.24023e-001,-8.05664e-002,1.10205e+000,4.51220e+000,3.65854e+000,-1.48171e+001
-1.17494e-005,-5.38796e-005,-1.17676e-001,-8.30078e-002,1.08936e+000,4.63415e+000,2.68293e+000,-1.60976e+001
-1.15816e-005,-6.66362e-005,-9.66797e-002,-7.08008e-002,1.05713e+000,4.81707e+000,4.63415e+000,-1.64634e+001
-1.09102e-005,-7.73785e-005,-6.54297e-002,-7.08008e-002,1.04736e+000,4.08537e+000,1.01220e+001,-1.63415e+001
-1.24208e-005,-5.95865e-005,1.26953e-002,-6.44531e-002,1.08545e+000,3.59756e+000,1.41463e+001,-1.63415e+001
-1.49386e-005,2.36667e-005,5.27344e-002,-6.05469e-002,1.12109e+000,4.93902e+000,2.43902e+001,-1.66463e+001
-1.34279e-005,1.23033e-004,1.30859e-001,-3.95508e-002,1.17236e+000,7.80488e+000,3.36585e+001,-1.80488e+001
-1.71206e-005,1.08263e-004,1.57715e-001,-2.34375e-002,1.20117e+000,9.45122e+000,3.82317e+001,-1.89634e+001
-1.79599e-005,2.92058e-005,1.73340e-001,1.46484e-002,1.23926e+000,1.28659e+001,4.75610e+001,-2.15244e+001
-1.49386e-005,-1.89670e-005,1.69922e-001,3.41797e-002,1.24121e+000,1.40854e+001,5.27439e+001,-2.24390e+001
-7.55322e-006,-1.81277e-005,1.69922e-001,7.03125e-002,1.22656e+000,1.53659e+001,6.30488e+001,-2.46341e+001
-8.56031e-006,-3.86053e-006,1.67969e-001,8.49609e-002,1.20898e+000,1.63415e+001,6.83537e+001,-2.54878e+001
-1.54421e-005,2.19883e-005,1.46484e-001,1.02539e-001,1.16846e+000,1.75000e+001,7.78659e+001,-2.74390e+001
-1.52743e-005,5.08583e-005,1.24023e-001,1.09375e-001,1.14404e+000,1.84146e+001,8.18902e+001,-2.79268e+001
-1.29244e-005,5.62295e-005,5.90820e-002,1.13281e-001,1.10840e+000,2.04268e+001,8.74390e+001,-2.87805e+001
-1.39315e-005,5.82437e-005,2.24609e-002,1.13770e-001,1.09277e+000,2.25610e+001,8.96341e+001,-2.98171e+001
-1.57778e-005,2.87022e-005,-7.42188e-002,1.06934e-001,1.09717e+000,2.65854e+001,9.25000e+001,-3.09146e+001
-1.62814e-005,-7.83856e-005,-1.55273e-001,8.98438e-002,1.13672e+000,2.83537e+001,9.22561e+001,-3.10976e+001
-1.39315e-005,-1.12459e-004,-1.83105e-001,7.86133e-002,1.15869e+000,3.23171e+001,9.20122e+001,-3.06098e+001
-1.10781e-005,-3.74304e-005,-2.47070e-001,5.76172e-002,1.11670e+000,3.43902e+001,9.14024e+001,-3.00000e+001
-8.72816e-006,-1.89670e-005,-2.67578e-001,4.00391e-002,1.02686e+000,3.91463e+001,8.74390e+001,-2.75610e+001
-1.19173e-005,-3.47448e-005,-2.51465e-001,1.22070e-002,7.78809e-001,4.08537e+001,8.34756e+001,-2.56707e+001
-1.42672e-005,-2.83665e-005,-2.32910e-001,-7.32422e-003,6.50391e-001,4.11585e+001,7.91463e+001,-2.16463e+001
-1.34279e-005,-2.70237e-005,-2.08984e-001,-7.03125e-002,4.61914e-001,4.01829e+001,7.89024e+001,-1.95732e+001
-1.35958e-005,-1.40993e-005,-1.98242e-001,-1.09375e-001,4.11621e-001,3.53659e+001,8.03659e+001,-1.63415e+001
-1.39315e-005,-1.67849e-007,-1.53809e-001,-1.97754e-001,4.57520e-001,3.29878e+001,8.07927e+001,-1.54878e+001
-1.81277e-005,3.18914e-006,-1.04492e-001,-2.24121e-001,5.24414e-001,3.00000e+001,7.76220e+001,-1.73171e+001
-1.71206e-005,3.35698e-006,3.32031e-002,-2.24609e-001,6.09375e-001,3.25000e+001,7.73781e+001,-2.21341e+001
-1.52743e-005,1.62814e-005,8.93555e-002,-1.87500e-001,5.91797e-001,3.55488e+001,8.04878e+001,-2.44512e+001
-1.19173e-005,2.60166e-005,1.45020e-001,-6.39648e-002,4.65820e-001,4.03659e+001,8.70732e+001,-2.78049e+001
-1.39315e-005,1.25887e-005,1.48926e-001,6.83594e-003,4.20898e-001,4.07927e+001,8.95732e+001,-2.85976e+001
-1.29244e-005,-5.20333e-006,9.71680e-002,1.29883e-001,5.20020e-001,3.84146e+001,9.22561e+001,-2.93902e+001
-1.02388e-005,-1.69528e-005,4.29688e-002,1.87012e-001,6.37207e-001,3.64024e+001,9.26220e+001,-2.94512e+001
-8.39246e-006,-2.70237e-005,-1.01074e-001,2.70508e-001,8.97949e-001,3.31707e+001,9.07927e+001,-2.89634e+001
-6.88182e-006,-2.16526e-005,-1.83105e-001,2.95898e-001,9.93164e-001,3.12805e+001,8.76220e+001,-2.84756e+001
-1.05745e-005,1.93027e-005,-3.08105e-001,3.25195e-001,1.06396e+000,2.74390e+001,7.62805e+001,-2.70122e+001
-8.89601e-006,1.15816e-005,-3.41797e-001,3.14941e-001,1.05713e+000,2.50610e+001,6.85976e+001,-2.61585e+001
-6.21042e-006,-1.76242e-005,-3.61328e-001,2.62207e-001,1.01807e+000,2.09756e+001,5.20122e+001,-2.45122e+001
-3.18914e-006,-1.22530e-005,-3.33008e-001,1.73340e-001,9.12109e-001,1.87195e+001,4.35976e+001,-2.39024e+001
1.51064e-006,-1.00710e-006,-3.15918e-001,1.29395e-001,8.60352e-001,1.48780e+001,2.70732e+001,-2.31098e+001
2.51774e-006,3.59197e-005,-3.21289e-001,4.19922e-002,7.75879e-001,1.28659e+001,1.91463e+001,-2.29268e+001
-5.03548e-007,7.72107e-006,-3.29102e-001,1.95313e-003,7.68066e-001,6.95122e+000,1.46341e+000,-2.17683e+001
3.35698e-007,-1.72885e-005,-3.46191e-001,-6.34766e-002,8.01758e-001,5.18293e+000,-6.70732e+000,-2.04268e+001
3.18914e-006,-1.39315e-005,-3.54004e-001,-8.34961e-002,8.18359e-001,2.01220e+000,-2.40854e+001,-1.84146e+001
5.03548e-007,-6.88182e-006,-3.74512e-001,-9.22852e-002,7.98828e-001,1.40244e+000,-3.42073e+001,-1.73780e+001
-6.21042e-006,-4.19623e-006,-3.86230e-001,-8.44727e-002,7.62207e-001,1.21951e+000,-5.60976e+001,-1.53659e+001
-1.98062e-005,-1.42672e-005,-4.30664e-001,-4.19922e-002,6.68945e-001,8.53659e-001,-6.73171e+001,-1.44512e+001
-3.74304e-005,6.88182e-006,-4.70215e-001,-1.90430e-002,6.22070e-001,-4.26829e-001,-8.85976e+001,-1.31098e+001
-4.48157e-005,2.76951e-005,-5.37109e-001,3.27148e-002,5.20508e-001,-2.07317e+000,-1.04085e+002,-1.12805e+001
-4.58228e-005,2.56809e-005,-5.63965e-001,4.93164e-002,4.39453e-001,-2.62195e+000,-1.10366e+002,-1.00610e+001
-3.84375e-005,3.86053e-006,-5.79590e-001,7.22656e-002,2.85645e-001,-3.65854e+000,-1.23720e+002,-7.80488e+000
-3.20592e-005,-3.17235e-005,-5.68848e-001,8.10547e-002,2.47559e-001,-4.20732e+000,-1.29268e+002,-6.46341e+000
-2.45060e-005,-5.11940e-005,-5.19043e-001,7.71484e-002,2.51465e-001,-5.79268e+000,-1.35854e+002,-2.25610e+000
-1.79599e-005,-4.39765e-005,-4.79004e-001,8.05664e-002,2.66113e-001,-6.89024e+000,-1.35915e+002,3.04878e-001
-7.88891e-006,-1.29244e-005,-3.61328e-001,7.81250e-002,3.97461e-001,-1.18293e+001,-1.32805e+002,5.67073e+000
-4.69978e-006,3.52483e-005,-2.86621e-001,7.71484e-002,5.10742e-001,-1.53659e+001,-1.30366e+002,8.04878e+000
2.18204e-006,2.76951e-005,-1.18652e-001,7.56836e-002,6.90918e-001,-2.21341e+001,-1.25549e+002,1.22561e+001
1.40993e-005,9.23171e-006,-3.17383e-002,7.61719e-002,7.43652e-001,-2.51220e+001,-1.23171e+002,1.34146e+001
1.79599e-005,7.55322e-006,1.18652e-001,8.64258e-002,7.76367e-001,-3.20732e+001,-1.20976e+002,1.42683e+001
1.32601e-005,-3.35698e-007,2.12402e-001,1.01074e-001,7.98340e-001,-3.52439e+001,-1.20793e+002,1.44512e+001
1.76242e-005,-5.22011e-005,2.18750e-001,1.13281e-001,8.32520e-001,-4.09146e+001,-1.22561e+002,1.28049e+001
4.01160e-005,-1.29747e-004,1.69922e-001,1.55273e-001,9.17969e-001,-4.35366e+001,-1.22683e+002,1.17683e+001
6.56291e-005,-1.24376e-004,1.18164e-001,1.65527e-001,9.85840e-001,-4.87195e+001,-1.18841e+002,8.90244e+000
5.69009e-005,-3.20592e-005,1.70898e-002,1.82617e-001,1.13770e+000,-4.97561e+001,-1.15793e+002,6.95122e+000
2.13169e-005,7.55322e-006,-2.44141e-002,1.91406e-001,1.20215e+000,-4.90244e+001,-1.06707e+002,3.53659e+000
-1.69528e-005,1.46029e-005,-8.59375e-002,2.00195e-001,1.32520e+000,-4.78049e+001,-1.01037e+002,2.01220e+000
-3.94446e-005,1.05745e-005,-1.15234e-001,2.00195e-001,1.38330e+000,-4.53049e+001,-8.62195e+001,1.40244e+000
-3.94446e-005,-5.57259e-005,-1.36719e-001,1.84082e-001,1.45410e+000,-4.39634e+001,-7.71341e+001,2.56098e+000
-5.62295e-005,4.86763e-006,-1.25000e-001,1.71387e-001,1.44971e+000,-4.00610e+001,-5.64024e+001,8.41463e+000
-9.61776e-005,1.85809e-004,-2.14844e-002,1.04980e-001,1.37109e+000,-3.32927e+001,-3.36585e+001,1.96341e+001
-1.08095e-004,1.69360e-004,8.20313e-002,4.24805e-002,1.34082e+000,-2.98780e+001,-2.15854e+001,2.63415e+001
-7.87213e-005,3.64233e-005,3.46191e-001,-8.74023e-002,1.25391e+000,-2.03659e+001,5.12195e+000,4.48171e+001
-4.48157e-005,3.86053e-006,4.80957e-001,-1.37695e-001,1.23828e+000,-1.65854e+001,1.71951e+001,5.73171e+001
-4.38087e-005,1.35958e-005,6.66992e-001,-1.54297e-001,1.30273e+000,-8.10976e+000,2.40244e+001,7.49390e+001
-6.46220e-005,6.54612e-006,6.58691e-001,-1.00586e-001,1.39648e+000,-4.63415e+000,1.32317e+001,7.52439e+001
-8.42603e-005,3.81018e-005,4.38965e-001,3.56445e-002,1.61719e+000,3.71951e+000,-3.32317e+001,6.50000e+001
-1.02556e-004,8.54353e-005,2.63672e-001,8.88672e-002,1.61279e+000,8.90244e+000,-5.98781e+001,5.75610e+001
-1.00542e-004,9.29885e-005,-1.84570e-001,1.42578e-001,1.32227e+000,1.43902e+001,-1.00305e+002,4.40854e+001
-7.87213e-005,6.27756e-005,-4.07715e-001,1.19141e-001,1.13623e+000,1.34756e+001,-1.11341e+002,4.06707e+001
-4.71656e-005,1.86313e-005,-6.38672e-001,-3.90625e-003,8.38867e-001,8.17073e+000,-1.18171e+002,4.53659e+001
-2.31632e-005,-1.52743e-005,-5.84473e-001,-1.26465e-001,6.63086e-001,5.48780e+000,-1.14451e+002,5.15244e+001
-8.22461e-006,-8.10712e-005,-5.47363e-001,-1.80176e-001,6.00098e-001,5.54878e+000,-9.62195e+001,6.25000e+001
-9.39956e-006,-1.46532e-004,-4.32617e-001,-2.52930e-001,4.48242e-001,9.20732e+000,-8.37195e+001,6.70122e+001
-1.44350e-005,-1.20180e-004,-3.38379e-001,-2.69043e-001,3.69629e-001,1.73780e+001,-5.42683e+001,7.60976e+001
8.39246e-007,-1.45190e-004,-5.37109e-002,-2.44629e-001,3.46191e-001,1.97561e+001,-3.72561e+001,8.04268e+001
1.30922e-005,-1.25719e-004,1.03516e-001,-2.16309e-001,4.15039e-001,1.95732e+001,-5.24390e+000,8.67073e+001
3.86053e-006,-3.50805e-005,4.55566e-001,-1.28418e-001,6.70898e-001,1.90854e+001,9.57317e+000,8.79268e+001
-9.90310e-006,-2.16526e-005,6.04004e-001,-7.95898e-002,8.09082e-001,1.78049e+001,3.73780e+001,8.68902e+001
-2.56809e-005,-5.03548e-005,8.41309e-001,-1.95313e-003,1.02100e+000,1.78659e+001,5.00610e+001,8.49390e+001
-2.56809e-005,-2.46738e-005,9.31152e-001,2.88086e-002,1.06738e+000,1.95122e+001,6.88415e+001,7.74390e+001
-1.42672e-005,7.41894e-005,1.00244e+000,7.95898e-002,1.07471e+000,2.05488e+001,7.82927e+001,6.31707e+001
-6.54612e-006,1.12627e-004,9.58496e-001,9.27734e-002,1.03564e+000,2.10366e+001,8.04268e+001,5.40854e+001
4.76692e-005,3.30663e-005,6.92383e-001,1.20117e-001,9.44824e-001,2.18902e+001,8.09756e+001,3.53659e+001
7.30144e-005,4.54871e-005,5.05859e-001,1.19629e-001,9.17969e-001,2.26220e+001,8.00000e+001,2.67073e+001
4.91798e-005,8.87923e-005,1.08398e-001,9.76563e-002,8.47168e-001,2.45732e+001,7.81098e+001,1.34146e+001
2.81987e-005,3.94446e-005,-6.34766e-002,8.49609e-002,8.04199e-001,2.44512e+001,7.51220e+001,7.86585e+000
1.27565e-005,-2.97093e-005,-3.58398e-001,3.85742e-002,7.84180e-001,2.20122e+001,6.62195e+001,-1.70732e+000
-3.91089e-005,7.55322e-006,-4.73145e-001,8.30078e-003,7.91992e-001,2.12805e+001,6.04878e+001,-5.42683e+000
-8.34211e-005,2.50095e-005,-6.11816e-001,-2.53906e-002,8.11035e-001,1.79268e+001,4.73171e+001,-1.02439e+001
-8.17426e-005,5.10262e-005,-6.42090e-001,-3.51563e-002,8.12988e-001,1.54268e+001,4.00610e+001,-1.12195e+001
-5.53903e-005,1.16655e-004,-6.17188e-001,-4.44336e-002,8.31543e-001,8.59756e+000,2.78049e+001,-1.04268e+001
-2.60166e-005,1.57778e-005,-5.04395e-001,-3.36914e-002,8.73535e-001,5.00000e+000,2.29268e+001,-9.20732e+000
-1.27565e-005,-1.62982e-004,-4.29199e-001,-1.51367e-002,8.97461e-001,-1.82927e+000,1.59756e+001,-6.82927e+000
7.21752e-006,-7.90570e-005,-2.70020e-001,2.68555e-002,9.43848e-001,-4.39024e+000,1.39024e+001,-6.03659e+000
5.58938e-005,7.23430e-005,-1.86523e-001,4.54102e-002,9.68750e-001,-8.59756e+000,1.10366e+001,-6.46341e+000
1.09270e-004,7.01610e-005,-6.05469e-002,6.88477e-002,1.01904e+000,-9.51220e+000,1.04878e+001,-7.62195e+000
1.21523e-004,4.81727e-005,-1.61133e-002,8.05664e-002,1.03125e+000,-9.08537e+000,1.15244e+001,-1.07317e+001
1.02388e-004,1.99741e-005,4.15039e-002,9.37500e-002,1.05176e+000,-8.65854e+000,1.20732e+001,-1.26829e+001
4.43122e-005,2.51774e-005,6.00586e-002,9.57031e-002,1.06152e+000,-8.47561e+000,1.45732e+001,-1.68902e+001
-1.79599e-005,5.22011e-005,6.05469e-002,9.61914e-002,1.07813e+000,-8.78049e+000,1.70122e+001,-1.87195e+001
-3.67590e-005,2.40024e-005,5.17578e-002,7.91016e-002,1.09180e+000,-9.32927e+000,2.00610e+001,-2.17683e+001
-3.07164e-005,7.38537e-006,3.71094e-002,4.68750e-002,1.11621e+000,-8.53659e+000,2.19512e+001,-2.46341e+001
-6.61326e-005,-4.53193e-006,1.56250e-002,3.07617e-002,1.11719e+000,-7.68293e+000,2.32317e+001,-2.57927e+001
-1.17327e-004,-9.56741e-006,-2.00195e-002,8.78906e-003,1.11523e+000,-7.13415e+000,2.26829e+001,-2.65244e+001
-1.18334e-004,-2.29953e-005,-5.12695e-002,0.00000e+000,1.12354e+000,-7.68293e+000,2.07317e+001,-2.65244e+001
-9.58419e-005,-3.54162e-005,-1.16699e-001,-1.46484e-002,1.14941e+000,-6.76829e+000,1.54878e+001,-2.54268e+001
-3.20592e-005,-6.32792e-005,-1.48438e-001,-2.19727e-002,1.15186e+000,-6.40244e+000,1.21951e+001,-2.44512e+001
2.29953e-005,-7.70428e-005,-1.84082e-001,-2.83203e-002,1.12793e+000,-5.24390e+000,5.18293e+000,-2.17073e+001
1.79599e-005,-5.85794e-005,-1.89453e-001,-2.88086e-002,1.13330e+000,-5.67073e+000,2.86585e+000,-2.04268e+001
1.32601e-005,-4.33051e-005,-1.83594e-001,-7.27539e-002,1.17139e+000,-5.42683e+000,2.13415e+000,-1.51220e+001
4.19623e-006,-3.69268e-005,-1.79199e-001,-7.66602e-002,1.15869e+000,-4.45122e+000,9.75610e-001,-1.15854e+001
-3.02129e-006,-3.70947e-005,-1.85059e-001,-6.49414e-002,1.13818e+000,-3.84146e+000,-4.57317e+000,-9.75610e+000
-1.39315e-005,-3.87732e-005,-1.84082e-001,-6.20117e-002,1.13232e+000,-3.65854e+000,-7.37805e+000,-1.06707e+001
-8.89601e-006,-3.47448e-005,-1.73828e-001,-6.00586e-002,1.13086e+000,-3.04878e+000,-7.50000e+000,-1.10976e+001
3.86053e-006,-2.50095e-005,-1.23535e-001,-4.98047e-002,1.15186e+000,-2.74390e+000,-5.18293e+000,-1.10366e+001
7.72107e-006,-1.82956e-005,-8.74023e-002,-4.68750e-002,1.18213e+000,-2.80488e+000,6.70732e-001,-1.12805e+001
6.71397e-007,-1.82956e-005,-9.27734e-003,-3.95508e-002,1.24268e+000,-2.43902e+000,3.90244e+000,-1.14634e+001
-1.51064e-006,-4.19623e-006,2.29492e-002,-2.88086e-002,1.25439e+000,-6.70732e-001,1.15854e+001,-1.29878e+001
-3.35698e-007,3.12200e-005,6.10352e-002,-7.32422e-003,1.24023e+000,-3.65854e-001,1.50610e+001,-1.42683e+001
2.18204e-006,4.14588e-005,7.08008e-002,5.85938e-003,1.22803e+000,1.09756e+000,2.23780e+001,-1.68902e+001
4.19623e-006,3.02129e-005,9.22852e-002,2.83203e-002,1.18213e+000,2.50000e+000,2.53659e+001,-1.87195e+001
-2.36667e-005,2.50095e-005,9.81445e-002,3.51563e-002,1.16357e+000,5.00000e+000,3.17073e+001,-2.17683e+001
-6.32792e-005,3.57519e-005,8.30078e-002,5.56641e-002,1.14795e+000,7.74390e+000,3.74390e+001,-2.48171e+001
-7.40215e-005,3.94446e-005,6.15234e-002,6.83594e-002,1.13428e+000,8.78049e+000,4.01220e+001,-2.65854e+001
-1.01213e-004,4.63264e-005,1.70898e-002,8.15430e-002,1.11719e+000,1.07317e+001,4.56707e+001,-2.86585e+001
-1.02892e-004,4.28016e-005,-4.39453e-003,8.20313e-002,1.10742e+000,1.27439e+001,4.93902e+001,-2.98780e+001
-2.98772e-005,7.38537e-006,-6.54297e-002,7.71484e-002,1.11670e+000,1.63415e+001,5.65854e+001,-3.18902e+001
5.55581e-005,-6.52934e-005,-1.00098e-001,7.03125e-002,1.13086e+000,1.81098e+001,5.84146e+001,-3.23780e+001
9.24849e-005,-1.44183e-004,-1.66016e-001,5.66406e-002,1.16309e+000,2.17073e+001,5.73781e+001,-3.03049e+001
7.57000e-005,-1.22698e-004,-1.97754e-001,5.07813e-002,1.17432e+000,2.34756e+001,5.63415e+001,-2.91463e+001
3.13878e-005,-5.62295e-005,-2.50488e-001,2.92969e-002,1.10205e+000,2.76829e+001,5.42073e+001,-2.57317e+001
3.70947e-005,-6.59647e-005,-2.64648e-001,1.66016e-002,9.90723e-001,2.99390e+001,5.23171e+001,-2.36585e+001
7.40215e-005,-4.64942e-005,-2.40234e-001,-8.78906e-003,7.28516e-001,3.10976e+001,5.01220e+001,-2.10976e+001
6.73075e-005,3.50805e-005,-2.08984e-001,-5.95703e-002,5.11719e-001,3.09146e+001,5.15854e+001,-2.09146e+001
3.54162e-005,-3.52483e-006,-1.87012e-001,-9.22852e-002,4.51172e-001,2.94512e+001,5.82317e+001,-2.07317e+001
-2.34989e-006,-3.05486e-005,-1.37695e-001,-1.53320e-001,4.24316e-001,2.85976e+001,6.20122e+001,-2.15854e+001
-1.22530e-005,-4.69978e-006,-9.61914e-002,-1.75781e-001,4.63379e-001,2.64634e+001,6.65244e+001,-2.35976e+001
1.19173e-005,-1.30922e-005,1.41602e-002,-1.62598e-001,5.61523e-001,2.64024e+001,6.77439e+001,-2.57317e+001
1.51064e-006,-2.56809e-005,6.29883e-002,-1.25977e-001,5.85449e-001,2.95732e+001,7.20732e+001,-2.96951e+001
-4.17945e-005,-8.89601e-006,1.20605e-001,-2.24609e-002,5.38574e-001,3.17073e+001,7.54268e+001,-3.09756e+001
-5.03548e-005,1.25887e-005,1.25488e-001,3.41797e-002,4.90723e-001,3.60366e+001,8.23171e+001,-3.14634e+001
-4.04517e-005,4.07874e-005,8.64258e-002,1.29395e-001,4.48242e-001,3.70122e+001,8.61585e+001,-3.07927e+001
-5.97543e-005,9.71847e-005,4.24805e-002,1.72363e-001,4.92188e-001,3.65244e+001,8.62195e+001,-3.04268e+001
-9.97024e-005,9.56741e-005,-9.81445e-002,2.31934e-001,7.05566e-001,3.34146e+001,8.45732e+001,-2.95122e+001
-1.25216e-004,6.19364e-005,-1.77246e-001,2.46094e-001,8.23242e-001,3.20122e+001,8.37805e+001,-2.92073e+001
-1.38811e-004,3.87732e-005,-3.15430e-001,2.57813e-001,9.59961e-001,2.93902e+001,8.05488e+001,-2.74390e+001
-1.48882e-004,7.21752e-006,-3.54980e-001,2.46094e-001,9.76074e-001,2.73780e+001,7.63415e+001,-2.65244e+001
-1.29412e-004,-3.30663e-005,-3.80859e-001,2.11426e-001,9.24805e-001,2.41463e+001,6.35366e+001,-2.53659e+001
-9.24849e-005,-8.25818e-005,-3.75488e-001,1.85059e-001,8.85254e-001,2.19512e+001,5.57927e+001,-2.48171e+001
-7.08324e-005,-5.52224e-005,-3.40332e-001,1.22559e-001,8.05664e-001,1.75000e+001,4.00000e+001,-2.33537e+001
-4.75013e-005,1.99741e-005,-3.08105e-001,8.20313e-002,7.72949e-001,1.50610e+001,3.32927e+001,-2.29878e+001
-3.40734e-005,2.46738e-005,-2.43652e-001,3.90625e-003,7.14844e-001,1.12195e+001,2.30488e+001,-2.20732e+001
-2.85344e-006,-3.65911e-005,-2.21680e-001,-3.07617e-002,6.78711e-001,1.03049e+001,1.81707e+001,-2.17073e+001
1.96384e-005,-8.54353e-005,-1.92383e-001,-7.47070e-002,5.98145e-001,9.02439e+000,8.59756e+000,-2.03049e+001
2.01419e-005,-1.41161e-004,-2.17773e-001,-9.76563e-002,5.30273e-001,8.59756e+000,2.80488e+000,-1.95732e+001
1.56100e-005,-1.82284e-004,-2.42676e-001,-1.00098e-001,5.12207e-001,6.21951e+000,-1.28049e+001,-1.68902e+001
2.58488e-005,-9.08064e-005,-3.19336e-001,-7.86133e-002,5.34668e-001,5.30488e+000,-2.22561e+001,-1.51220e+001
3.54162e-005,1.24041e-004,-3.71094e-001,-6.00586e-002,5.54688e-001,1.76829e+000,-4.16463e+001,-1.21341e+001
2.16526e-005,3.55673e-004,-4.79980e-001,-5.37109e-003,5.76172e-001,-4.87805e-001,-5.03049e+001,-1.03659e+001
2.75273e-005,4.87266e-004,-5.29785e-001,2.73438e-002,5.70313e-001,-4.45122e+000,-6.41463e+001,-6.03659e+000
6.29435e-005,2.33814e-004,-5.86426e-001,8.00781e-002,5.44922e-001,-6.40244e+000,-6.99390e+001,-4.45122e+000
6.21042e-005,-1.62814e-005,-5.88867e-001,1.07910e-001,5.57129e-001,-1.12805e+001,-8.01829e+001,-1.09756e+000
3.77661e-005,-1.15984e-004,-5.47363e-001,1.35254e-001,6.05469e-001,-1.60366e+001,-8.78659e+001,9.14634e-001
1.02388e-005,-1.53750e-004,-5.08789e-001,1.41113e-001,6.13770e-001,-1.81707e+001,-9.16463e+001,1.95122e+000
2.78630e-005,-1.46029e-004,-3.92090e-001,1.38184e-001,5.98633e-001,-2.19512e+001,-9.79878e+001,4.14634e+000
4.91798e-005,-1.43511e-004,-3.25684e-001,1.30859e-001,5.94727e-001,-2.41463e+001,-1.00793e+002,5.67073e+000
2.70237e-005,-8.29175e-005,-2.01660e-001,1.15234e-001,6.21582e-001,-2.89024e+001,-1.05793e+002,8.35366e+000
-1.22530e-005,1.29244e-005,-1.44043e-001,1.06934e-001,6.35742e-001,-3.14634e+001,-1.08293e+002,1.03049e+001
-5.11940e-005,7.23430e-005,-6.20117e-002,1.03516e-001,6.59180e-001,-3.69512e+001,-1.11646e+002,1.51829e+001
-8.20783e-005,1.35119e-004,-3.12500e-002,1.08398e-001,6.93359e-001,-3.99390e+001,-1.12927e+002,1.76829e+001
-9.55062e-005,1.44854e-004,-9.27734e-003,1.28418e-001,8.19824e-001,-4.64634e+001,-1.14451e+002,2.27439e+001
-8.20783e-005,1.24712e-004,-2.44141e-002,1.45020e-001,9.00391e-001,-4.92073e+001,-1.13415e+002,2.46951e+001
-5.65652e-005,5.45510e-005,-7.27539e-002,1.83105e-001,1.03662e+000,-5.32927e+001,-1.11707e+002,2.81707e+001
-4.17945e-005,-3.69268e-006,-8.05664e-002,1.94336e-001,1.09619e+000,-5.47561e+001,-1.09634e+002,2.92683e+001
-2.48417e-005,-2.97093e-005,-8.54492e-002,2.01660e-001,1.23242e+000,-5.68293e+001,-1.00427e+002,3.10976e+001
1.09102e-005,-3.64233e-005,-5.46875e-002,2.09473e-001,1.38525e+000,-5.70122e+001,-9.48781e+001,3.26220e+001
2.40024e-005,-3.23949e-005,-2.58789e-002,2.12402e-001,1.47119e+000,-5.85366e+001,-8.25000e+001,3.59146e+001
1.93027e-005,-2.06455e-005,9.91211e-002,1.90430e-001,1.58350e+000,-5.84756e+001,-7.48171e+001,3.82317e+001
1.62814e-005,-8.89601e-006,1.90918e-001,1.78223e-001,1.60693e+000,-5.51829e+001,-5.51220e+001,4.45122e+001
2.36667e-005,-1.20851e-005,3.94043e-001,1.33301e-001,1.59766e+000,-5.23781e+001,-4.28049e+001,4.81098e+001
1.54421e-005,-2.88701e-005,5.04883e-001,8.69141e-002,1.55908e+000,-4.37195e+001,-1.19512e+001,5.76829e+001
-1.15816e-005,-5.03548e-005,7.64160e-001,-2.92969e-002,1.43848e+000,-3.75610e+001,6.52439e+000,6.33537e+001
-1.27565e-005,-1.05577e-004,9.25781e-001,-1.15723e-001,1.40918e+000,-2.16463e+001,4.96341e+001,7.67683e+001
3.07164e-005,-1.61639e-004,1.21875e+000,-2.85645e-001,1.34814e+000,-2.56098e+000,9.56098e+001,9.12805e+001
5.35439e-005,-1.62982e-004,1.27832e+000,-3.31543e-001,1.31348e+000,7.01220e+000,1.10488e+002,9.43902e+001
4.71656e-005,-1.29915e-004,1.06201e+000,-2.96875e-001,1.26660e+000,2.21341e+001,1.01220e+002,8.15854e+001
1.98062e-005,-1.04570e-004,8.11035e-001,-2.59766e-001,1.32031e+000,2.73780e+001,7.54268e+001,6.74390e+001
-1.69528e-005,-9.88632e-005,1.56250e-001,-1.67480e-001,1.37109e+000,3.82927e+001,1.22561e+001,4.54878e+001
-4.38087e-005,-4.04517e-005,-2.36328e-001,-1.10352e-001,1.28857e+000,4.31707e+001,-1.79878e+001,3.97561e+001
-7.87213e-005,9.18135e-005,-9.77051e-001,-8.69141e-002,9.55078e-001,4.38415e+001,-7.23171e+001,3.65854e+001
-1.06249e-004,1.53582e-004,-1.19580e+000,-1.25488e-001,7.54395e-001,4.03659e+001,-9.09146e+001,4.05488e+001
-8.34211e-005,8.94636e-005,-1.27539e+000,-2.08008e-001,3.62793e-001,2.96951e+001,-1.03659e+002,5.37195e+001
-5.32082e-005,7.38537e-006,-1.20850e+000,-2.35352e-001,2.17285e-001,2.40854e+001,-1.00793e+002,5.91463e+001
-3.17235e-005,-2.70237e-005,-9.63867e-001,-2.59766e-001,5.17578e-002,1.81707e+001,-8.28049e+001,6.26829e+001
-2.46738e-005,-3.97803e-005,-8.16406e-001,-2.44629e-001,1.56250e-002,1.82317e+001,-6.96951e+001,6.29268e+001
-2.29953e-005,-2.38346e-005,-4.58496e-001,-1.31836e-001,9.27734e-002,1.99390e+001,-3.70732e+001,6.50000e+001
-1.12459e-005,-2.97093e-005,-6.93359e-002,4.24805e-002,3.95996e-001,2.01829e+001,-2.03049e+001,6.72561e+001
1.17494e-006,-2.76951e-005,1.12793e-001,1.20605e-001,6.06934e-001,1.75610e+001,9.87805e+000,7.13415e+001
1.52743e-005,-3.10521e-005,4.22363e-001,2.34863e-001,1.03125e+000,1.63415e+001,2.13415e+001,7.30488e+001
1.89670e-005,-4.54871e-005,5.49316e-001,2.59277e-001,1.18652e+000,1.72561e+001,3.49390e+001,7.03049e+001
2.26596e-005,-3.72625e-005,6.91406e-001,2.36816e-001,1.31543e+000,1.96951e+001,3.79268e+001,6.46951e+001
1.86313e-005,-2.85344e-006,6.88965e-001,1.98730e-001,1.28516e+000,2.34756e+001,3.52439e+001,4.59756e+001
-7.55322e-006,2.73594e-005,4.85352e-001,8.44727e-002,1.08496e+000,2.45122e+001,3.17683e+001,3.46951e+001
-1.69528e-005,3.87732e-005,3.00293e-001,3.27148e-002,9.56055e-001,2.37805e+001,2.51829e+001,1.39024e+001
-5.70687e-006,-4.19623e-006,-1.12305e-001,-3.51563e-002,7.70508e-001,2.06098e+001,1.76220e+001,1.64634e+000
-1.22530e-005,-7.55322e-006,-2.97363e-001,-6.15234e-002,7.25098e-001,1.86585e+001,1.35366e+001,-1.28049e+000
-9.56741e-006,3.07164e-005,-5.49316e-001,-8.78906e-002,6.80664e-001,1.55488e+001,5.24390e+000,-2.80488e+000
-1.67849e-007,6.54612e-006,-6.06445e-001,-8.78906e-002,6.81152e-001,1.32317e+001,1.21951e+000,-2.07317e+000
4.19623e-006,-2.70237e-005,-6.07422e-001,-8.15430e-002,7.46094e-001,6.89024e+000,-6.15854e+000,-1.82927e-001
-4.19623e-006,2.51774e-006,-5.60059e-001,-7.66602e-002,8.09082e-001,4.02439e+000,-8.90244e+000,1.82927e+000
-6.54612e-006,4.14588e-005,-4.01855e-001,-4.10156e-002,9.19922e-001,-7.92683e-001,-1.24390e+001,6.52439e+000
5.87472e-006,6.96574e-005,-3.05664e-001,-1.07422e-002,9.68262e-001,-2.56098e+000,-1.32317e+001,8.65854e+000
-1.19173e-005,9.91989e-005,-1.20605e-001,4.54102e-002,1.03174e+000,-5.42683e+000,-1.17073e+001,1.03049e+001
-3.54162e-005,8.30854e-005,-5.17578e-002,6.59180e-002,1.04346e+000,-6.46341e+000,-9.26829e+000,1.01220e+001
-1.46029e-005,3.94446e-005,5.76172e-002,9.66797e-002,1.03857e+000,-6.03659e+000,-1.15854e+000,8.10976e+000
1.22530e-005,1.17494e-005,8.59375e-002,1.03027e-001,1.02686e+000,-5.67073e+000,3.78049e+000,6.89024e+000
4.98512e-005,-2.34989e-005,1.17676e-001,9.86328e-002,1.00342e+000,-3.71951e+000,1.45122e+001,3.59756e+000
5.89151e-005,-4.41444e-005,1.20117e-001,7.51953e-002,9.83398e-001,-2.62195e+000,1.99390e+001,1.52439e+000
3.54162e-005,-2.80308e-005,1.13281e-001,6.39648e-002,9.81445e-001,-1.03659e+000,3.19512e+001,-1.46341e+000
2.09812e-005,-1.72885e-005,9.27734e-002,4.10156e-002,1.00293e+000,-6.70732e-001,3.75610e+001,-2.98780e+000
-3.05486e-005,6.88182e-006,7.86133e-002,2.88086e-002,1.01904e+000,-6.09756e-002,4.78049e+001,-5.00000e+000
-1.01549e-004,2.09812e-005,4.24805e-002,1.61133e-002,1.05762e+000,2.43902e-001,5.23171e+001,-6.28049e+000
-1.21187e-004,6.04257e-006,2.29492e-002,1.51367e-002,1.07373e+000,-3.04878e-001,6.08537e+001,-7.92683e+000
-1.05577e-004,2.83665e-005,-2.53906e-002,2.44141e-002,1.07568e+000,-2.43902e-001,6.41463e+001,-8.59756e+000
-8.00641e-005,6.41184e-005,-6.20117e-002,2.58789e-002,1.07324e+000,-1.82927e-001,6.66463e+001,-1.08537e+001
-5.58938e-005,5.15297e-005,-1.41602e-001,3.22266e-002,1.03760e+000,-4.26829e-001,6.56707e+001,-1.37195e+001
-3.77661e-005,1.49386e-005,-1.85059e-001,3.90625e-002,1.03223e+000,-1.82927e-001,6.43293e+001,-1.48171e+001
-3.07164e-005,-1.67849e-007,-2.56836e-001,4.44336e-002,1.02051e+000,-1.03659e+000,5.90244e+001,-1.51220e+001
-3.37377e-005,1.51064e-006,-2.74414e-001,4.05273e-002,1.02637e+000,-1.03659e+000,5.64634e+001,-1.53659e+001
-2.29953e-005,-1.02388e-005,-2.76367e-001,1.66016e-002,1.04736e+000,4.26829e-001,5.07927e+001,-1.54878e+001
-1.61135e-005,-1.46029e-005,-2.80762e-001,6.83594e-003,1.05029e+000,1.09756e+000,4.68902e+001,-1.62805e+001
-2.31632e-005,-1.52743e-005,-2.97852e-001,-5.37109e-003,1.04736e+000,2.07317e+000,3.73171e+001,-1.73171e+001
-1.86313e-005,-2.03098e-005,-3.00293e-001,-9.27734e-003,1.05908e+000,2.13415e+000,3.16463e+001,-1.74390e+001
-9.23171e-006,-1.84634e-005,-2.91016e-001,-2.24609e-002,1.07617e+000,1.52439e+000,2.10976e+001,-1.75610e+001
-4.86763e-006,-1.54421e-005,-2.87109e-001,-2.09961e-002,1.07715e+000,3.04878e-001,1.68293e+001,-1.76220e+001
-1.84634e-006,-1.57778e-005,-2.67090e-001,-3.32031e-002,1.14844e+000,-2.37805e+000,1.08537e+001,-1.64024e+001
-2.85344e-006,-2.19883e-005,-2.48047e-001,-4.68750e-002,1.13574e+000,-2.13415e+000,8.65854e+000,-1.42073e+001
-1.51064e-006,-1.79599e-005,-2.34375e-001,-4.00391e-002,1.04639e+000,-1.76829e+000,3.47561e+000,-1.37805e+001
8.39246e-007,-4.19623e-006,-2.37305e-001,-4.39453e-002,1.00293e+000,-2.74390e+000,5.48781e-001,-1.53049e+001
-2.51774e-006,-5.53903e-006,-2.40723e-001,-4.73633e-002,9.85840e-001,-2.01220e+000,-4.08537e+000,-1.92073e+001
-4.86763e-006,-6.02579e-005,-2.32910e-001,-3.90625e-002,9.82910e-001,-1.03659e+000,-5.18293e+000,-2.04878e+001
-1.29244e-005,-7.80499e-005,-2.29004e-001,-3.22266e-002,9.99512e-001,1.03659e+000,-5.73171e+000,-2.28049e+001
-1.52743e-005,-4.91798e-005,-2.13379e-001,-5.85938e-003,1.06494e+000,1.76829e+000,-5.97561e+000,-2.35366e+001
-9.56741e-006,-2.76951e-005,-2.08008e-001,1.26953e-002,1.09668e+000,1.89024e+000,-5.97561e+000,-2.50000e+001
-8.22461e-006,-9.39956e-006,-2.04590e-001,4.39453e-002,1.17041e+000,1.15854e+000,-5.85366e+000,-2.58537e+001
-1.10781e-005,-1.39315e-005,-1.97754e-001,5.07813e-002,1.19189e+000,6.09756e-002,-5.18293e+000,-2.81707e+001
-6.88182e-006,-1.72885e-005,-1.63086e-001,5.90820e-002,1.18994e+000,1.28049e+000,-1.95122e+000,-3.05488e+001
-4.86763e-006,-2.16526e-005,-1.33301e-001,6.73828e-002,1.17285e+000,2.13415e+000,1.28049e+000,-3.17073e+001
-4.53193e-006,-2.50095e-005,-6.88477e-002,6.83594e-002,1.14160e+000,4.08537e+000,1.00000e+001,-3.51220e+001
-8.22461e-006,-2.70237e-005,-4.58984e-002,6.64063e-002,1.12988e+000,5.18293e+000,1.44512e+001,-3.74390e+001
-8.39246e-006,-2.48417e-005,-3.36914e-002,7.08008e-002,1.13965e+000,8.53659e+000,2.27439e+001,-4.14024e+001
-1.02388e-005,-3.77661e-005,-3.85742e-002,6.93359e-002,1.15234e+000,1.00610e+001,2.57927e+001,-4.39634e+001
-1.02388e-005,-4.31373e-005,-6.29883e-002,6.34766e-002,1.16943e+000,1.41463e+001,3.20732e+001,-4.57317e+001
-1.29244e-005,-9.56741e-006,-7.86133e-002,5.46875e-002,1.17920e+000,1.54878e+001,3.40244e+001,-4.56707e+001
-1.09102e-005,1.35958e-005,-1.06445e-001,4.58984e-002,1.21191e+000,1.75000e+001,3.75610e+001,-4.37195e+001
-1.15816e-005,1.35958e-005,-1.16699e-001,3.80859e-002,1.22314e+000,1.87805e+001,3.92683e+001,-4.20732e+001
-9.06386e-006,1.72885e-005,-1.30371e-001,1.02539e-002,1.21582e+000,2.19512e+001,4.23780e+001,-3.83537e+001
-6.54612e-006,5.15297e-005,-1.29883e-001,-1.12305e-002,1.15625e+000,2.45732e+001,4.39024e+001,-3.58537e+001
-9.90310e-006,3.94446e-005,-9.66797e-002,-5.46875e-002,9.11133e-001,2.92073e+001,4.75610e+001,-2.93902e+001
-1.39315e-005,-2.09812e-005,-5.85938e-002,-1.06445e-001,6.51367e-001,3.01829e+001,5.04268e+001,-2.59756e+001
-1.46029e-005,-7.13359e-005,-4.63867e-002,-1.44531e-001,5.55664e-001,3.03659e+001,6.01829e+001,-1.96341e+001
-1.84634e-005,-9.31563e-005,-3.07617e-002,-2.13379e-001,4.69238e-001,2.94512e+001,6.53049e+001,-1.71951e+001
-1.93027e-005,-6.05936e-005,-1.56250e-002,-2.32910e-001,4.66797e-001,2.70122e+001,7.04878e+001,-1.62805e+001
-1.56100e-005,-5.99222e-005,4.10156e-002,-2.10938e-001,5.35156e-001,2.60366e+001,7.12195e+001,-1.74390e+001
-1.62814e-005,-9.38277e-005,7.81250e-002,-1.62598e-001,5.78613e-001,2.71341e+001,7.31707e+001,-2.42073e+001
-1.35958e-005,-6.83146e-005,1.14746e-001,-2.09961e-002,6.33789e-001,2.90854e+001,7.53659e+001,-2.82317e+001
-8.56031e-006,-1.44350e-005,1.06445e-001,6.25000e-002,6.49902e-001,3.35976e+001,8.19512e+001,-3.42683e+001
-8.56031e-006,6.54612e-006,4.44336e-002,2.00684e-001,6.69434e-001,3.67683e+001,8.62195e+001,-3.58537e+001
-7.88891e-006,2.51774e-006,-6.34766e-003,2.61230e-001,6.71875e-001,3.81098e+001,8.59146e+001,-3.50610e+001
-1.09102e-005,-2.16526e-005,-1.52832e-001,3.52051e-001,7.43164e-001,3.73780e+001,8.00000e+001,-3.21951e+001
-1.49386e-005,-3.94446e-005,-2.36816e-001,3.75977e-001,8.08594e-001,3.54878e+001,7.50000e+001,-2.99390e+001
-1.12459e-005,-8.47639e-005,-3.69141e-001,3.65723e-001,9.36035e-001,3.00000e+001,6.48171e+001,-2.51220e+001
1.09102e-005,-1.04906e-004,-4.06250e-001,3.32520e-001,9.75586e-001,2.72561e+001,6.01829e+001,-2.29268e+001
4.01160e-005,3.74304e-005,-4.08691e-001,2.36816e-001,9.78027e-001,2.32317e+001,4.85366e+001,-1.90244e+001
2.46738e-005,1.47539e-004,-3.78418e-001,1.85547e-001,9.46777e-001,2.20732e+001,4.12805e+001,-1.76829e+001
1.10781e-005,9.51705e-005,-3.27148e-001,9.27734e-002,8.74023e-001,1.92073e+001,2.62805e+001,-1.59756e+001
3.62554e-005,5.35439e-005,-3.00781e-001,4.58984e-002,8.41797e-001,1.66463e+001,1.87195e+001,-1.51220e+001
5.53903e-005,1.99741e-005,-2.36816e-001,-3.61328e-002,8.46191e-001,1.25610e+001,5.67073e+000,-1.34146e+001
5.69009e-005,-1.72885e-005,-2.14355e-001,-7.66602e-002,8.71582e-001,1.07317e+001,-6.09756e-002,-1.26829e+001
4.61585e-005,-4.68299e-005,-1.85547e-001,-1.24023e-001,9.37988e-001,9.26829e+000,-1.06707e+001,-1.14634e+001
5.79080e-005,2.71916e-005,-2.00195e-001,-1.25977e-001,9.31641e-001,9.39024e+000,-1.65854e+001,-1.01829e+001
8.02319e-005,1.21187e-004,-2.22656e-001,-1.11816e-001,8.91113e-001,9.14634e+000,-3.02439e+001,-7.80488e+000
8.20783e-005,4.75013e-005,-2.71973e-001,-6.59180e-002,7.76855e-001,8.71951e+000,-3.70122e+001,-7.07317e+000
6.81468e-005,1.22530e-005,-2.98828e-001,-3.95508e-002,7.04590e-001,7.92683e+000,-5.04878e+001,-6.70732e+000
-4.93477e-005,2.51774e-006,-3.61816e-001,4.39453e-003,5.22461e-001,7.98780e+000,-5.63415e+001,-7.74390e+000
-1.46029e-004,-2.50095e-005,-3.98438e-001,1.22070e-002,4.09668e-001,9.81707e+000,-6.74390e+001,-1.01220e+001
-1.70367e-004,-2.53452e-005,-4.61914e-001,3.07617e-002,1.79199e-001,1.19512e+001,-7.20732e+001,-1.13415e+001
-1.60296e-004,-4.01160e-005,-4.95117e-001,3.46680e-002,9.57031e-002,1.52439e+001,-8.16463e+001,-1.39634e+001
-9.81918e-005,-1.21187e-004,-5.61523e-001,1.41602e-002,-2.88086e-002,1.76829e+001,-8.90854e+001,-1.59146e+001
-5.25368e-005,-2.05783e-004,-5.88379e-001,2.92969e-003,-8.69141e-002,1.86585e+001,-9.24390e+001,-1.54268e+001
-5.08583e-005,-2.04944e-004,-6.03027e-001,-2.14844e-002,-1.47949e-001,1.81098e+001,-9.72561e+001,-1.34146e+001
5.37118e-006,-1.08598e-004,-6.04004e-001,-3.07617e-002,-1.35254e-001,1.60366e+001,-9.78659e+001,-1.21951e+001
6.98253e-005,4.68299e-005,-6.04980e-001,-4.98047e-002,-2.00195e-002,1.08537e+001,-9.34756e+001,-8.78049e+000
6.07614e-005,1.20348e-004,-5.85938e-001,-5.32227e-002,7.51953e-002,7.80488e+000,-9.01829e+001,-6.58537e+000
-2.16526e-005,1.90509e-004,-4.94141e-001,-3.80859e-002,3.16895e-001,1.70732e+000,-8.28049e+001,-2.01220e+000
-1.19844e-004,2.79805e-004,-4.26758e-001,-2.53906e-002,4.46289e-001,-1.09756e+000,-7.88415e+001,-3.65854e-001
-1.54589e-004,3.38048e-004,-2.70020e-001,2.63672e-002,6.43066e-001,-6.95122e+000,-7.34146e+001,9.14634e-001
-1.56939e-004,2.95247e-004,-1.94336e-001,5.61523e-002,6.97754e-001,-1.04878e+001,-7.21341e+001,1.09756e+000
-1.90173e-004,1.62982e-004,-6.68945e-002,1.21094e-001,7.63672e-001,-1.87195e+001,-7.40854e+001,6.70732e-001
-1.66842e-004,8.64424e-005,-1.26953e-002,1.50879e-001,8.06152e-001,-2.38415e+001,-7.59756e+001,6.09756e-002
1.76242e-005,8.87923e-005,4.63867e-002,2.02148e-001,8.85742e-001,-3.26220e+001,-7.97561e+001,-1.03659e+000
2.42206e-004,5.82437e-005,7.37305e-002,2.43652e-001,9.47754e-001,-3.59756e+001,-8.07317e+001,-8.53659e-001
2.63691e-004,-1.31426e-004,8.93555e-002,2.48047e-001,1.00586e+000,-4.23171e+001,-7.97561e+001,3.65854e-001
1.65499e-004,-3.05486e-004,1.12305e-001,2.38770e-001,1.16699e+000,-4.30488e+001,-7.71341e+001,1.76829e+000
7.55322e-006,-2.80812e-004,1.28906e-001,2.36328e-001,1.25781e+000,-4.28049e+001,-6.85976e+001,4.32927e+000
-1.81445e-004,-2.67384e-004,1.67969e-001,2.17773e-001,1.43994e+000,-4.23780e+001,-6.21951e+001,6.52439e+000
-3.20424e-004,-3.35866e-004,2.00684e-001,2.11426e-001,1.50342e+000,-4.18293e+001,-4.52439e+001,1.32317e+001
-3.33516e-004,-2.62684e-004,2.84668e-001,1.96289e-001,1.57275e+000,-4.19512e+001,-3.65854e+001,1.77439e+001
-6.88182e-006,3.40734e-005,3.34473e-001,1.75293e-001,1.57959e+000,-4.12195e+001,-1.45122e+001,2.78049e+001
3.78332e-004,3.20088e-004,4.83887e-001,1.05469e-001,1.55908e+000,-3.80488e+001,1.20732e+001,4.01829e+001
5.22011e-004,2.68894e-004,5.80566e-001,5.90820e-002,1.56104e+000,-3.53659e+001,2.60366e+001,4.77439e+001
4.81559e-004,1.64660e-004,7.93945e-001,-3.85742e-002,1.57227e+000,-2.96341e+001,5.20122e+001,6.76829e+001
3.00282e-004,1.66339e-004,8.64258e-001,-6.49414e-002,1.63428e+000,-2.64024e+001,6.03049e+001,7.59756e+001
3.20592e-005,1.42000e-004,7.66602e-001,-2.09961e-002,1.86865e+000,-1.53049e+001,4.60976e+001,7.41463e+001
-3.43587e-004,8.94636e-005,5.93262e-001,9.76563e-003,2.02539e+000,-8.04878e+000,1.89024e+001,6.54268e+001
-5.81765e-004,8.67781e-005,1.80664e-002,8.10547e-002,2.11816e+000,1.33537e+001,-5.50000e+001,4.21341e+001
-6.69215e-004,1.48714e-004,-3.56934e-001,1.24023e-001,1.95459e+000,2.25000e+001,-8.85976e+001,3.34756e+001
-6.26078e-004,1.16655e-004,-9.91211e-001,1.18164e-001,1.38184e+000,2.49390e+001,-1.33841e+002,3.22561e+001
-3.91592e-004,1.04570e-004,-1.12842e+000,5.02930e-002,1.09229e+000,1.92683e+001,-1.48841e+002,4.01220e+001
-9.66812e-005,9.11421e-005,-1.09570e+000,-1.31348e-001,6.40137e-001,4.14634e+000,-1.63537e+002,5.95732e+001
6.00900e-005,1.17998e-004,-1.02832e+000,-2.15820e-001,4.49707e-001,-1.76829e+000,-1.61707e+002,6.60976e+001
8.67781e-005,4.14588e-005,-8.77441e-001,-3.54980e-001,1.46973e-001,-5.12195e+000,-1.43780e+002,7.36585e+001
7.70428e-005,-1.06249e-004,-6.45508e-001,-4.09180e-001,-2.44141e-002,-3.35366e+000,-1.30183e+002,7.52439e+001
-9.23171e-006,-1.44686e-004,-5.01953e-001,-3.93555e-001,-1.12305e-002,2.62195e+000,-9.53659e+001,7.64024e+001
-6.09293e-005,-1.33104e-004,-1.87988e-001,-2.74414e-001,2.33398e-001,5.79268e+000,-7.54878e+001,7.83537e+001
-1.84634e-005,-1.22026e-004,-2.05078e-002,-1.83594e-001,4.23828e-001,8.35366e+000,-3.50610e+001,8.44512e+001
8.37568e-005,-1.10277e-004,3.19336e-001,6.83594e-003,8.48633e-001,8.84146e+000,-1.53659e+001,8.77439e+001
2.43717e-004,-1.44015e-004,4.74609e-001,9.22852e-002,1.03223e+000,1.01220e+001,1.70122e+001,9.16463e+001
5.05394e-004,-2.31464e-004,7.37305e-001,2.05078e-001,1.26318e+000,1.24390e+001,2.85976e+001,9.10366e+001
6.57801e-004,-1.46868e-004,8.09570e-001,2.33398e-001,1.28320e+000,1.93902e+001,4.14024e+001,8.14024e+001
5.28893e-004,-1.06920e-004,7.99805e-001,2.51953e-001,1.10303e+000,2.48780e+001,4.07317e+001,6.15854e+001
1.88495e-004,-1.51904e-004,7.10938e-001,2.45117e-001,9.69727e-001,2.53659e+001,3.64024e+001,4.79268e+001
-1.07088e-004,-6.59647e-005,3.64258e-001,1.66992e-001,7.91992e-001,2.56707e+001,2.98171e+001,2.21341e+001
-2.54292e-004,-4.61585e-005,1.48438e-001,1.15234e-001,7.30469e-001,2.61585e+001,2.66463e+001,1.30488e+001
-4.88273e-004,-3.91089e-005,-2.32910e-001,2.68555e-002,6.86035e-001,2.61585e+001,1.95732e+001,1.15854e+000
-6.35309e-004,-8.61067e-005,-3.81348e-001,-1.31836e-002,6.87988e-001,2.50000e+001,1.51220e+001,-2.31707e+000
-5.58099e-004,5.53903e-005,-5.84961e-001,-8.30078e-002,7.14844e-001,2.14634e+001,5.42683e+000,-7.25610e+000
-2.79469e-004,2.68055e-004,-6.37695e-001,-1.05957e-001,7.37793e-001,1.90244e+001,6.09756e-002,-8.10976e+000
9.11421e-005,3.50637e-004,-6.51855e-001,-1.25488e-001,8.04688e-001,1.23171e+001,-9.87805e+000,-7.31707e+000
2.63523e-004,2.65705e-004,-6.10352e-001,-1.22559e-001,8.36914e-001,8.65854e+000,-1.41463e+001,-5.24390e+000
1.75738e-004,4.14588e-005,-4.45313e-001,-7.47070e-002,9.05273e-001,1.64634e+000,-1.79878e+001,3.04878e-001
7.36858e-005,-2.29450e-004,-3.33008e-001,-3.75977e-002,9.37988e-001,-7.31707e-001,-1.67683e+001,2.80488e+000
6.09293e-005,-3.17403e-004,-1.04980e-001,4.63867e-002,1.00439e+000,-4.39024e+000,-1.03049e+001,4.57317e+000
-4.93477e-005,-2.79133e-004,7.61719e-002,1.28418e-001,1.04932e+000,-4.45122e+000,-4.75610e+000,4.32927e+000
-2.85679e-004,-1.62646e-004,1.42578e-001,1.58203e-001,1.06641e+000,-3.84146e+000,7.62195e+000,1.82927e+000
-4.61418e-004,-6.42863e-005,2.19238e-001,1.84570e-001,1.08301e+000,-3.29268e+000,1.38415e+001,4.87805e-001
-3.76150e-004,2.18204e-005,2.37305e-001,1.84570e-001,1.07813e+000,-7.92683e-001,2.70122e+001,-2.56098e+000
-2.51270e-004,2.49256e-004,2.35840e-001,1.53809e-001,1.06299e+000,6.09756e-002,3.27439e+001,-4.39024e+000
-1.88327e-004,4.06363e-004,2.23145e-001,1.31836e-001,1.05225e+000,1.70732e+000,4.42683e+001,-8.53659e+000
-8.74495e-005,1.78088e-004,1.75781e-001,8.78906e-002,1.04980e+000,2.68293e+000,4.92073e+001,-1.06098e+001
2.11490e-005,9.61776e-005,1.34766e-001,7.27539e-002,1.05762e+000,3.84146e+000,5.71951e+001,-1.40244e+001
2.14343e-004,1.11116e-004,3.95508e-002,6.10352e-002,1.04639e+000,1.82927e+000,6.31707e+001,-1.53049e+001
1.82788e-004,1.01213e-004,-7.32422e-003,5.51758e-002,1.05664e+000,3.65854e-001,6.46341e+001,-1.53659e+001
7.15038e-005,1.03227e-004,-8.78906e-002,3.75977e-002,1.12500e+000,-2.62195e+000,6.33537e+001,-1.50610e+001
2.08972e-004,1.03899e-004,-1.19141e-001,2.73438e-002,1.15576e+000,-3.23171e+000,6.19512e+001,-1.53049e+001
2.66545e-004,1.98398e-004,-1.60645e-001,2.63672e-002,1.15381e+000,-3.04878e+000,5.79268e+001,-1.58537e+001
2.06622e-004,1.86481e-004,-1.78223e-001,3.02734e-002,1.12500e+000,-3.65854e+000,5.62805e+001,-1.60976e+001
7.58679e-005,-8.27497e-005,-2.27539e-001,4.05273e-002,1.10693e+000,-5.67073e+000,5.22561e+001,-1.54268e+001
3.35698e-007,-2.84840e-004,-2.43652e-001,4.58984e-002,1.10889e+000,-6.28049e+000,4.96341e+001,-1.51829e+001
1.35454e-004,-3.23781e-004,-2.87598e-001,4.93164e-002,1.11621e+000,-6.82927e+000,4.10976e+001,-1.58537e+001
2.06622e-004,-3.58694e-004,-3.11035e-001,4.49219e-002,1.11670e+000,-6.21951e+000,3.53049e+001,-1.66463e+001
7.16716e-005,-1.93530e-004,-3.48145e-001,2.34375e-002,1.13965e+000,-5.18293e+000,2.16463e+001,-1.69512e+001
-8.54353e-005,-8.07355e-005,-3.64258e-001,1.07422e-002,1.16064e+000,-4.39024e+000,1.55488e+001,-1.65854e+001
-2.63523e-005,-6.73075e-005,-3.73047e-001,-7.32422e-003,1.16162e+000,-2.80488e+000,6.34146e+000,-1.52439e+001
-1.00710e-006,-5.95865e-005,-3.43262e-001,-1.51367e-002,1.14990e+000,-3.04878e+000,2.68293e+000,-1.50000e+001
-3.02129e-005,6.36149e-005,-3.25684e-001,-1.90430e-002,1.18213e+000,-6.15854e+000,-2.07317e+000,-1.50000e+001
1.00206e-004,1.46532e-004,-2.86621e-001,-4.78516e-002,1.20410e+000,-7.50000e+000,-3.96341e+000,-1.51220e+001
2.68223e-004,1.54086e-004,-2.55371e-001,-4.93164e-002,1.15674e+000,-8.17073e+000,-5.42683e+000,-1.25000e+001
2.82490e-004,1.02724e-004,-2.33887e-001,-3.36914e-002,1.07275e+000,-8.78049e+000,-5.60976e+000,-1.37195e+001
3.03639e-004,3.44091e-005,-2.16797e-001,-2.68555e-002,1.05469e+000,-1.01220e+001,-6.52439e+000,-1.92683e+001
1.21859e-004,2.53452e-005,-1.80176e-001,-9.27734e-003,1.04443e+000,-1.00610e+001,-5.67073e+000,-2.18293e+001
-1.34783e-004,2.46738e-005,-1.61621e-001,-2.92969e-003,1.05566e+000,-9.20732e+000,3.04878e-001,-2.53049e+001
-2.24918e-004,1.45525e-004,-1.30859e-001,1.80664e-002,1.10693e+000,-6.70732e+000,8.41463e+000,-2.73171e+001
-2.66880e-004,1.90845e-004,-1.08887e-001,2.73438e-002,1.13086e+000,-5.42683e+000,1.22561e+001,-2.84756e+001
-2.32135e-004,-3.87732e-005,-8.25195e-002,4.58984e-002,1.14160e+000,-2.92683e+000,2.00610e+001,-3.09756e+001
-1.94873e-004,-1.59289e-004,-7.32422e-002,5.51758e-002,1.13525e+000,-1.46341e+000,2.45732e+001,-3.25000e+001
-1.12459e-004,-2.02930e-004,-6.05469e-002,6.54297e-002,1.09277e+000,1.46341e+000,3.35366e+001,-3.51829e+001
2.70237e-005,-5.85794e-005,-5.41992e-002,6.83594e-002,1.06689e+000,2.68293e+000,3.73780e+001,-3.60976e+001
1.89670e-005,6.94896e-005,-4.83398e-002,7.66602e-002,1.05811e+000,5.18293e+000,4.45122e+001,-3.97561e+001
4.64942e-005,-1.02556e-004,-5.81055e-002,7.86133e-002,1.06299e+000,6.95122e+000,4.75000e+001,-4.14634e+001
8.64424e-005,-2.29114e-004,-9.08203e-002,7.86133e-002,1.12402e+000,8.04878e+000,5.14024e+001,-4.42073e+001
-8.22461e-006,-1.97223e-004,-1.22559e-001,7.47070e-002,1.15234e+000,9.02439e+000,5.51829e+001,-4.57317e+001
-8.34211e-005,-1.45693e-004,-1.90430e-001,6.49414e-002,1.18945e+000,1.24390e+001,6.09146e+001,-4.60366e+001
-5.55581e-005,-1.14305e-004,-2.02637e-001,4.93164e-002,1.19238e+000,1.43902e+001,6.14634e+001,-4.54878e+001
1.39315e-005,-6.19364e-005,-1.94336e-001,2.19727e-002,1.19287e+000,2.00000e+001,5.95122e+001,-4.32317e+001
4.98512e-005,1.54253e-004,-1.98242e-001,-8.78906e-003,1.14160e+000,2.35366e+001,5.82927e+001,-4.15854e+001
8.54353e-005,2.48920e-004,-2.00195e-001,-2.24609e-002,1.09033e+000,2.81707e+001,5.43902e+001,-3.73171e+001
1.25719e-004,1.58618e-004,-2.22168e-001,-8.10547e-002,9.25781e-001,2.93293e+001,5.25000e+001,-3.40244e+001
3.10521e-005,1.11284e-004,-2.40723e-001,-1.34277e-001,7.93457e-001,3.06707e+001,5.17073e+001,-2.42073e+001
-5.42153e-005,8.07355e-005,-2.23633e-001,-3.02734e-001,4.04297e-001,3.10976e+001,5.15244e+001,-1.70122e+001
-4.75013e-005,2.53452e-005,-1.87500e-001,-3.89648e-001,2.09473e-001,3.21951e+001,5.06707e+001,-2.07317e+000
-6.37827e-006,-6.31113e-005,-8.00781e-002,-4.47754e-001,6.15234e-002,3.10366e+001,4.91463e+001,2.07317e+000
-4.71656e-005,-9.88632e-005,4.88281e-004,-3.90137e-001,1.38672e-001,2.78049e+001,4.85366e+001,-4.75610e+000
-1.13970e-004,-7.13359e-005,1.51367e-001,-1.52344e-001,4.76074e-001,2.48780e+001,6.29878e+001,-2.79878e+001
-8.67781e-005,-1.02388e-005,1.78711e-001,-2.09961e-002,6.53809e-001,2.50610e+001,7.46951e+001,-3.81098e+001
-4.48157e-005,-1.15816e-005,1.69434e-001,2.16797e-001,8.50098e-001,2.88415e+001,9.32317e+001,-4.51220e+001
-6.86503e-005,-3.65911e-005,1.60156e-001,3.17871e-001,8.71094e-001,3.17073e+001,9.71341e+001,-4.07317e+001
-1.59121e-004,-8.25818e-005,1.23535e-001,4.78027e-001,8.41797e-001,3.48171e+001,9.40854e+001,-2.65854e+001
-1.23705e-004,-9.95346e-005,7.61719e-002,5.32715e-001,8.15430e-001,3.56707e+001,9.00610e+001,-1.98780e+001
-4.78370e-005,-9.18135e-005,-9.37500e-002,5.73730e-001,7.72949e-001,3.26829e+001,7.58537e+001,-1.50000e+001
0.00000e+000,-9.31563e-005,-2.07520e-001,5.44434e-001,7.73926e-001,2.96951e+001,6.71341e+001,-1.48171e+001
3.70947e-005,-1.40490e-004,-4.24805e-001,3.96973e-001,8.13965e-001,2.18902e+001,4.90854e+001,-1.51220e+001
5.65652e-005,-6.73075e-005,-4.84375e-001,3.01758e-001,8.45703e-001,1.81707e+001,4.06098e+001,-1.44512e+001
2.36667e-005,6.14328e-005,-4.87305e-001,1.06934e-001,9.27246e-001,1.15244e+001,2.60976e+001,-1.21341e+001
-1.54421e-005,4.90120e-005,-4.46289e-001,1.26953e-002,9.65332e-001,8.35366e+000,1.87805e+001,-1.14634e+001
-1.29244e-005,2.11490e-005,-2.96387e-001,-1.36719e-001,1.01807e+000,4.08537e+000,8.04878e+000,-9.87805e+000
8.39246e-007,5.20333e-005,-1.26953e-001,-2.28516e-001,1.00781e+000,3.04878e+000,4.39024e+000,-8.53659e+000
7.82177e-005,1.01884e-004,-5.27344e-002,-2.46094e-001,9.79004e-001,3.84146e+000,-1.34146e+000,-4.51220e+000
1.22362e-004,1.52239e-004,2.78320e-002,-2.15332e-001,9.34570e-001,4.39024e+000,-4.02439e+000,-2.43902e+000
9.11421e-005,2.48249e-004,3.12500e-002,-1.78711e-001,9.40918e-001,4.69512e+000,-9.20732e+000,-6.09756e-002
3.50805e-005,1.48379e-004,-1.31836e-002,-9.57031e-002,1.00830e+000,4.39024e+000,-1.17683e+001,3.04878e-001
5.87472e-006,-2.63523e-005,-5.17578e-002,-4.24805e-002,1.05225e+000,4.08537e+000,-1.77439e+001,-6.09756e-001
-4.11231e-005,-5.42153e-005,-1.37695e-001,5.46875e-002,1.08301e+000,3.84146e+000,-2.05488e+001,-1.64634e+000
-1.01884e-004,-2.29953e-005,-1.83594e-001,9.37500e-002,1.06152e+000,3.71951e+000,-2.48171e+001,-2.86585e+000
-9.71847e-005,-4.69978e-005,-2.55371e-001,1.33789e-001,8.42285e-001,6.40244e+000,-3.07927e+001,-2.80488e+000
-7.40215e-005,-5.84115e-005,-2.71973e-001,1.39160e-001,6.66992e-001,8.41463e+000,-3.42683e+001,-2.56098e+000
-6.54612e-005,-2.66880e-005,-2.87598e-001,1.07422e-001,3.45215e-001,1.31098e+001,-4.15244e+001,-2.62195e+000
-2.46738e-005,4.61585e-005,-2.91504e-001,7.76367e-002,2.08984e-001,1.57927e+001,-4.54268e+001,-3.41463e+000
-3.87732e-005,1.07088e-004,-3.31055e-001,1.95313e-003,1.66016e-002,2.14634e+001,-5.28049e+001,-5.06098e+000
-4.68299e-005,-1.56100e-005,-3.68164e-001,-3.36914e-002,-3.71094e-002,2.37195e+001,-5.65854e+001,-6.03659e+000
-3.50805e-005,-5.33761e-005,-4.81934e-001,-1.06445e-001,-1.21094e-001,2.69512e+001,-6.45732e+001,-7.62195e+000
-7.26787e-005,-4.51514e-005,-5.35156e-001,-1.33789e-001,-1.34766e-001,2.76220e+001,-6.79268e+001,-7.50000e+000
-8.94636e-005,-3.91089e-005,-6.08398e-001,-1.75781e-001,-1.45020e-001,2.86585e+001,-7.19512e+001,-6.09756e+000
-4.61585e-005,-3.37377e-005,-6.38184e-001,-1.85547e-001,-1.57227e-001,2.84756e+001,-7.25000e+001,-6.15854e+000
-7.55322e-006,-6.29435e-005,-6.87500e-001,-1.66504e-001,-1.44043e-001,2.71341e+001,-7.29268e+001,-7.13415e+000
1.29244e-005,-8.40925e-005,-7.01172e-001,-1.48926e-001,-1.16699e-001,2.64634e+001,-7.27439e+001,-8.17073e+000
2.93736e-005,-6.14328e-005,-7.08984e-001,-9.96094e-002,1.12305e-002,2.25000e+001,-7.28049e+001,-9.45122e+000
4.73335e-005,-2.16526e-005,-6.45020e-001,-4.29688e-002,2.20215e-001,1.99390e+001,-7.23781e+001,-1.00610e+001
5.45510e-005,-2.33310e-005,-5.92773e-001,-1.61133e-002,3.15430e-001,1.29878e+001,-6.98781e+001,-1.06707e+001
2.76951e-005,-3.37377e-005,-4.29688e-001,2.58789e-002,4.70215e-001,9.39024e+000,-6.85976e+001,-1.08537e+001
8.89601e-006,-3.37377e-005,-3.37402e-001,4.58984e-002,5.22461e-001,2.43902e+000,-6.47561e+001,-1.09146e+001
-6.54612e-006,-2.78630e-005,-1.26953e-001,8.74023e-002,6.19629e-001,-9.75610e-001,-6.34146e+001,-1.09146e+001
-1.51064e-005,-1.29244e-005,-3.95508e-002,1.06934e-001,6.73828e-001,-8.78049e+000,-5.92073e+001,-1.09756e+001
-1.49386e-005,-3.18914e-006,9.91211e-002,1.34277e-001,7.79297e-001,-1.27439e+001,-5.66463e+001,-1.09146e+001
-1.82956e-005,-1.69528e-005,1.54785e-001,1.49414e-001,8.35938e-001,-2.08537e+001,-5.20732e+001,-9.51220e+000
-2.19883e-005,-2.56809e-005,1.92383e-001,1.89453e-001,9.37012e-001,-2.81098e+001,-4.81098e+001,-6.70732e+000
-1.89670e-005,-3.08843e-005,1.96777e-001,2.08984e-001,1.00781e+000,-3.14634e+001,-4.56098e+001,-4.81707e+000
-2.19883e-005,-3.77661e-005,1.82617e-001,2.50977e-001,1.19385e+000,-3.61585e+001,-3.93293e+001,-2.50000e+000
-2.43381e-005,-1.35958e-005,1.71387e-001,2.76367e-001,1.31299e+000,-3.82317e+001,-3.42683e+001,-1.40244e+000
-2.61845e-005,3.07164e-005,1.55273e-001,3.07617e-001,1.54590e+000,-3.98780e+001,-2.05488e+001,7.92683e-001
-2.33310e-005,4.04517e-005,1.49414e-001,3.18848e-001,1.63037e+000,-4.03049e+001,-1.34756e+001,3.29268e+000
-1.62814e-005,3.54162e-005,1.87012e-001,3.37402e-001,1.72314e+000,-4.24390e+001,2.31707e+000,1.05488e+001
-1.54421e-005,1.32601e-005,2.07031e-001,3.40332e-001,1.72168e+000,-4.32927e+001,1.07317e+001,1.54268e+001
-1.44350e-005,-8.89601e-006,2.98340e-001,3.21289e-001,1.66260e+000,-4.48171e+001,2.86585e+001,2.79268e+001
-9.23171e-006,-5.85794e-005,3.90137e-001,2.87598e-001,1.64941e+000,-4.51220e+001,3.98171e+001,3.62805e+001
-2.34989e-006,-7.33501e-005,6.36230e-001,1.76758e-001,1.63770e+000,-4.58537e+001,6.63415e+001,5.79268e+001
-6.21042e-006,2.46738e-005,7.65625e-001,1.25977e-001,1.69629e+000,-4.56098e+001,8.08537e+001,6.96341e+001
-1.56100e-005,7.60357e-005,8.17383e-001,1.19141e-001,2.00977e+000,-3.88415e+001,9.07927e+001,7.99390e+001
-1.52743e-005,7.03288e-005,4.85352e-001,1.43066e-001,2.38672e+000,-2.98171e+001,7.41463e+001,7.38415e+001
-1.29244e-005,5.13619e-005,1.68945e-001,1.59180e-001,2.29199e+000,9.81707e+000,1.35976e+001,4.32927e+001
3.18914e-006,6.71397e-007,-4.84375e-001,1.51367e-001,1.74707e+000,2.71951e+001,-1.54878e+001,2.98171e+001
2.18204e-005,-3.55840e-005,-7.55371e-001,7.61719e-002,1.45703e+000,3.37195e+001,-5.78659e+001,2.12805e+001
3.47448e-005,-4.06195e-005,-1.03564e+000,-1.94824e-001,1.04248e+000,2.62805e+001,-7.51829e+001,2.55488e+001
3.64233e-005,-3.54162e-005,-1.04492e+000,-3.09082e-001,8.91113e-001,1.19512e+001,-1.02134e+002,4.43902e+001
3.28984e-005,2.33310e-005,-9.45801e-001,-4.49219e-001,5.12695e-001,8.96342e+000,-1.06585e+002,5.29878e+001
1.93027e-005,7.03288e-005,-8.45215e-001,-4.85840e-001,2.99316e-001,8.04878e+000,-9.25000e+001,6.56098e+001
-1.46029e-005,3.60876e-005,-5.57617e-001,-5.00977e-001,1.80664e-002,6.70732e+000,-5.90244e+001,7.08537e+001
-3.65911e-005,3.44091e-005,-4.06738e-001,-4.71680e-001,-3.90625e-003,6.21951e+000,-4.14024e+001,7.08537e+001
-5.58938e-005,3.84375e-005,-1.56738e-001,-3.32520e-001,2.06055e-001,5.73171e+000,-1.43902e+001,6.91463e+001
-6.19364e-005,3.54162e-005,-6.59180e-002,-2.24609e-001,3.93066e-001,5.79268e+000,-4.20732e+000,6.76220e+001
-5.42153e-005,8.10712e-005,4.73633e-002,-6.34766e-003,7.69043e-001,8.10976e+000,1.29878e+001,6.65244e+001
-5.53903e-005,1.12627e-004,8.34961e-002,9.81445e-002,9.11133e-001,9.75610e+000,1.81098e+001,6.67683e+001
-5.72366e-005,1.29747e-004,1.37207e-001,2.40723e-001,1.07910e+000,1.39024e+001,2.13415e+001,6.32317e+001
-5.03548e-005,1.97726e-004,1.39160e-001,2.75391e-001,1.10840e+000,1.68293e+001,1.95732e+001,5.90244e+001
-4.34730e-005,1.67681e-004,8.64258e-002,2.70020e-001,1.04932e+000,2.45122e+001,1.41463e+001,4.50610e+001
-4.34730e-005,-4.73335e-005,2.34375e-002,2.34375e-001,9.71191e-001,2.85366e+001,1.13415e+001,3.67073e+001
-3.60876e-005,-1.62982e-004,-1.30371e-001,1.39648e-001,8.03711e-001,3.34146e+001,6.21951e+000,2.07927e+001
-2.36667e-005,-1.18669e-004,-2.88574e-001,3.80859e-002,6.86035e-001,3.43293e+001,3.90244e+000,1.37805e+001
-2.76951e-005,-4.85084e-005,-3.50586e-001,-6.83594e-003,6.65527e-001,3.27439e+001,-1.03659e+000,4.63415e+000
-3.03807e-005,-1.49386e-005,-4.09180e-001,-7.56836e-002,6.76758e-001,3.04268e+001,-3.04878e+000,2.50000e+000
-2.46738e-005,5.72366e-005,-4.05762e-001,-9.76563e-002,7.14355e-001,2.53659e+001,-6.52439e+000,1.46341e+000
-1.29244e-005,1.40826e-004,-3.20801e-001,-1.18652e-001,8.13477e-001,2.28049e+001,-6.76829e+000,2.25610e+000
-9.56741e-006,4.58228e-005,-2.50977e-001,-1.08398e-001,8.66211e-001,1.79268e+001,-3.23171e+000,5.60976e+000
-1.76242e-005,-1.22362e-004,-1.03516e-001,-5.37109e-002,9.54102e-001,1.57317e+001,6.70732e-001,6.82927e+000
-1.30922e-005,-1.95209e-004,-3.02734e-002,-1.36719e-002,9.83887e-001,1.23780e+001,9.87805e+000,9.69512e+000
-7.88891e-006,-2.17029e-004,8.69141e-002,6.93359e-002,1.02441e+000,1.13415e+001,1.54268e+001,1.09756e+001
-1.25887e-005,-2.56138e-004,1.31348e-001,1.07910e-001,1.02979e+000,1.15854e+001,2.71341e+001,1.17683e+001
-1.59457e-005,-2.49256e-004,1.59180e-001,1.60645e-001,1.02637e+000,1.21341e+001,4.07927e+001,1.09756e+001
-1.99741e-005,-1.26390e-004,1.59180e-001,1.77734e-001,1.01904e+000,1.24390e+001,4.83537e+001,1.02439e+001
-3.84375e-005,-3.70947e-005,1.36719e-001,1.89453e-001,1.01855e+000,1.34146e+001,6.29878e+001,9.51220e+000
-3.77661e-005,3.00450e-005,1.18164e-001,1.76270e-001,1.03516e+000,1.42073e+001,6.90854e+001,9.14634e+000
-3.35698e-006,6.31113e-005,6.15234e-002,1.54297e-001,1.06885e+000,1.44512e+001,7.67073e+001,7.43902e+000
1.72885e-005,7.53643e-005,2.49023e-002,1.36230e-001,1.08154e+000,1.42073e+001,7.90244e+001,6.82927e+000
1.39315e-005,2.23239e-005,-4.63867e-002,9.86328e-002,1.08057e+000,1.18293e+001,8.07927e+001,6.46341e+000
1.25887e-005,-5.35439e-005,-8.00781e-002,7.51953e-002,1.06934e+000,1.00000e+001,8.09146e+001,6.64634e+000
9.73526e-006,6.93217e-005,-1.47461e-001,5.07813e-002,1.05518e+000,6.40244e+000,7.95732e+001,5.79268e+000
8.39246e-007,2.16022e-004,-1.83594e-001,4.05273e-002,1.04443e+000,4.32927e+000,7.74390e+001,4.63415e+000
-1.99741e-005,1.38140e-004,-2.63672e-001,5.17578e-002,1.03955e+000,4.87805e-001,7.10366e+001,2.43902e+000
-2.50095e-005,1.64492e-005,-3.33008e-001,6.83594e-002,1.06885e+000,-9.75610e-001,6.70122e+001,1.89024e+000
-1.62814e-005,-3.34020e-005,-3.49609e-001,7.47070e-002,1.08203e+000,-3.65854e+000,5.69512e+001,1.46341e+000
3.52483e-006,-6.68040e-005,-3.60840e-001,9.42383e-002,1.12891e+000,-5.30488e+000,5.14634e+001,2.07317e+000
3.60876e-005,-1.44854e-004,-3.57910e-001,8.25195e-002,1.15186e+000,-6.70732e+000,3.76220e+001,1.70732e+000
3.32342e-005,-1.93194e-004,-3.59863e-001,6.78711e-002,1.17383e+000,-6.89024e+000,2.98780e+001,1.21951e+000
-9.90310e-006,-2.01755e-004,-3.63281e-001,6.25000e-002,1.17041e+000,-7.62195e+000,1.89024e+001,1.03659e+000
-2.78630e-005,-5.18654e-005,-3.50586e-001,3.75977e-002,1.16553e+000,-8.47561e+000,1.34756e+001,1.28049e+000
-1.10781e-005,1.99405e-004,-3.48145e-001,2.05078e-002,1.15869e+000,-1.00000e+001,3.10976e+000,0.00000e+000
1.69528e-005,4.78538e-004,-3.54004e-001,9.27734e-003,1.13232e+000,-1.06707e+001,-1.21951e+000,-6.70732e-001
1.69528e-005,3.75479e-004,-3.49121e-001,3.90625e-003,1.12256e+000,-1.23780e+001,-7.68293e+000,-1.58537e+000
1.96384e-005,1.34783e-004,-3.29102e-001,-2.63672e-002,1.15381e+000,-1.42073e+001,-1.23780e+001,-1.95122e+000
1.62814e-005,5.11940e-005,-3.11035e-001,-3.46680e-002,1.11963e+000,-1.44512e+001,-1.47561e+001,-5.48781e-001
-1.57778e-005,3.54162e-005,-2.96875e-001,-2.14844e-002,1.03418e+000,-1.56098e+001,-1.78049e+001,-1.89024e+000
-4.07874e-005,2.56809e-005,-2.91992e-001,-1.31836e-002,1.00586e+000,-1.68902e+001,-1.90854e+001,-4.26829e+000
-4.44800e-005,1.52743e-005,-2.70996e-001,-8.30078e-003,9.97070e-001,-1.67073e+001,-1.75610e+001,-8.90244e+000
-6.93217e-005,8.89601e-006,-2.63672e-001,-5.37109e-003,9.95605e-001,-1.63415e+001,-1.60366e+001,-1.07927e+001
-8.12390e-005,-1.42672e-005,-2.33398e-001,1.26953e-002,1.03271e+000,-1.59756e+001,-1.14634e+001,-1.39634e+001
-5.94186e-005,-4.17945e-005,-2.15820e-001,2.39258e-002,1.06934e+000,-1.56707e+001,-9.08537e+000,-1.52439e+001
-5.16976e-005,-4.06195e-005,-1.93848e-001,4.83398e-002,1.15527e+000,-1.44512e+001,-5.48780e+000,-1.98171e+001
-4.58228e-005,-3.54162e-005,-1.93359e-001,5.95703e-002,1.18115e+000,-1.37805e+001,-5.18293e+000,-2.16463e+001
-6.59647e-005,-4.80049e-005,-1.86523e-001,8.05664e-002,1.18555e+000,-1.21951e+001,-5.12195e+000,-2.39634e+001
-9.85275e-005,-1.82956e-005,-1.52832e-001,8.05664e-002,1.15088e+000,-1.10366e+001,-3.90244e+000,-2.46951e+001
-8.64424e-005,-3.13878e-005,-1.30859e-001,8.20313e-002,1.11572e+000,-7.92683e+000,1.52439e+000,-2.65244e+001
-2.16526e-005,-8.82887e-005,-9.57031e-002,6.78711e-002,1.07422e+000,-6.58537e+000,5.79268e+000,-2.76829e+001
2.19883e-005,-9.14778e-005,-9.17969e-002,6.29883e-002,1.05957e+000,-4.20732e+000,1.50610e+001,-3.18293e+001
-1.67849e-006,1.98062e-005,-1.04492e-001,4.68750e-002,1.09570e+000,-3.10976e+000,1.93293e+001,-3.42683e+001
-3.70947e-005,7.73785e-005,-1.20117e-001,4.34570e-002,1.11279e+000,-3.04878e-001,2.60976e+001,-3.81707e+001
-4.11231e-005,4.88441e-005,-1.68457e-001,3.12500e-002,1.16406e+000,1.34146e+000,2.87805e+001,-3.97561e+001
-3.75982e-005,3.10521e-005,-1.85547e-001,1.95313e-002,1.15869e+000,6.52439e+000,3.38415e+001,-4.12195e+001
-5.30404e-005,3.00450e-005,-1.82617e-001,-9.76563e-004,1.12793e+000,1.01220e+001,3.62195e+001,-4.02439e+001
-4.34730e-005,1.59457e-005,-1.83105e-001,-8.78906e-003,1.11279e+000,1.62805e+001,4.15244e+001,-3.76220e+001
-2.53452e-005,-6.71397e-007,-1.97266e-001,-5.17578e-002,9.96582e-001,2.23171e+001,4.27439e+001,-3.20732e+001
-9.56741e-006,-3.20592e-005,-1.85059e-001,-7.81250e-002,9.04785e-001,2.52439e+001,4.19512e+001,-2.79268e+001
2.70237e-005,-7.31823e-005,-1.61621e-001,-1.54785e-001,6.44531e-001,2.92683e+001,4.28049e+001,-1.82317e+001
6.36149e-005,-1.03059e-004,-1.64551e-001,-2.00684e-001,4.76074e-001,3.07927e+001,4.37195e+001,-1.27439e+001
4.07874e-005,-7.15038e-005,-1.83594e-001,-2.79785e-001,2.04102e-001,2.93902e+001,4.30488e+001,-5.60976e+000
2.09812e-005,1.51064e-006,-2.01660e-001,-2.98340e-001,1.57715e-001,2.75000e+001,4.09146e+001,-5.60976e+000
3.45769e-005,3.67590e-005,-1.79199e-001,-2.15332e-001,2.51953e-001,2.30488e+001,3.45732e+001,-1.70122e+001
4.06195e-005,2.34989e-006,-1.70410e-001,-1.27930e-001,3.63281e-001,2.14634e+001,3.31098e+001,-2.62195e+001
5.70687e-005,-6.52934e-005,-1.65039e-001,8.30078e-002,5.84961e-001,2.00610e+001,3.54268e+001,-4.10976e+001
1.59457e-005,-9.19814e-005,-1.75293e-001,1.82129e-001,6.56738e-001,2.03049e+001,3.79878e+001,-4.40854e+001
-9.90310e-006,-1.04234e-004,-1.81641e-001,3.47656e-001,7.24121e-001,2.18293e+001,3.71951e+001,-3.96341e+001
6.36149e-005,-1.50729e-004,-1.87012e-001,4.49707e-001,7.49512e-001,2.25610e+001,3.35976e+001,-3.46341e+001
1.17998e-004,-1.81109e-004,-2.07031e-001,4.72168e-001,7.58301e-001,2.31098e+001,2.37805e+001,-2.45732e+001
7.97284e-005,-1.48714e-004,-2.80762e-001,4.39453e-001,7.85156e-001,2.25000e+001,1.83537e+001,-2.07317e+001
1.42672e-005,-8.84566e-005,-3.33008e-001,3.82324e-001,7.86133e-001,1.98780e+001,7.43902e+000,-1.57317e+001
-2.83665e-005,-1.56100e-005,-4.03809e-001,2.40234e-001,7.89551e-001,1.80488e+001,1.46341e+000,-1.37805e+001
-7.98962e-005,6.29435e-005,-4.15527e-001,1.59180e-001,7.93457e-001,1.41463e+001,-8.65854e+000,-1.17683e+001
-1.09438e-004,1.26055e-004,-3.80371e-001,1.36719e-002,8.44727e-001,1.20732e+001,-1.31707e+001,-1.18293e+001
-1.14305e-004,1.64660e-004,-3.50586e-001,-4.29688e-002,8.78418e-001,8.96342e+000,-2.27439e+001,-1.34756e+001
-9.95346e-005,1.34615e-004,-2.71484e-001,-1.16211e-001,9.47754e-001,7.37805e+000,-2.75000e+001,-1.41463e+001
-8.34211e-005,5.85794e-005,-2.39258e-001,-1.27441e-001,9.58008e-001,5.48780e+000,-3.49390e+001,-1.37195e+001
-7.36858e-005,-2.34989e-006,-1.74316e-001,-1.15234e-001,9.24316e-001,3.29268e+000,-4.20122e+001,-1.08537e+001
-5.87472e-005,-4.07874e-005,-1.50879e-001,-8.78906e-002,9.02832e-001,1.82927e+000,-4.53049e+001,-9.26829e+000
-3.23949e-005,-5.99222e-005,-1.34766e-001,-3.85742e-002,8.67676e-001,-3.04878e-001,-5.05488e+001,-6.76829e+000
-3.44091e-005,-5.15297e-005,-1.51367e-001,-4.39453e-003,8.49609e-001,-1.03659e+000,-5.21951e+001,-5.97561e+000
-2.93736e-005,-3.87732e-005,-2.03613e-001,4.78516e-002,7.97363e-001,-1.82927e+000,-5.59146e+001,-6.03659e+000
-1.81277e-005,-3.35698e-007,-2.42676e-001,7.51953e-002,7.69043e-001,-2.07317e+000,-5.85976e+001,-6.21951e+000
-2.97093e-005,6.63004e-005,-3.12988e-001,1.05469e-001,7.43652e-001,-2.37805e+000,-6.53659e+001,-7.98780e+000
-3.10521e-005,9.26528e-005,-3.44238e-001,1.11328e-001,7.46094e-001,-2.80488e+000,-6.92683e+001,-8.78049e+000
-2.04776e-005,4.11231e-005,-3.81348e-001,1.07910e-001,7.72949e-001,-3.35366e+000,-7.68902e+001,-9.69512e+000
2.36667e-005,-2.63523e-005,-3.83301e-001,1.00586e-001,7.91016e-001,-3.35366e+000,-8.08537e+001,-9.81707e+000
6.99931e-005,-5.82437e-005,-3.61816e-001,7.86133e-002,8.06152e-001,-3.29268e+000,-8.79878e+001,-8.10976e+000
7.77142e-005,-6.31113e-005,-3.16895e-001,5.46875e-002,7.64160e-001,-2.43902e+000,-9.15244e+001,-6.52439e+000
5.42153e-005,-5.52224e-005,-2.82715e-001,4.78516e-002,7.31934e-001,-1.76829e+000,-9.68902e+001,-2.80488e+000
2.97093e-005,-3.20592e-005,-2.32910e-001,3.27148e-002,5.64941e-001,-1.58537e+000,-9.76829e+001,-9.14634e-001
3.49126e-005,4.53193e-006,-2.16797e-001,2.19727e-002,4.24316e-001,-4.26829e-001,-9.89024e+001,2.80488e+000
2.13169e-005,3.74304e-005,-1.80176e-001,-7.81250e-003,1.46484e-001,7.92683e-001,-1.00061e+002,4.02439e+000
-1.39315e-005,4.68299e-005,-1.64063e-001,-2.92969e-002,3.27148e-002,6.58537e+000,-1.00976e+002,3.78049e+000
-3.57519e-005,1.86313e-005,-1.63086e-001,-6.54297e-002,-5.90820e-002,9.87805e+000,-9.99390e+001,1.64634e+000
-3.45769e-005,-7.72107e-006,-1.84570e-001,-7.91016e-002,-4.05273e-002,1.42073e+001,-9.59756e+001,-4.08537e+000
-1.64492e-005,-1.94705e-005,-2.45117e-001,-9.22852e-002,4.39453e-002,1.46341e+001,-9.31098e+001,-6.95122e+000
3.86053e-006,-1.12459e-005,-2.63184e-001,-9.52148e-002,1.08398e-001,1.27439e+001,-8.35976e+001,-9.57317e+000
-1.82956e-005,1.59457e-005,-2.70020e-001,-8.34961e-002,2.93945e-001,6.76829e+000,-7.32317e+001,-8.17073e+000
-4.91798e-005,3.34020e-005,-2.50977e-001,-7.08008e-002,3.98926e-001,3.29268e+000,-6.75610e+001,-6.21951e+000
-4.17945e-005,-5.37118e-006,-1.96289e-001,-3.07617e-002,5.81055e-001,-5.00000e+000,-5.79878e+001,-7.92683e-001
-4.28016e-005,-5.25368e-005,-1.70898e-001,-4.39453e-003,6.53320e-001,-9.45122e+000,-5.42073e+001,1.89024e+000
-5.72366e-005,-6.93217e-005,-1.24512e-001,6.54297e-002,7.63672e-001,-1.78659e+001,-5.06098e+001,6.40244e+000
-4.34730e-005,-8.39246e-005,-1.02051e-001,1.02539e-001,8.24707e-001,-2.05488e+001,-4.85366e+001,7.62195e+000
-3.13878e-005,-8.71138e-005,-7.12891e-002,1.71875e-001,9.39453e-001,-2.51220e+001,-4.12195e+001,6.89024e+000
-1.67849e-005,-9.19814e-005,-6.68945e-002,2.06055e-001,9.97559e-001,-2.58537e+001,-3.60366e+001,4.87805e+000
1.17494e-006,-8.34211e-005,-4.78516e-002,2.60742e-001,1.16650e+000,-2.83537e+001,-2.48780e+001,-2.13415e+000
8.89601e-006,-1.42672e-005,-3.27148e-002,2.86621e-001,1.28516e+000,-3.07317e+001,-1.89024e+001,-5.97561e+000
1.24208e-005,4.02838e-005,4.88281e-004,3.21289e-001,1.52441e+000,-3.60366e+001,-8.59756e+000,-9.93902e+000
1.64492e-005,6.16007e-005,4.44336e-002,3.51074e-001,1.66846e+000,-3.89634e+001,-4.14634e+000,-9.14634e+000
3.00450e-005,9.61776e-005,7.91016e-002,3.58398e-001,1.69531e+000,-4.39024e+001,5.79268e+000,-2.98780e+000
1.84634e-005,1.54757e-004,1.93848e-001,3.44727e-001,1.68066e+000,-4.61585e+001,1.24390e+001,2.37805e+000
-1.57778e-005,1.56435e-004,2.79785e-001,3.07617e-001,1.69287e+000,-4.94512e+001,3.27439e+001,1.88415e+001
-2.85344e-005,1.03563e-004,5.26367e-001,2.12402e-001,1.74805e+000,-5.10976e+001,4.59146e+001,3.15244e+001
-7.55322e-006,4.58228e-005,6.28418e-001,1.78223e-001,1.80908e+000,-5.12805e+001,8.29878e+001,5.93293e+001
5.87472e-006,2.03098e-005,6.30371e-001,2.00195e-001,2.04346e+000,-4.64634e+001,9.62805e+001,6.84756e+001
6.51255e-005,-2.03098e-005,5.21484e-001,2.35352e-001,2.12012e+000,-2.09146e+001,7.99390e+001,6.26829e+001
1.07927e-004,-4.73335e-005,-2.92969e-003,2.77344e-001,1.82715e+000,1.52439e+000,5.23171e+001,4.43293e+001
7.57000e-005,-4.75013e-005,-2.76855e-001,2.21191e-001,1.56689e+000,3.62805e+001,-4.87805e-001,1.42683e+001
3.77661e-005,-6.29435e-005,-5.87891e-001,-1.40625e-001,1.08887e+000,4.25000e+001,-2.76829e+001,1.53659e+001
1.62814e-005,-8.00641e-005,-6.78711e-001,-3.04199e-001,9.03320e-001,3.67683e+001,-3.66463e+001,2.28049e+001
-3.77661e-005,-4.86763e-005,-9.49707e-001,-4.19434e-001,7.93457e-001,1.90244e+001,-6.26220e+001,3.64024e+001
-1.18334e-004,3.02129e-006,-1.06348e+000,-4.10156e-001,8.03223e-001,1.04268e+001,-7.86585e+001,4.46951e+001
-1.41497e-004,1.17494e-006,-1.00439e+000,-3.95996e-001,7.83203e-001,1.09756e+000,-9.25610e+001,6.68293e+001
-9.60098e-005,-6.54612e-005,-8.51563e-001,-3.83789e-001,7.21191e-001,-1.15854e+000,-8.73171e+001,7.76220e+001
-6.12650e-005,-9.56741e-005,-5.22949e-001,-3.40820e-001,5.89844e-001,-3.90244e+000,-6.62805e+001,8.90244e+001
-5.72366e-005,-9.21492e-005,-3.83789e-001,-2.99805e-001,5.53223e-001,-4.57317e+000,-5.62805e+001,9.03049e+001
-5.52224e-005,-7.70428e-005,-1.53320e-001,-2.00684e-001,5.86426e-001,-4.57317e+000,-4.07317e+001,8.75000e+001
-6.12650e-005,-5.06905e-005,-7.08008e-002,-1.27930e-001,6.29883e-001,-2.68293e+000,-3.52439e+001,8.46341e+001
-5.79080e-005,8.56031e-006,1.95313e-002,1.90430e-002,6.99219e-001,2.01220e+000,-2.82317e+001,7.66463e+001
-5.47189e-005,7.48608e-005,3.56445e-002,1.15723e-001,7.50000e-001,3.71951e+000,-2.64024e+001,7.28049e+001
-4.58228e-005,1.16655e-004,2.63672e-002,1.33301e-001,7.69043e-001,8.84146e+000,-2.59146e+001,6.62195e+001
-3.12200e-005,1.30755e-004,2.63672e-002,1.43066e-001,7.84668e-001,1.17683e+001,-2.62195e+001,6.24390e+001
-1.77920e-005,8.81209e-005,3.22266e-002,1.37207e-001,7.87109e-001,1.70122e+001,-2.65854e+001,5.43902e+001
-2.81987e-005,4.21302e-005,2.68555e-002,1.04004e-001,7.66602e-001,1.93902e+001,-2.48780e+001,4.98781e+001
-2.29953e-005,2.14847e-005,1.61133e-002,8.25195e-002,7.55859e-001,2.20732e+001,-2.13415e+001,3.98780e+001
5.70687e-006,-5.03548e-007,-3.51563e-002,5.41992e-002,7.59277e-001,2.17073e+001,-1.98171e+001,3.52439e+001
1.00710e-006,-2.70237e-005,-6.49414e-002,3.12500e-002,7.66113e-001,1.98780e+001,-1.63415e+001,2.72561e+001
1.09102e-005,-3.34020e-005,-1.03027e-001,-9.76563e-003,7.95898e-001,1.81707e+001,-1.45732e+001,2.41463e+001
2.06455e-005,-3.02129e-005,-1.08887e-001,-2.53906e-002,8.06152e-001,1.51829e+001,-1.09146e+001,1.99390e+001
-1.67849e-007,-5.53903e-006,-1.05469e-001,-3.90625e-002,8.44727e-001,1.12805e+001,-8.29268e+000,1.70122e+001
-1.86313e-005,3.20592e-005,-8.44727e-002,-3.90625e-002,8.75000e-001,1.01220e+001,-6.58537e+000,1.56098e+001
-2.13169e-005,3.91089e-005,-3.85742e-002,-2.63672e-002,9.21387e-001,8.10976e+000,-2.98780e+000,1.28659e+001
-4.69978e-006,1.39315e-005,-1.95313e-002,-9.76563e-003,9.39453e-001,7.43902e+000,6.09756e-002,1.15854e+001
-7.55322e-006,-1.67849e-007,1.12305e-002,2.78320e-002,9.67285e-001,5.24390e+000,7.13415e+000,1.01220e+001
-5.53903e-006,-1.49386e-005,2.73438e-002,5.02930e-002,9.77051e-001,4.08537e+000,1.12805e+001,9.51220e+000
1.24208e-005,-1.49386e-005,4.10156e-002,8.78906e-002,9.90234e-001,2.92683e+000,2.02439e+001,8.71951e+000
3.47448e-005,-1.67849e-007,3.46680e-002,9.81445e-002,9.96094e-001,2.80488e+000,2.48171e+001,7.86585e+000
6.19364e-005,-1.74563e-005,2.14844e-002,1.07422e-001,9.84863e-001,2.50000e+000,3.45732e+001,6.46341e+000
4.68299e-005,-2.33310e-005,1.46484e-002,1.05957e-001,9.76563e-001,2.25610e+000,3.99390e+001,5.67073e+000
1.35958e-005,-1.76242e-005,-4.88281e-003,1.03516e-001,9.79004e-001,2.50000e+000,5.01829e+001,4.39024e+000
-1.67849e-006,-8.56031e-006,-2.14844e-002,8.98438e-002,9.91699e-001,2.50000e+000,5.42683e+001,3.84146e+000
-4.59907e-005,-1.00710e-006,-3.41797e-002,8.54492e-002,1.01025e+000,1.82927e+000,6.07927e+001,2.50000e+000
-6.86503e-005,-7.55322e-006,-4.93164e-002,6.34766e-002,1.03418e+000,9.75610e-001,6.31707e+001,1.95122e+000
-6.46220e-005,-1.39315e-005,-5.37109e-002,5.22461e-002,1.04346e+000,7.31707e-001,6.50610e+001,-1.21951e-001
-4.90120e-005,-2.18204e-005,-8.93555e-002,3.17383e-002,1.02832e+000,7.92683e-001,6.50610e+001,-1.58537e+000
-2.56809e-005,-3.08843e-005,-1.10352e-001,2.88086e-002,1.02490e+000,0.00000e+000,6.26829e+001,-4.51220e+000
-1.04067e-005,-4.21302e-005,-1.60645e-001,2.39258e-002,1.01367e+000,-1.21951e-001,6.09756e+001,-6.46341e+000
-5.20333e-006,-4.85084e-005,-1.97266e-001,2.29492e-002,1.00928e+000,-1.58537e+000,5.65244e+001,-1.00000e+001
-2.18204e-006,-4.51514e-005,-2.51465e-001,3.22266e-002,1.02197e+000,-2.13415e+000,5.28659e+001,-1.12195e+001
-3.86053e-006,-6.54612e-006,-2.78320e-001,3.80859e-002,1.03467e+000,-2.56098e+000,4.34146e+001,-1.31098e+001
-2.34989e-006,2.66880e-005,-3.37891e-001,5.85938e-002,1.04150e+000,-3.17073e+000,3.31098e+001,-1.37195e+001
-1.84634e-006,9.23171e-006,-3.54492e-001,5.22461e-002,1.04053e+000,-3.59756e+000,2.79878e+001,-1.37805e+001
-6.54612e-006,-1.00710e-005,-3.52539e-001,3.46680e-002,1.07227e+000,-2.68293e+000,1.69512e+001,-1.51829e+001
-8.22461e-006,-7.55322e-006,-3.54980e-001,2.05078e-002,1.08936e+000,-1.76829e+000,1.14634e+001,-1.62195e+001
-3.69268e-006,-2.73594e-005,-3.67676e-001,4.39453e-003,1.09082e+000,-4.26829e-001,1.46341e+000,-1.87805e+001
-1.81277e-005,-4.41444e-005,-3.66699e-001,-8.30078e-003,1.07861e+000,-4.26829e-001,-2.68293e+000,-1.90854e+001
-2.48417e-005,-4.78370e-005,-3.58887e-001,-1.61133e-002,1.07764e+000,-3.65854e-001,-1.18293e+001,-2.06098e+001
-1.59457e-005,-6.00900e-005,-3.52051e-001,-2.97852e-002,1.09375e+000,-2.25610e+000,-1.65854e+001,-2.01829e+001
-1.52743e-005,-6.61326e-005,-2.99805e-001,-4.34570e-002,1.05518e+000,-3.78049e+000,-1.94512e+001,-1.53659e+001
-2.14847e-005,-6.73075e-005,-2.85645e-001,-3.75977e-002,1.02344e+000,-5.00000e+000,-2.08537e+001,-1.48780e+001
-9.56741e-006,-6.19364e-005,-2.53906e-001,-2.68555e-002,9.73145e-001,-6.76829e+000,-2.29268e+001,-1.70732e+001
-1.51064e-006,-4.68299e-005,-2.00684e-001,-2.88086e-002,9.51172e-001,-6.89024e+000,-2.17683e+001,-1.83537e+001
-7.55322e-006,-2.03098e-005,-1.70410e-001,-2.58789e-002,9.41406e-001,-5.67073e+000,-1.73171e+001,-2.08537e+001
-1.12459e-005,1.17494e-006,-1.17676e-001,-1.07422e-002,9.88770e-001,-5.30488e+000,-1.39024e+001,-2.18293e+001
-5.70687e-006,-4.86763e-006,-9.32617e-002,-4.88281e-004,1.03271e+000,-4.26829e+000,-7.25610e+000,-2.42683e+001
-4.69978e-006,-2.63523e-005,-5.32227e-002,3.56445e-002,1.11816e+000,-3.96341e+000,-4.39024e+000,-2.58537e+001
-9.56741e-006,-3.07164e-005,-5.76172e-002,5.41992e-002,1.15674e+000,-3.84146e+000,2.56098e+000,-2.78659e+001
-2.16526e-005,-2.63523e-005,-7.22656e-002,7.86133e-002,1.19824e+000,-3.47561e+000,6.09756e+000,-2.90854e+001
-3.00450e-005,-2.58488e-005,-7.71484e-002,8.69141e-002,1.19678e+000,-2.01220e+000,8.84146e+000,-3.14634e+001
-3.03807e-005,-1.49386e-005,-6.34766e-002,8.44727e-002,1.16699e+000,-3.65854e-001,1.04268e+001,-3.34146e+001
-2.98772e-005,-6.21042e-006,-5.17578e-002,8.34961e-002,1.14795e+000,3.10976e+000,1.57927e+001,-3.65244e+001
-2.76951e-005,-1.29244e-005,-4.15039e-002,8.20313e-002,1.09717e+000,6.52439e+000,2.42073e+001,-3.98780e+001
-2.60166e-005,-1.17494e-006,-4.83398e-002,8.15430e-002,1.08154e+000,7.56098e+000,2.79878e+001,-4.16463e+001
-2.63523e-005,1.00710e-006,-9.03320e-002,8.30078e-002,1.11621e+000,8.04878e+000,3.40244e+001,-4.49390e+001
-2.06455e-005,-2.56809e-005,-1.18164e-001,7.95898e-002,1.15234e+000,7.74390e+000,3.70122e+001,-4.62195e+001
-1.82956e-005,-6.81468e-005,-1.91895e-001,6.39648e-002,1.21973e+000,8.96342e+000,4.35976e+001,-4.62805e+001
-1.67849e-005,-9.60098e-005,-1.95801e-001,4.73633e-002,1.21973e+000,1.11585e+001,4.47561e+001,-4.45732e+001
-1.35958e-005,-1.05913e-004,-1.61133e-001,2.29492e-002,1.19873e+000,1.67683e+001,4.77439e+001,-4.11585e+001
-1.52743e-005,-7.26787e-005,-1.53320e-001,1.61133e-002,1.18311e+000,1.95122e+001,5.02439e+001,-3.96951e+001
-1.66171e-005,6.56291e-005,-1.37695e-001,-2.24609e-002,1.15039e+000,2.44512e+001,5.30488e+001,-3.50610e+001
-1.89670e-005,1.79767e-004,-1.18164e-001,-4.93164e-002,1.09229e+000,2.67073e+001,5.39634e+001,-3.15244e+001
-1.89670e-005,1.29076e-004,-6.10352e-002,-1.27441e-001,8.93066e-001,3.02439e+001,5.75000e+001,-2.10976e+001
-1.96384e-005,5.62295e-005,-2.09961e-002,-2.48047e-001,5.96191e-001,3.04878e+001,5.89024e+001,-1.52439e+001
-2.26596e-005,-2.85344e-006,-2.44141e-003,-3.03711e-001,4.26758e-001,3.14024e+001,6.01829e+001,-4.45122e+000
-1.77920e-005,-5.55581e-005,1.75781e-002,-3.31543e-001,1.84570e-001,3.11585e+001,5.95122e+001,-2.01220e+000
-1.86313e-005,-7.88891e-005,2.83203e-002,-2.84668e-001,1.70898e-001,2.73171e+001,5.32927e+001,-6.28049e+000
-1.89670e-005,-4.44800e-005,3.80859e-002,-1.14746e-001,3.62305e-001,2.43293e+001,5.10976e+001,-1.32927e+001
-1.79599e-005,0.00000e+000,1.66016e-002,-4.88281e-003,4.97559e-001,2.01220e+001,5.50000e+001,-2.88415e+001
-1.79599e-005,2.40024e-005,-5.61523e-002,2.13379e-001,7.09473e-001,1.82927e+001,5.85976e+001,-3.26829e+001
-1.19173e-005,-3.67590e-005,-8.39844e-002,3.01758e-001,7.71973e-001,1.83537e+001,6.21951e+001,-3.01829e+001
-1.19173e-005,-7.28466e-005,-1.37207e-001,4.50195e-001,8.38379e-001,1.93293e+001,5.70122e+001,-1.89024e+001
-1.35958e-005,1.73724e-004,-1.65039e-001,4.98047e-001,8.53027e-001,1.92683e+001,5.18902e+001,-1.37195e+001
-1.49386e-005,3.03304e-004,-2.48535e-001,5.30273e-001,8.86230e-001,1.71341e+001,3.85366e+001,-8.17073e+000
-1.47707e-005,1.94369e-004,-3.00781e-001,5.01953e-001,9.11133e-001,1.51220e+001,3.12195e+001,-7.80488e+000
-1.40993e-005,1.13634e-004,-3.90625e-001,3.73047e-001,9.64844e-001,9.45122e+000,1.63415e+001,-7.37805e+000
-1.44350e-005,7.16716e-005,-4.07227e-001,2.87598e-001,9.88281e-001,5.91463e+000,9.14634e+000,-7.50000e+000
-1.42672e-005,3.99481e-005,-3.74512e-001,1.14258e-001,1.01611e+000,6.09756e-002,-3.59756e+000,-6.34146e+000
-1.56100e-005,4.53193e-006,-3.31055e-001,3.75977e-002,1.03369e+000,-2.74390e+000,-8.90244e+000,-6.09756e+000
-1.19173e-005,-1.30922e-005,-2.10938e-001,-9.66797e-002,1.07910e+000,-7.31707e+000,-1.62195e+001,-4.75610e+000
-1.49386e-005,1.69528e-005,-1.51855e-001,-1.40625e-001,1.08496e+000,-8.96342e+000,-1.89024e+001,-3.23171e+000
-1.99741e-005,6.91539e-005,-4.05273e-002,-1.75781e-001,1.03955e+000,-1.00610e+001,-2.22561e+001,2.43902e-001
-2.13169e-005,3.07164e-005,-4.88281e-003,-1.68945e-001,1.00000e+000,-9.57317e+000,-2.39024e+001,2.31707e+000
-1.59457e-005,-7.60357e-005,1.31836e-002,-1.31348e-001,9.14063e-001,-7.74390e+000,-2.72561e+001,5.42683e+000
-1.09102e-005,-1.32601e-004,-5.22461e-002,-5.61523e-002,8.88184e-001,-7.01220e+000,-2.89634e+001,5.97561e+000
-8.56031e-006,-2.04944e-004,-1.05469e-001,-1.70898e-002,9.05273e-001,-6.70732e+000,-3.26829e+001,4.20732e+000
-8.39246e-006,-1.64828e-004,-2.42188e-001,5.41992e-002,9.70215e-001,-6.64634e+000,-3.47561e+001,2.86585e+000
-2.18204e-006,-6.05936e-005,-3.06152e-001,8.15430e-002,9.98535e-001,-7.19512e+000,-3.95122e+001,6.09756e-001
-3.52483e-006,4.98512e-005,-3.81836e-001,1.10840e-001,9.78516e-001,-6.09756e+000,-4.19512e+001,1.82927e-001
-9.56741e-006,1.38979e-004,-3.88672e-001,1.09375e-001,9.32129e-001,-4.14634e+000,-4.92073e+001,2.43902e-001
-1.39315e-005,2.16861e-004,-3.60352e-001,8.93555e-002,8.04688e-001,-2.07317e+000,-5.32317e+001,1.21951e-001
-1.14137e-005,2.87694e-004,-3.33496e-001,6.73828e-002,7.14355e-001,1.82927e+000,-6.29878e+001,7.31707e-001
9.23171e-006,1.31426e-004,-3.05664e-001,1.56250e-002,5.41016e-001,6.40244e+000,-7.39024e+001,1.64634e+000
6.99931e-005,1.27062e-004,-3.04199e-001,-1.26953e-002,4.49219e-001,8.65854e+000,-7.99390e+001,2.43902e+000
9.55062e-005,1.80774e-004,-3.43262e-001,-6.10352e-002,2.50000e-001,1.36585e+001,-9.09756e+001,3.17073e+000
9.81918e-005,2.83665e-005,-3.79883e-001,-8.34961e-002,1.35254e-001,1.60366e+001,-9.54878e+001,2.92683e+000
8.71138e-005,-1.17494e-005,-4.84375e-001,-1.19629e-001,-1.55273e-001,2.18293e+001,-1.00732e+002,7.31707e-001
3.74304e-005,8.64424e-005,-5.42480e-001,-1.33789e-001,-3.16406e-001,2.48171e+001,-1.03659e+002,-1.09756e+000
-4.75013e-005,7.06645e-005,-6.47949e-001,-1.60645e-001,-5.62012e-001,3.05488e+001,-1.09573e+002,-7.01220e+000
-4.28016e-005,1.04234e-004,-6.98242e-001,-1.68457e-001,-6.19141e-001,3.25610e+001,-1.11098e+002,-1.00610e+001
2.13169e-005,6.66362e-005,-7.89551e-001,-1.76270e-001,-6.17188e-001,3.35976e+001,-1.09695e+002,-1.57927e+001
9.23171e-006,-1.18334e-004,-8.15918e-001,-1.74316e-001,-5.52246e-001,3.12195e+001,-1.06829e+002,-1.77439e+001
2.18204e-006,-1.45190e-004,-8.05176e-001,-1.62109e-001,-2.96387e-001,2.34146e+001,-9.87805e+001,-1.82317e+001
-2.97093e-005,-1.78759e-004,-7.62207e-001,-1.49902e-001,-1.19629e-001,1.87195e+001,-9.43293e+001,-1.79878e+001
-1.11452e-004,-2.54795e-004,-6.04492e-001,-1.02051e-001,2.62695e-001,8.59756e+000,-8.71951e+001,-1.57927e+001
-1.99573e-004,-2.18708e-004,-3.72559e-001,-3.71094e-002,6.41113e-001,4.02439e+000,-8.29878e+001,-1.39634e+001
-2.45563e-004,4.04517e-005,-2.38281e-001,-1.46484e-003,8.02734e-001,-5.30488e+000,-7.51220e+001,-9.87805e+000
-2.22232e-004,5.28725e-005,3.61328e-002,7.71484e-002,1.02979e+000,-1.01220e+001,-7.04878e+001,-6.95122e+000
-1.11620e-004,-2.26596e-005,1.64063e-001,1.12305e-001,1.08545e+000,-1.93902e+001,-6.15244e+001,-4.26829e-001
3.94446e-005,4.51514e-005,3.82324e-001,2.02637e-001,1.10986e+000,-2.41463e+001,-5.84756e+001,3.90244e+000
1.60967e-004,3.39055e-005,4.79980e-001,2.49512e-001,1.15674e+000,-3.37805e+001,-5.17073e+001,1.09146e+001
2.46906e-004,5.72366e-005,6.11328e-001,3.25684e-001,1.33252e+000,-3.71951e+001,-4.65244e+001,1.24390e+001
2.76783e-004,4.22980e-005,6.52832e-001,3.64746e-001,1.44482e+000,-4.17683e+001,-3.08537e+001,1.10976e+001
2.48417e-004,9.11421e-005,6.76758e-001,4.10645e-001,1.68164e+000,-4.48171e+001,-1.08537e+001,7.25610e+000
1.94537e-004,1.53246e-004,6.70410e-001,4.23828e-001,1.78223e+000,-4.53659e+001,-2.13415e+000,6.09756e+000
5.01869e-005,4.04517e-005,6.46484e-001,4.50684e-001,1.90527e+000,-4.83537e+001,1.13415e+001,7.43902e+000
-2.51270e-004,-2.46738e-005,6.23535e-001,4.68750e-001,1.91699e+000,-4.98171e+001,1.77439e+001,9.93902e+000
-4.43290e-004,-7.26787e-005,6.02539e-001,4.78027e-001,1.91113e+000,-5.04878e+001,3.23171e+001,1.96951e+001
-4.71321e-004,-1.76745e-004,6.12793e-001,4.40918e-001,1.91455e+000,-5.08537e+001,4.15854e+001,2.70732e+001
-3.58022e-004,-8.00641e-005,6.24512e-001,3.21289e-001,1.87207e+000,-4.60366e+001,7.03659e+001,4.43902e+001
-1.22362e-004,-5.85794e-005,5.75195e-001,2.73926e-001,1.92188e+000,-4.31707e+001,8.29878e+001,5.04878e+001
1.08263e-004,-1.05913e-004,3.22754e-001,1.85059e-001,2.18311e+000,-2.45732e+001,7.42073e+001,4.43293e+001
2.29114e-004,-7.88891e-005,7.95898e-002,1.70898e-001,2.22510e+000,-5.79268e+000,5.07927e+001,2.81707e+001
2.48417e-004,5.85794e-005,-5.20508e-001,1.08398e-001,1.95605e+000,3.15244e+001,3.65854e-001,6.09756e-002
1.75235e-004,-9.56741e-005,-7.49512e-001,1.17188e-002,1.67383e+000,4.04268e+001,-1.82317e+001,-2.68293e+000
6.56291e-005,-1.82620e-004,-9.62891e-001,-2.65625e-001,1.10156e+000,3.58537e+001,-4.60366e+001,7.37805e+000
-1.44183e-004,-1.55261e-004,-1.05518e+000,-4.68262e-001,7.64648e-001,2.59756e+001,-5.78049e+001,1.67073e+001
-4.05356e-004,-2.44556e-004,-1.01709e+000,-5.20020e-001,6.63086e-001,5.54878e+000,-7.59146e+001,4.03049e+001
-4.21973e-004,-2.02426e-004,-7.50977e-001,-5.32227e-001,4.74609e-001,-1.52439e+000,-7.38415e+001,5.29878e+001
-2.39689e-004,6.26078e-005,-5.74219e-001,-5.09766e-001,3.95020e-001,-8.29268e+000,-4.78659e+001,7.40244e+001
-9.75204e-005,3.70443e-004,-1.99219e-001,-4.07715e-001,3.15430e-001,-9.45122e+000,-2.98171e+001,8.09756e+001
8.47639e-005,3.78836e-004,-3.61328e-002,-3.24707e-001,3.58887e-001,-9.08537e+000,3.23171e+000,8.73781e+001
1.93194e-004,2.65370e-004,1.79199e-001,-1.00098e-001,6.17188e-001,-7.92683e+000,1.64024e+001,8.66463e+001
2.36835e-004,1.70871e-004,2.25586e-001,1.12305e-002,7.86133e-001,-4.20732e+000,3.31098e+001,7.92683e+001
2.13672e-004,1.34112e-004,2.13379e-001,1.77246e-001,1.05664e+000,1.70732e+000,3.62805e+001,7.04268e+001
1.03059e-004,1.35958e-005,1.69434e-001,2.09961e-001,1.12500e+000,5.36585e+000,3.31707e+001,6.68902e+001
-1.10948e-004,-1.21691e-004,3.12500e-002,1.76758e-001,1.10596e+000,1.36585e+001,1.89024e+001,5.78659e+001
-1.38643e-004,-1.00206e-004,-5.81055e-002,1.37207e-001,1.03809e+000,1.78049e+001,1.07317e+001,5.15244e+001
-1.11620e-004,-6.14328e-005,-2.62207e-001,5.46875e-002,8.45703e-001,2.28659e+001,-5.30488e+000,3.82317e+001
-6.63004e-005,-5.47189e-005,-3.53516e-001,2.24609e-002,7.52441e-001,2.33537e+001,-1.18902e+001,3.25000e+001
6.68040e-005,2.31632e-005,-5.01953e-001,-5.61523e-002,6.59180e-001,2.35366e+001,-2.65244e+001,2.37805e+001
1.50896e-004,1.09102e-005,-5.26367e-001,-7.76367e-002,6.00586e-001,2.30488e+001,-3.31098e+001,2.08537e+001
1.55261e-004,-4.07874e-005,-4.97070e-001,-1.05469e-001,5.54199e-001,1.82927e+001,-4.07927e+001,1.79268e+001
2.85176e-004,-5.87472e-006,-4.54102e-001,-1.04492e-001,5.67871e-001,1.55488e+001,-4.15244e+001,1.71951e+001
2.53956e-004,5.53903e-005,-2.96875e-001,-9.66797e-002,6.51367e-001,9.75610e+000,-3.75000e+001,1.80488e+001
1.24208e-005,1.33440e-004,-2.09473e-001,-8.30078e-002,7.05078e-001,7.74390e+000,-3.36585e+001,1.92683e+001
-1.12291e-004,2.88533e-004,-2.78320e-002,-3.61328e-002,8.14941e-001,6.03659e+000,-2.44512e+001,1.96341e+001
-1.15984e-004,1.96719e-004,1.33301e-001,2.09961e-002,9.15527e-001,6.52439e+000,-1.84146e+001,1.96341e+001
-1.28908e-004,-1.61135e-004,1.89941e-001,5.02930e-002,9.52637e-001,9.14634e+000,-4.08537e+000,1.79268e+001
-1.12627e-004,-4.58228e-005,2.70508e-001,9.86328e-002,1.01123e+000,1.04268e+001,3.71951e+000,1.62195e+001
-1.88830e-004,-8.77852e-005,2.74414e-001,1.12305e-001,1.03320e+000,1.33537e+001,1.90854e+001,1.10976e+001
-2.47242e-004,-2.71412e-004,2.26563e-001,1.27930e-001,1.04150e+000,1.50610e+001,2.60366e+001,8.71951e+000
-1.97726e-004,-2.02258e-004,1.76758e-001,1.23535e-001,1.03223e+000,1.74390e+001,3.85366e+001,3.59756e+000
-1.77585e-004,-2.52613e-004,6.54297e-002,1.04980e-001,9.99023e-001,1.78049e+001,4.42683e+001,1.95122e+000
-2.17700e-004,-1.76242e-004,1.17188e-002,8.93555e-002,9.83887e-001,1.78049e+001,5.35976e+001,-1.28049e+000
-2.24582e-004,1.84634e-005,-6.68945e-002,6.68945e-002,9.61914e-001,1.59146e+001,6.07927e+001,-2.01220e+000
-1.30755e-004,1.30419e-004,-8.69141e-002,5.32227e-002,9.62402e-001,1.45122e+001,6.35976e+001,-1.58537e+000
-5.92508e-005,5.62295e-005,-1.16211e-001,3.61328e-002,9.79492e-001,1.07317e+001,6.79878e+001,-1.15854e+000
-3.59197e-005,-1.71206e-005,-1.25488e-001,3.61328e-002,9.90723e-001,8.71951e+000,6.90244e+001,-6.70732e-001
5.55581e-005,-1.45190e-004,-1.55273e-001,3.51563e-002,1.01318e+000,4.51220e+000,6.87805e+001,-3.04878e-001
3.68765e-004,-3.54665e-004,-1.74316e-001,4.44336e-002,1.02295e+000,2.62195e+000,6.76220e+001,-2.43902e-001
5.44839e-004,-3.29152e-004,-2.05078e-001,5.17578e-002,1.03125e+000,-3.04878e-001,6.46951e+001,-9.14634e-001
3.87564e-004,-1.43847e-004,-2.23145e-001,5.32227e-002,1.01709e+000,-2.19512e+000,6.26220e+001,-1.46341e+000
3.65408e-004,-4.11231e-005,-2.57324e-001,5.95703e-002,1.01123e+000,-4.63415e+000,5.76220e+001,-3.29268e+000
1.91852e-004,-4.17945e-005,-2.70996e-001,6.00586e-002,1.02246e+000,-5.18293e+000,5.42683e+001,-4.14634e+000
-9.44991e-005,-4.51514e-005,-2.90527e-001,5.07813e-002,1.06592e+000,-4.26829e+000,4.48780e+001,-6.34146e+000
-2.37339e-004,6.79789e-005,-3.06641e-001,4.73633e-002,1.06787e+000,-2.98780e+000,4.01220e+001,-7.25610e+000
-3.66079e-004,1.60296e-004,-3.27637e-001,5.02930e-002,1.03955e+000,-2.86585e+000,3.26829e+001,-7.74390e+000
-3.80346e-004,1.76745e-004,-3.25195e-001,3.66211e-002,1.04199e+000,-3.23171e+000,2.87195e+001,-8.71951e+000
-2.10147e-004,2.26764e-004,-3.27148e-001,3.07617e-002,1.03271e+000,-4.26829e+000,2.06707e+001,-1.14634e+001
-3.69268e-005,2.08637e-004,-3.34473e-001,1.85547e-002,1.01660e+000,-4.45122e+000,1.78049e+001,-1.24390e+001
2.01419e-005,1.46700e-004,-3.33008e-001,1.41602e-002,1.01123e+000,-4.51220e+000,1.30488e+001,-1.44512e+001
1.42672e-005,8.57710e-005,-3.25195e-001,2.92969e-003,1.00879e+000,-4.39024e+000,1.09146e+001,-1.50000e+001
1.79599e-005,3.44091e-005,-3.16895e-001,9.76563e-004,1.01514e+000,-3.53659e+000,5.42683e+000,-1.65244e+001
3.35698e-007,-3.64233e-005,-3.16406e-001,-3.41797e-003,1.04834e+000,-3.17073e+000,2.50000e+000,-1.75000e+001
-8.50996e-005,-1.46868e-004,-3.35449e-001,-1.95313e-002,1.05957e+000,-3.53659e+000,-4.26829e+000,-1.89634e+001
-2.82155e-004,-1.38140e-004,-3.40820e-001,-3.07617e-002,1.01221e+000,-3.90244e+000,-1.23171e+001,-1.70122e+001
-2.87526e-004,-9.33242e-005,-3.47168e-001,-2.88086e-002,9.83887e-001,-4.57317e+000,-1.67683e+001,-1.76829e+001
3.52483e-006,-8.14069e-005,-3.48633e-001,-3.22266e-002,9.37988e-001,-4.45122e+000,-2.31707e+001,-2.00610e+001
2.58656e-004,-1.93027e-005,-3.36426e-001,-3.36914e-002,9.12109e-001,-4.08537e+000,-2.39024e+001,-2.15244e+001
3.17235e-004,-1.89670e-005,-3.12988e-001,-3.07617e-002,8.89648e-001,-3.41463e+000,-2.45122e+001,-2.26220e+001
2.32807e-004,9.21492e-005,-2.87109e-001,-2.92969e-002,8.92090e-001,-3.29268e+000,-2.39024e+001,-2.28049e+001
1.70871e-004,2.76112e-004,-2.27051e-001,-8.78906e-003,9.32617e-001,-5.00000e+000,-2.03049e+001,-2.39024e+001
7.13359e-005,3.00618e-004,-2.05078e-001,-9.76563e-004,9.67773e-001,-5.36585e+000,-1.79878e+001,-2.48780e+001
-5.94186e-005,-7.97284e-005,-1.67969e-001,2.39258e-002,1.05322e+000,-6.21951e+000,-1.40854e+001,-2.65244e+001
-1.97391e-004,-2.10315e-004,-1.58203e-001,3.27148e-002,1.08252e+000,-5.06098e+000,-1.19512e+001,-2.77439e+001
-2.57481e-004,-9.48348e-005,-1.27441e-001,3.71094e-002,1.10205e+000,-2.37805e+000,-9.39024e+000,-2.92073e+001
-1.34447e-004,-1.06249e-004,-9.86328e-002,4.29688e-002,1.08887e+000,-1.09756e+000,-8.29268e+000,-3.05488e+001
6.81468e-005,-8.74495e-005,-4.58984e-002,3.66211e-002,1.04785e+000,6.09756e-001,-2.80488e+000,-3.23171e+001
1.26055e-004,-2.83665e-005,-1.02539e-002,4.10156e-002,9.89746e-001,1.64634e+000,1.52439e+000,-3.32927e+001
1.81109e-004,4.26337e-005,-4.88281e-003,4.93164e-002,9.77539e-001,2.62195e+000,1.16463e+001,-3.56707e+001
2.15015e-004,1.18669e-004,-4.73633e-002,4.44336e-002,9.95605e-001,3.53659e+000,1.54268e+001,-3.75000e+001
1.50561e-004,3.28817e-004,-7.47070e-002,4.73633e-002,1.04541e+000,5.12195e+000,1.99390e+001,-4.05488e+001
3.97803e-005,5.67666e-004,-1.27441e-001,3.12500e-002,1.13281e+000,6.09756e+000,2.11585e+001,-4.11585e+001
-1.14977e-004,5.53063e-004,-1.47461e-001,2.92969e-002,1.14941e+000,1.01220e+001,2.36585e+001,-4.00610e+001
-2.15854e-004,2.75105e-004,-1.53320e-001,1.85547e-002,1.14209e+000,1.18293e+001,2.52439e+001,-3.92683e+001
-1.82284e-004,-7.26787e-005,-1.40625e-001,1.95313e-002,1.13770e+000,1.46951e+001,3.25610e+001,-3.68293e+001
-1.35119e-004,-3.82528e-004,-1.10352e-001,1.36719e-002,1.12988e+000,1.81098e+001,4.16463e+001,-3.54268e+001
-5.20333e-005,-4.94652e-004,-8.20313e-002,9.76563e-004,1.10400e+000,2.06098e+001,4.54268e+001,-3.46341e+001
2.34989e-006,-3.77493e-004,-1.80664e-002,-2.00195e-002,1.01416e+000,2.42683e+001,5.12195e+001,-3.25610e+001
3.13878e-005,-1.79095e-004,-5.85938e-003,-3.75977e-002,9.49707e-001,2.63415e+001,5.42683e+001,-3.07927e+001
1.55932e-004,-1.10445e-004,1.85547e-002,-7.71484e-002,7.65625e-001,2.95122e+001,5.92073e+001,-2.47561e+001
2.45563e-004,-1.32097e-004,2.63672e-002,-1.08398e-001,6.67480e-001,2.98171e+001,6.23171e+001,-2.09756e+001
2.25086e-004,-2.00412e-004,-1.22070e-002,-1.56738e-001,5.07324e-001,2.92073e+001,6.67683e+001,-1.50000e+001
9.76883e-005,-2.47913e-004,-4.44336e-002,-1.60156e-001,4.49707e-001,2.82317e+001,6.62805e+001,-1.31707e+001
-2.41703e-005,-1.22362e-004,-9.76563e-002,-1.24023e-001,3.90625e-001,2.54878e+001,6.13415e+001,-1.45122e+001
-1.00542e-004,-3.17235e-005,-1.15723e-001,-7.17773e-002,4.09668e-001,2.36585e+001,5.78659e+001,-1.75000e+001
-2.35660e-004,-5.65652e-005,-1.74805e-001,6.78711e-002,4.92188e-001,2.08537e+001,5.28049e+001,-2.46951e+001
-2.32975e-004,-3.35698e-005,-2.09473e-001,1.45020e-001,5.36133e-001,2.02439e+001,5.14024e+001,-2.70122e+001
-8.67781e-005,1.70199e-004,-2.63672e-001,2.66113e-001,6.07910e-001,1.94512e+001,4.85976e+001,-2.72561e+001
3.52483e-005,3.16396e-004,-2.96387e-001,3.42285e-001,6.89941e-001,1.93902e+001,4.59756e+001,-2.54878e+001
4.68299e-005,2.26093e-004,-3.10547e-001,3.55469e-001,7.29980e-001,1.90854e+001,3.85976e+001,-2.09756e+001
7.83856e-005,7.13359e-005,-3.35938e-001,3.33496e-001,8.10059e-001,1.87195e+001,3.39024e+001,-1.91463e+001
7.18395e-005,-6.34470e-005,-3.42773e-001,2.97852e-001,8.50098e-001,1.56707e+001,2.23171e+001,-1.57927e+001
-2.50095e-005,-4.63264e-005,-3.37891e-001,1.97754e-001,9.17480e-001,1.36585e+001,1.64634e+001,-1.43293e+001
-1.05577e-004,1.92859e-004,-3.19824e-001,1.38672e-001,9.45801e-001,9.32927e+000,5.00000e+000,-1.23780e+001
-1.10445e-004,2.59663e-004,-2.39258e-001,2.92969e-002,9.89258e-001,7.62195e+000,-3.65854e-001,-1.18293e+001
-9.91989e-005,-1.24208e-004,-1.98242e-001,-1.80664e-002,9.97559e-001,4.57317e+000,-8.29268e+000,-1.07927e+001
-7.40215e-005,-1.93530e-004,-1.23047e-001,-8.30078e-002,9.88770e-001,2.13415e+000,-1.24390e+001,-1.02439e+001
-4.71656e-005,3.07164e-005,-9.27734e-002,-1.01563e-001,9.81445e-001,9.75610e-001,-1.40854e+001,-9.69512e+000
-1.09102e-005,-6.91539e-005,-5.41992e-002,-1.15723e-001,1.02051e+000,-9.14634e-001,-1.52439e+001,-8.41463e+000
1.57778e-005,-1.15648e-004,-4.10156e-002,-1.07422e-001,1.05273e+000,-1.40244e+000,-1.56098e+001,-7.31707e+000
2.50095e-005,3.74304e-005,-5.02930e-002,-7.42188e-002,1.08057e+000,-2.07317e+000,-1.54878e+001,-5.60976e+000
1.22530e-005,-2.11490e-005,-6.39648e-002,-4.98047e-002,1.05566e+000,-2.13415e+000,-1.59756e+001,-4.75610e+000
-9.56741e-006,-2.71916e-005,-1.14746e-001,2.05078e-002,9.57520e-001,-3.29268e+000,-1.98171e+001,-4.45122e+000
-4.01160e-005,7.88891e-006,-1.44531e-001,4.93164e-002,9.11621e-001,-4.51220e+000,-2.21341e+001,-5.00000e+000
-1.59457e-005,3.13878e-005,-2.16797e-001,9.42383e-002,8.46680e-001,-5.12195e+000,-2.74390e+001,-7.86585e+000
9.56741e-006,6.79789e-005,-2.51465e-001,1.06934e-001,8.05176e-001,-4.69512e+000,-3.06707e+001,-9.63415e+000
7.26787e-005,5.32082e-005,-3.21777e-001,1.08398e-001,6.80664e-001,-2.80488e+000,-4.04268e+001,-1.26829e+001
8.57710e-005,2.85344e-006,-3.61328e-001,1.04492e-001,6.09863e-001,-1.09756e+000,-4.64024e+001,-1.43293e+001
3.84375e-005,-4.28016e-005,-4.30176e-001,8.05664e-002,4.92188e-001,7.92683e-001,-5.95732e+001,-1.47561e+001
-2.46738e-005,-8.50996e-005,-4.60449e-001,3.51563e-002,4.08203e-001,1.64634e+000,-6.64634e+001,-1.43293e+001
-6.39506e-005,-9.28206e-005,-4.61426e-001,1.02539e-002,3.50586e-001,2.74390e+000,-7.94512e+001,-1.28659e+001
-7.06645e-005,-1.30587e-004,-4.58008e-001,-4.63867e-002,1.99707e-001,3.29268e+000,-8.54878e+001,-1.22561e+001
-1.81277e-005,-1.28573e-004,-4.58008e-001,-6.93359e-002,1.33301e-001,3.78049e+000,-9.64634e+001,-1.07927e+001
-2.01419e-005,-4.38087e-005,-4.69727e-001,-1.11816e-001,7.91016e-002,4.32927e+000,-1.01890e+002,-1.07927e+001
-6.42863e-005,1.74228e-004,-4.82422e-001,-1.25488e-001,8.25195e-002,4.81707e+000,-1.12561e+002,-1.07927e+001
-6.78111e-005,3.71283e-004,-5.17090e-001,-1.34766e-001,1.65039e-001,4.26829e+000,-1.16951e+002,-1.10976e+001
-3.34020e-005,1.83627e-004,-5.31250e-001,-1.31836e-001,2.33398e-001,1.34146e+000,-1.23902e+002,-1.01829e+001
-2.60166e-005,-9.55062e-005,-5.25879e-001,-1.01563e-001,3.69629e-001,-2.68293e+000,-1.28293e+002,-6.89024e+000
-3.00450e-005,-1.33776e-004,-4.95605e-001,-7.22656e-002,4.40918e-001,-5.06098e+000,-1.28902e+002,-4.87805e+000
-2.06455e-005,-9.34920e-005,-3.95020e-001,-2.92969e-003,5.91797e-001,-1.06098e+001,-1.24817e+002,-6.09756e-001
-8.89601e-006,-3.57519e-005,-3.23242e-001,4.15039e-002,6.65039e-001,-1.35976e+001,-1.20671e+002,1.46341e+000
-2.18204e-006,1.24208e-005,-1.90918e-001,1.28418e-001,8.11523e-001,-1.85976e+001,-1.11220e+002,6.40244e+000
-5.03548e-007,1.86313e-005,-1.21094e-001,1.79199e-001,8.88184e-001,-2.08537e+001,-1.07073e+002,9.20732e+000
-3.02129e-006,-2.09812e-005,1.07422e-002,2.68555e-001,1.05811e+000,-2.57317e+001,-1.00488e+002,1.40854e+001
-3.52483e-006,-5.28725e-005,6.88477e-002,3.07129e-001,1.14453e+000,-2.80488e+001,-9.57317e+001,1.60366e+001
-3.02129e-006,-2.46738e-005,1.59180e-001,3.66699e-001,1.28223e+000,-3.13415e+001,-8.46951e+001,1.79268e+001
-1.19173e-005,7.21752e-006,1.97754e-001,3.78418e-001,1.32861e+000,-3.25000e+001,-7.87195e+001,1.73780e+001
7.88891e-006,3.00450e-005,2.76855e-001,3.67188e-001,1.42627e+000,-3.35976e+001,-6.23781e+001,1.53049e+001
8.22461e-005,-1.42672e-005,3.15430e-001,3.59863e-001,1.49902e+000,-3.43902e+001,-5.15854e+001,1.39024e+001
7.30144e-005,-1.33776e-004,3.72559e-001,3.07617e-001,1.70264e+000,-3.71951e+001,-2.96341e+001,1.42073e+001
2.19883e-005,-1.05745e-004,4.40918e-001,2.36328e-001,1.83594e+000,-3.67683e+001,-1.90244e+001,1.72561e+001
3.86053e-006,7.20073e-005,5.00000e-001,2.05078e-001,1.86914e+000,-3.28049e+001,1.15854e+000,2.81707e+001
-1.42672e-005,1.51568e-004,6.09375e-001,1.41113e-001,1.84326e+000,-2.95732e+001,1.26220e+001,3.37805e+001
-9.65133e-005,8.61067e-005,6.40137e-001,9.52148e-002,1.78564e+000,-1.97561e+001,3.98171e+001,4.47561e+001
-1.31090e-004,-4.69978e-005,6.98242e-001,-1.85547e-002,1.65576e+000,-1.43293e+001,5.42683e+001,4.98171e+001
-7.90570e-005,-2.01587e-004,7.35352e-001,-9.86328e-002,1.60742e+000,-1.82927e+000,8.46951e+001,6.07317e+001
-3.34020e-005,-9.28206e-005,7.74902e-001,-2.73438e-001,1.44482e+000,7.25610e+000,1.01524e+002,6.68293e+001
-2.76951e-005,4.17945e-005,7.35840e-001,-3.29102e-001,1.33350e+000,2.92073e+001,1.29573e+002,7.32927e+001
-2.97093e-005,-2.93736e-005,3.31055e-001,-3.01758e-001,1.08643e+000,4.41463e+001,1.26098e+002,5.95122e+001
-2.83665e-005,4.21302e-005,1.70898e-002,-2.32422e-001,1.02100e+000,4.52439e+001,1.06280e+002,4.94512e+001
-2.70237e-005,1.81445e-004,-5.78125e-001,-1.01074e-001,1.03320e+000,3.89634e+001,4.43902e+001,3.45122e+001
-2.06455e-005,1.43847e-004,-8.07617e-001,-8.83789e-002,1.02246e+000,3.64634e+001,1.15854e+001,3.05488e+001
-1.56100e-005,3.60876e-005,-1.11084e+000,-1.48926e-001,7.75879e-001,3.20122e+001,-4.19512e+001,3.06098e+001
-1.72885e-005,-7.55322e-006,-1.17236e+000,-1.90430e-001,6.10840e-001,2.71341e+001,-6.12805e+001,3.30488e+001
-1.86313e-005,-7.21752e-006,-1.16992e+000,-2.44141e-001,3.86230e-001,1.31707e+001,-9.12195e+001,3.62195e+001
-2.03098e-005,1.15816e-005,-1.13574e+000,-2.32910e-001,3.49121e-001,6.15854e+000,-1.02988e+002,3.65244e+001
-1.49386e-005,3.42412e-005,-1.01221e+000,-1.56250e-001,3.98926e-001,-2.31707e+000,-1.16341e+002,3.82927e+001
-6.37827e-006,1.32601e-005,-9.02344e-001,-9.66797e-002,4.20898e-001,-3.53659e+000,-1.15549e+002,4.11585e+001
-3.18914e-006,-2.26596e-005,-5.78125e-001,9.76563e-003,4.49707e-001,-3.04878e+000,-1.02805e+002,4.86585e+001
-5.20333e-006,-3.91089e-005,-3.81348e-001,4.68750e-002,4.79492e-001,-1.89024e+000,-9.45122e+001,5.18293e+001
-1.15816e-005,-3.81018e-005,2.49023e-002,8.25195e-002,5.99609e-001,7.92683e-001,-7.78049e+001,5.29268e+001
-1.27565e-005,-3.00450e-005,3.19824e-001,7.61719e-002,7.92969e-001,1.76829e+000,-7.05488e+001,5.09756e+001
-8.72816e-006,-2.90379e-005,4.03809e-001,6.88477e-002,8.81348e-001,4.02439e+000,-5.81707e+001,4.40244e+001
-1.49386e-005,-2.13169e-005,4.67773e-001,5.37109e-002,1.02197e+000,4.81707e+000,-5.27439e+001,3.99390e+001
-1.82956e-005,-2.36667e-005,4.49707e-001,4.49219e-002,1.06006e+000,7.19512e+000,-4.34146e+001,2.87195e+001
-7.72107e-006,-2.43381e-005,3.15918e-001,3.22266e-002,1.05029e+000,8.90244e+000,-3.81707e+001,2.25000e+001
-4.19623e-006,-1.54421e-005,2.03125e-001,3.61328e-002,1.02295e+000,1.26220e+001,-3.01829e+001,1.03659e+001
-3.35698e-006,-1.04067e-005,-4.58984e-002,3.02734e-002,9.65820e-001,1.33537e+001,-2.78049e+001,6.03659e+000
-4.19623e-006,8.39246e-006,-1.37207e-001,1.90430e-002,9.42383e-001,1.43902e+001,-2.54878e+001,1.95122e+000
-3.69268e-006,2.97093e-005,-2.25586e-001,-8.78906e-003,8.98926e-001,1.37805e+001,-2.35976e+001,1.52439e+000
-6.37827e-006,1.39315e-005,-2.15820e-001,-1.95313e-002,8.93066e-001,1.26220e+001,-2.17073e+001,2.01220e+000
-4.36408e-006,-2.53452e-005,-1.58691e-001,-4.29688e-002,9.15039e-001,8.71951e+000,-1.60976e+001,5.73171e+000
-7.55322e-006,-6.22721e-005,-1.14746e-001,-4.83398e-002,9.40430e-001,6.46341e+000,-1.23780e+001,8.23171e+000
-8.22461e-006,-6.46220e-005,-1.41602e-002,-3.85742e-002,9.98047e-001,2.74390e+000,-4.20732e+000,1.39634e+001
-4.19623e-006,-2.97093e-005,3.80859e-002,-2.49023e-002,1.02441e+000,8.53659e-001,-2.43902e-001,1.67683e+001
-4.53193e-006,1.62814e-005,1.15234e-001,1.70898e-002,1.05811e+000,-7.92683e-001,8.96342e+000,2.06098e+001
-9.56741e-006,7.70428e-005,1.38184e-001,3.51563e-002,1.06982e+000,-1.03659e+000,1.43293e+001,2.15854e+001
-1.34279e-005,8.27497e-005,1.46484e-001,6.34766e-002,1.07568e+000,3.04878e-001,2.54268e+001,2.25000e+001
-2.06455e-005,3.18914e-006,1.38672e-001,7.51953e-002,1.07617e+000,6.09756e-001,3.16463e+001,2.22561e+001
-2.13169e-005,-7.88891e-006,9.47266e-002,7.76367e-002,1.06250e+000,1.82927e+000,4.26220e+001,2.17683e+001
-2.04776e-005,-1.15816e-005,6.88477e-002,7.27539e-002,1.06006e+000,1.89024e+000,4.72561e+001,2.15854e+001
-3.54162e-005,8.97993e-005,2.09961e-002,6.05469e-002,1.04834e+000,2.80488e+000,5.58537e+001,2.11585e+001
-5.92508e-005,4.19623e-005,-3.41797e-002,3.85742e-002,1.01807e+000,3.10976e+000,5.92683e+001,2.06098e+001
-5.45510e-005,-8.77852e-005,-6.98242e-002,3.51563e-002,1.00244e+000,2.19512e+000,6.37805e+001,1.96951e+001
-4.43122e-005,6.02579e-005,-1.33789e-001,2.34375e-002,9.76563e-001,1.64634e+000,6.51220e+001,1.92073e+001
-4.76692e-005,-1.30922e-005,-1.59180e-001,2.24609e-002,9.61914e-001,7.31707e-001,6.57317e+001,1.74390e+001
-5.01869e-005,-6.29435e-005,-1.99219e-001,2.44141e-002,9.35547e-001,4.26829e-001,6.56707e+001,1.65244e+001
-4.44800e-005,7.21752e-006,-2.08496e-001,2.53906e-002,9.38477e-001,-7.92683e-001,6.45122e+001,1.41463e+001
-3.70947e-005,1.84634e-006,-2.03613e-001,1.90430e-002,9.43848e-001,-8.53659e-001,6.35976e+001,1.29268e+001
-2.76951e-005,-3.03807e-005,-1.92871e-001,1.90430e-002,9.49707e-001,3.04878e-001,6.23781e+001,9.69512e+000
-9.56741e-006,-1.77920e-005,-1.82129e-001,2.58789e-002,9.56055e-001,1.40244e+000,6.01220e+001,5.12195e+000
3.86053e-006,-8.30854e-005,-1.75293e-001,2.88086e-002,9.54590e-001,1.46341e+000,5.86585e+001,3.29268e+000
9.73526e-006,-2.18708e-004,-1.72363e-001,2.58789e-002,9.49219e-001,2.13415e+000,5.48781e+001,-2.01220e+000
4.86763e-006,-1.96384e-004,-1.78711e-001,2.05078e-002,9.45801e-001,3.17073e+000,5.28049e+001,-5.00000e+000
-6.21042e-006,7.93927e-005,-2.07520e-001,1.75781e-002,9.09180e-001,5.67073e+000,4.86585e+001,-1.11585e+001
-1.12459e-005,2.18708e-004,-2.38281e-001,2.68555e-002,8.90137e-001,6.64634e+000,4.74390e+001,-1.34756e+001
-5.20333e-006,1.71206e-004,-2.89551e-001,5.51758e-002,8.57422e-001,6.15854e+000,4.49390e+001,-1.73780e+001
-1.25887e-005,1.06920e-004,-3.10059e-001,5.90820e-002,8.82813e-001,5.18293e+000,4.19512e+001,-1.93902e+001
-2.06455e-005,9.28206e-005,-3.41797e-001,6.39648e-002,9.12109e-001,5.54878e+000,3.32927e+001,-2.24390e+001
-1.09102e-005,1.94705e-005,-3.52539e-001,6.83594e-002,9.08691e-001,5.91463e+000,2.81098e+001,-2.37805e+001
1.44350e-005,-3.23949e-005,-3.79883e-001,7.08008e-002,9.40430e-001,5.85366e+000,1.88415e+001,-2.54268e+001
3.13878e-005,-4.75013e-005,-3.95508e-001,7.76367e-002,9.48730e-001,6.09756e+000,1.40244e+001,-2.51829e+001
3.15557e-005,-2.56809e-005,-4.31152e-001,9.47266e-002,9.99023e-001,2.92683e+000,2.31707e+000,-2.50000e+001
3.13878e-005,-4.16266e-005,-4.37500e-001,7.51953e-002,1.00879e+000,1.76829e+000,-3.17073e+000,-2.40854e+001
2.53452e-005,-6.12650e-005,-4.42383e-001,6.98242e-002,9.72168e-001,-1.95122e+000,-1.48780e+001,-2.17073e+001
2.98772e-005,-2.97093e-005,-4.59961e-001,4.44336e-002,9.14063e-001,-3.47561e+000,-2.06098e+001,-2.26220e+001
2.73594e-005,-2.60166e-005,-4.69727e-001,2.73438e-002,9.02344e-001,-4.69512e+000,-2.97561e+001,-2.47561e+001
1.19173e-005,-2.85344e-005,-4.76074e-001,8.30078e-003,8.47168e-001,-3.90244e+000,-3.37805e+001,-2.51829e+001
3.18914e-006,-2.87022e-005,-4.78027e-001,1.22070e-002,8.30078e-001,-4.14634e+000,-4.09756e+001,-2.39634e+001
-1.66171e-005,1.19173e-005,-4.46777e-001,1.95313e-002,8.48633e-001,-5.79268e+000,-4.38415e+001,-2.25610e+001
-3.44091e-005,6.93217e-005,-4.14551e-001,2.34375e-002,8.56934e-001,-8.41463e+000,-4.75610e+001,-1.87805e+001
-3.12200e-005,6.16007e-005,-3.38379e-001,3.27148e-002,9.03320e-001,-1.16463e+001,-5.04878e+001,-1.45732e+001
-2.23239e-005,5.22011e-005,-3.00781e-001,3.66211e-002,9.26270e-001,-1.25610e+001,-5.01829e+001,-1.18293e+001
-5.01869e-005,6.54612e-005,-2.21191e-001,5.71289e-002,9.64844e-001,-1.38415e+001,-4.84146e+001,-6.46341e+000
-9.78561e-005,3.64233e-005,-1.81641e-001,6.00586e-002,9.73145e-001,-1.43902e+001,-4.60976e+001,-3.90244e+000
-1.12459e-004,-3.60876e-005,-9.08203e-002,7.42188e-002,9.87793e-001,-1.46341e+001,-4.03659e+001,-1.21951e-001
-1.10277e-004,-5.89151e-005,-5.85938e-002,7.71484e-002,9.97559e-001,-1.43293e+001,-3.71951e+001,6.09756e-001
-8.89601e-005,-4.64942e-005,7.32422e-003,7.22656e-002,1.01953e+000,-1.32317e+001,-3.09756e+001,9.14634e-001
-5.69009e-005,-1.06584e-004,3.66211e-002,7.27539e-002,1.02930e+000,-1.24390e+001,-2.67073e+001,1.15854e+000
6.88182e-006,-6.96574e-005,4.73633e-002,8.00781e-002,1.04932e+000,-1.15244e+001,-1.76829e+001,1.46341e+000
5.48867e-005,2.76951e-005,4.15039e-002,7.86133e-002,1.06787e+000,-1.12805e+001,-1.42073e+001,1.52439e+000
6.49577e-005,8.96315e-005,2.24609e-002,7.12891e-002,1.12061e+000,-1.05488e+001,-1.32927e+001,6.09756e-001
4.75013e-005,2.23239e-005,2.92969e-003,6.49414e-002,1.12598e+000,-9.87805e+000,-1.33537e+001,-1.21951e-001
1.35958e-005,-6.36149e-005,-3.85742e-002,5.76172e-002,1.09668e+000,-7.31707e+000,-9.26829e+000,-1.89024e+000
-2.68559e-006,3.12200e-005,-7.32422e-002,4.68750e-002,1.02930e+000,-6.28049e+000,-5.24390e+000,-2.86585e+000
-1.62814e-005,-1.08598e-004,-8.54492e-002,2.63672e-002,1.00684e+000,-6.03659e+000,2.13415e+000,-4.81707e+000
-5.32082e-005,-1.42000e-004,-1.17676e-001,-1.75781e-002,9.93652e-001,-5.54878e+000,4.20732e+000,-5.06098e+000
-6.56291e-005,-6.12650e-005,-1.39160e-001,-3.22266e-002,1.01221e+000,-3.47561e+000,5.30488e+000,-2.25610e+000
-4.90120e-005,-4.31373e-005,-1.68457e-001,-6.44531e-002,1.02881e+000,-2.50000e+000,5.60976e+000,-4.87805e-001
-3.54162e-005,-3.18914e-005,-1.74805e-001,-8.39844e-002,1.01270e+000,-2.25610e+000,8.23171e+000,3.78049e+000
-4.04517e-005,-3.07164e-005,-1.63574e-001,-1.32324e-001,9.72168e-001,-2.50000e+000,1.09756e+001,6.15854e+000
-5.42153e-005,-8.39246e-007,-1.42578e-001,-1.55762e-001,9.29199e-001,-3.96341e+000,1.59146e+001,1.23780e+001
-6.64683e-005,1.67849e-006,-5.90820e-002,-1.82129e-001,8.44727e-001,-5.00000e+000,2.01829e+001,1.76220e+001
-5.15297e-005,-3.75982e-005,4.39453e-003,-1.76758e-001,8.05664e-001,-5.06098e+000,2.13415e+001,1.89024e+001
-1.86313e-005,-3.23949e-005,1.16211e-001,-1.10840e-001,7.32422e-001,-4.69512e+000,2.34146e+001,1.81707e+001
-2.09812e-005,2.56809e-005,1.76758e-001,-4.78516e-002,7.29980e-001,-4.14634e+000,2.51829e+001,1.66463e+001
-5.55581e-005,5.53903e-005,2.58301e-001,1.03516e-001,7.72461e-001,-2.43902e+000,3.05488e+001,1.14634e+001
1.86313e-005,1.39315e-005,2.76855e-001,1.77246e-001,8.17383e-001,-1.21951e+000,3.33537e+001,8.29268e+000
1.22362e-004,-1.74563e-005,2.51465e-001,2.91992e-001,8.99902e-001,9.75610e-001,3.57927e+001,3.35366e+000
1.44854e-004,-4.31373e-005,2.06543e-001,3.22266e-001,9.25293e-001,2.01220e+000,3.50610e+001,9.75610e-001
1.24544e-004,-7.46929e-005,7.76367e-002,3.18359e-001,9.54102e-001,2.98780e+000,3.04878e+001,-2.92683e+000
7.16716e-005,-5.22011e-005,-2.44141e-003,2.81738e-001,9.66309e-001,3.47561e+000,2.72561e+001,-4.63415e+000
1.25887e-005,-2.13169e-005,-1.52344e-001,1.66992e-001,9.69727e-001,2.50000e+000,1.89024e+001,-7.01220e+000
-2.83665e-005,1.52743e-005,-1.96777e-001,1.02051e-001,9.74609e-001,1.70732e+000,1.48780e+001,-7.56098e+000
-3.72625e-005,9.75204e-005,-2.45605e-001,-1.70898e-002,9.72168e-001,-4.26829e-001,8.71951e+000,-9.14634e+000
-3.57519e-005,1.98566e-004,-2.43652e-001,-9.81445e-002,9.65820e-001,-1.58537e+000,5.79268e+000,-1.04268e+001
-1.44350e-005,1.44518e-004,-2.25098e-001,-1.19141e-001,9.60449e-001,-3.23171e+000,2.25610e+000,-1.25000e+001
-1.34279e-006,1.62814e-005,-1.78223e-001,-1.26465e-001,9.55566e-001,-4.02439e+000,9.75610e-001,-1.46341e+001
-2.29953e-005,-3.94446e-005,-1.60645e-001,-1.17676e-001,9.53125e-001,-3.84146e+000,1.21951e-001,-1.88415e+001
-5.43832e-005,-6.09293e-005,-1.35254e-001,-8.44727e-002,9.40918e-001,-3.23171e+000,-3.65854e-001,-2.04268e+001
-4.71656e-005,-8.20783e-005,-1.21582e-001,-6.88477e-002,9.37988e-001,-1.09756e+000,6.09756e-002,-2.27439e+001
-1.86313e-005,-9.88632e-005,-1.01563e-001,-4.24805e-002,9.49707e-001,-6.09756e-002,1.82927e-001,-2.38415e+001
-2.09812e-005,-8.71138e-005,-9.37500e-002,-2.88086e-002,9.56055e-001,3.35366e+000,2.01220e+000,-2.48780e+001
-6.83146e-005,-3.91089e-005,-7.81250e-002,-1.56250e-002,9.73633e-001,5.91463e+000,3.59756e+000,-2.59756e+001
-1.06584e-004,3.69268e-005,-8.05664e-002,-3.90625e-003,9.74121e-001,7.43902e+000,4.93902e+000,-2.62195e+001
-8.64424e-005,1.45861e-004,-9.57031e-002,2.05078e-002,9.77051e-001,9.87805e+000,7.25610e+000,-2.61585e+001
-2.76951e-005,1.61639e-004,-9.71680e-002,2.58789e-002,9.95605e-001,1.07927e+001,8.04878e+000,-2.60976e+001
-2.51774e-005,1.14641e-004,-8.98438e-002,2.53906e-002,1.02881e+000,1.31707e+001,1.15244e+001,-2.62195e+001
-4.53193e-005,1.21355e-004,-7.08008e-002,2.58789e-002,1.03467e+000,1.51829e+001,1.40854e+001,-2.62195e+001
-1.22530e-005,1.11955e-004,-2.83203e-002,2.09961e-002,1.00928e+000,1.90244e+001,1.91463e+001,-2.71341e+001
2.60166e-005,-7.87213e-005,-1.66016e-002,1.70898e-002,9.87793e-001,2.07927e+001,2.12195e+001,-2.70122e+001
3.10521e-005,-1.14305e-004,-1.85547e-002,1.41602e-002,9.65332e-001,2.43902e+001,2.40854e+001,-2.72561e+001
6.05936e-005,-2.78630e-005,-2.78320e-002,1.75781e-002,9.52148e-001,2.51220e+001,2.46951e+001,-2.66463e+001
6.51255e-005,-1.67849e-007,-4.49219e-002,8.78906e-003,9.43848e-001,2.70122e+001,2.56098e+001,-2.52439e+001
3.70947e-005,8.00641e-005,-4.58984e-002,-2.92969e-003,9.45313e-001,2.83537e+001,2.57927e+001,-2.43902e+001
1.39315e-005,1.74395e-004,-2.97852e-002,-3.71094e-002,9.42383e-001,3.17683e+001,2.53659e+001,-2.19512e+001
-2.50095e-005,4.71656e-005,-2.09961e-002,-6.15234e-002,7.84180e-001,3.43293e+001,2.53049e+001,-2.07927e+001
-5.32082e-005,-9.98703e-005,-2.58789e-002,-7.51953e-002,6.47949e-001,3.96951e+001,2.44512e+001,-1.89024e+001
-4.58228e-005,-2.80476e-004,-5.71289e-002,-8.83789e-002,4.37500e-001,4.06098e+001,2.29268e+001,-1.84146e+001
1.98062e-005,-3.01961e-004,-7.91016e-002,-9.61914e-002,3.65234e-001,4.31707e+001,1.75610e+001,-1.82927e+001
4.71656e-005,-1.47539e-004,-1.54297e-001,-1.15234e-001,3.11523e-001,4.43293e+001,1.46951e+001,-1.88415e+001
-6.21042e-006,-8.22461e-006,-2.17773e-001,-1.15234e-001,3.08105e-001,4.54268e+001,6.09756e+000,-2.06098e+001
-5.92508e-005,6.22721e-005,-3.68652e-001,-1.04492e-001,3.04199e-001,4.50000e+001,1.52439e+000,-2.14024e+001
-6.59647e-005,1.00542e-004,-4.47754e-001,-9.81445e-002,3.00293e-001,4.21341e+001,-1.04878e+001,-2.15854e+001
-5.87472e-005,3.35698e-005,-5.62500e-001,-7.61719e-002,3.02734e-001,3.79268e+001,-2.35976e+001,-2.05488e+001
-1.52743e-005,-4.61585e-005,-6.06445e-001,-6.25000e-002,2.99316e-001,3.54268e+001,-2.89024e+001,-1.96341e+001
3.10521e-005,-9.31563e-005,-6.41602e-001,-2.53906e-002,3.10547e-001,3.04878e+001,-3.53049e+001,-1.83537e+001
3.35698e-006,-9.41634e-005,-6.40625e-001,-8.30078e-003,3.42773e-001,2.73780e+001,-3.81707e+001,-1.76829e+001
-3.54162e-005,-9.95346e-005,-6.09375e-001,2.63672e-002,4.58496e-001,2.15854e+001,-4.24390e+001,-1.67683e+001
-5.92508e-005,-7.60357e-005,-5.79102e-001,4.49219e-002,5.25391e-001,1.90244e+001,-4.47561e+001,-1.60976e+001
-5.42153e-005,-4.21302e-005,-4.85352e-001,6.98242e-002,6.60156e-001,1.34146e+001,-5.26829e+001,-1.29268e+001
-3.27306e-005,-7.46929e-005,-4.18457e-001,8.49609e-002,7.25586e-001,1.06707e+001,-5.77439e+001,-1.04268e+001
-2.60166e-005,-8.56031e-005,-2.74414e-001,1.07910e-001,8.67676e-001,4.45122e+000,-6.42073e+001,-4.39024e+000
-8.89601e-006,-5.22011e-005,-2.10938e-001,1.13770e-001,9.36035e-001,1.89024e+000,-6.70122e+001,-1.46341e+000
-8.39246e-006,4.36408e-006,-7.42188e-002,1.12793e-001,9.82910e-001,-1.89024e+000,-6.99390e+001,5.12195e+000
-1.42672e-005,5.58938e-005,-2.44141e-003,1.17676e-001,9.90234e-001,-3.90244e+000,-6.95122e+001,7.92683e+000
9.90310e-006,3.70947e-005,1.14258e-001,1.02051e-001,1.02295e+000,-9.26829e+000,-6.64634e+001,1.09756e+001
3.94446e-005,6.54612e-006,1.74805e-001,9.52148e-002,1.11328e+000,-1.10366e+001,-6.40854e+001,1.23171e+001
4.04517e-005,3.87732e-005,2.01660e-001,9.03320e-002,1.17676e+000,-1.35366e+001,-5.67073e+001,1.54878e+001
4.85084e-005,5.23690e-005,2.45117e-001,8.74023e-002,1.26318e+000,-1.43293e+001,-5.13415e+001,1.76829e+001
5.53903e-005,6.54612e-006,2.62695e-001,8.93555e-002,1.29248e+000,-1.55488e+001,-3.81707e+001,2.29878e+001
1.15816e-005,-3.52483e-006,2.84180e-001,9.22852e-002,1.32471e+000,-1.57317e+001,-3.06707e+001,2.60366e+001
-4.88441e-005,7.72107e-006,2.98828e-001,9.03320e-002,1.31006e+000,-1.46951e+001,-1.54268e+001,3.23780e+001
-8.24140e-005,4.34730e-005,3.35449e-001,5.90820e-002,1.23584e+000,-1.35976e+001,-7.07317e+000,3.53659e+001
-7.77142e-005,8.67781e-005,3.50098e-001,3.56445e-002,1.16992e+000,-8.59756e+000,1.56707e+001,4.37195e+001
-7.63714e-005,1.05577e-004,4.12109e-001,1.17188e-002,1.04541e+000,-4.14634e+000,4.09756e+001,6.09756e+001
-6.54612e-005,1.33944e-004,4.55078e-001,7.81250e-003,1.02246e+000,-2.68293e+000,5.04268e+001,6.68293e+001
-5.79080e-005,1.88327e-004,3.60840e-001,5.07813e-002,1.03467e+000,-9.75610e-001,4.95732e+001,6.31707e+001
-4.07874e-005,1.76745e-004,2.00684e-001,1.02051e-001,1.06689e+000,1.15854e+000,3.98171e+001,5.59146e+001
2.80308e-005,9.16457e-005,-1.63574e-001,1.86523e-001,1.15479e+000,4.87805e+000,8.35366e+000,4.26220e+001
4.64942e-005,1.24208e-005,-3.23730e-001,1.86035e-001,1.15332e+000,6.09756e+000,-1.00000e+001,3.79878e+001
1.72885e-005,-4.04517e-005,-6.28906e-001,1.31836e-001,1.04883e+000,6.34146e+000,-4.74390e+001,2.92683e+001
-5.03548e-007,-4.81727e-005,-8.06152e-001,1.07422e-001,1.01758e+000,4.39024e+000,-6.87805e+001,2.26829e+001
-2.70237e-005,-3.40734e-005,-1.08887e+000,7.61719e-002,1.05811e+000,-2.50000e+000,-1.11037e+002,1.04878e+001
-6.21042e-006,-6.89860e-005,-1.14990e+000,3.90625e-002,1.08301e+000,-5.73171e+000,-1.22561e+002,9.45122e+000
-4.36408e-006,-8.00641e-005,-1.04346e+000,-9.13086e-002,9.75586e-001,-6.58537e+000,-1.17866e+002,2.25000e+001
-4.41444e-005,-5.55581e-005,-6.08887e-001,-2.24609e-001,7.18750e-001,-6.09756e+000,-1.05244e+002,3.37195e+001
-3.40734e-005,-2.23239e-005,-3.21777e-001,-2.72949e-001,6.15723e-001,-2.98780e+000,-6.75000e+001,5.20122e+001
1.40993e-005,-1.12459e-005,1.70410e-001,-2.84668e-001,5.43457e-001,-1.40244e+000,-4.71341e+001,5.70732e+001
2.51774e-006,-1.69528e-005,3.47168e-001,-2.55859e-001,5.83496e-001,2.43902e+000,-1.12805e+001,6.11585e+001
-5.28725e-005,4.85084e-005,5.46875e-001,-1.41602e-001,7.29004e-001,5.18293e+000,3.90244e+000,6.21341e+001
-6.42863e-005,9.83597e-005,5.89355e-001,-7.37305e-002,8.00781e-001,9.39024e+000,2.68293e+001,6.23171e+001
-4.28016e-005,1.13970e-004,6.09375e-001,3.85742e-002,9.19434e-001,1.14634e+001,3.28659e+001,6.09756e+001
-2.92058e-005,1.51568e-004,5.89355e-001,7.86133e-002,9.53613e-001,1.62195e+001,3.56707e+001,5.44512e+001
-1.39315e-005,1.46197e-004,4.52637e-001,1.37207e-001,9.56543e-001,1.87195e+001,3.44512e+001,4.85366e+001
1.77920e-005,8.12390e-005,3.21289e-001,1.50879e-001,9.36523e-001,2.26829e+001,2.83537e+001,3.38415e+001
9.56741e-006,1.86313e-005,9.27734e-003,1.47461e-001,8.79883e-001,2.42073e+001,1.89634e+001,2.01220e+001
-1.84634e-006,5.87472e-006,-1.44531e-001,1.32813e-001,8.55469e-001,2.43902e+001,1.43902e+001,1.46951e+001
-6.21042e-006,4.61585e-005,-3.77441e-001,8.30078e-002,8.04688e-001,2.25000e+001,5.60976e+000,5.97561e+000
-1.51064e-006,1.72885e-005,-4.54102e-001,5.81055e-002,7.89551e-001,2.04878e+001,1.40244e+000,3.84146e+000
-1.22530e-005,-2.06455e-005,-5.13184e-001,3.90625e-003,7.87598e-001,1.56707e+001,-4.75610e+000,1.89024e+000
-5.20333e-006,-1.56100e-005,-5.01465e-001,-2.34375e-002,8.08105e-001,1.24390e+001,-7.19512e+000,2.07317e+000
-9.56741e-006,2.29953e-005,-4.06250e-001,-4.58984e-002,8.63281e-001,6.52439e+000,-9.87805e+000,4.63415e+000
-1.20851e-005,3.97803e-005,-3.44238e-001,-4.54102e-002,9.02832e-001,3.41463e+000,-9.87805e+000,6.09756e+000
-3.17235e-005,-5.53903e-006,-2.07520e-001,-1.66016e-002,9.87305e-001,-1.46341e+000,-8.41463e+000,9.26829e+000
-4.54871e-005,-4.86763e-005,-1.36719e-001,4.88281e-004,1.02441e+000,-2.43902e+000,-5.97561e+000,1.07927e+001
-3.79339e-005,-4.90120e-005,-3.75977e-002,4.58984e-002,1.05762e+000,-3.23171e+000,-3.04878e-001,1.05488e+001
-2.92058e-005,-3.37377e-005,1.95313e-002,7.66602e-002,1.04932e+000,-2.98780e+000,3.23171e+000,9.93902e+000
-2.29953e-005,-2.83665e-005,2.78320e-002,8.25195e-002,1.04688e+000,-1.52439e+000,1.14024e+001,7.31707e+000
-2.61845e-005,-3.07164e-005,1.80664e-002,9.22852e-002,1.05322e+000,-8.53659e-001,1.43902e+001,5.97561e+000
-2.09812e-005,-3.27306e-005,9.76563e-004,8.78906e-002,1.05029e+000,4.26829e-001,1.98780e+001,3.78049e+000
-8.89601e-006,0.00000e+000,-4.39453e-002,7.61719e-002,1.04248e+000,1.03659e+000,2.24390e+001,2.98780e+000
1.19173e-005,2.51774e-006,-6.54297e-002,6.44531e-002,1.04150e+000,1.76829e+000,2.57317e+001,1.52439e+000
2.08133e-005,-3.28984e-005,-8.64258e-002,4.15039e-002,1.03809e+000,1.89024e+000,2.76829e+001,8.53659e-001
0.00000e+000,-4.06195e-005,-9.71680e-002,3.32031e-002,1.04004e+000,1.34146e+000,3.21951e+001,-6.09756e-001
-1.61135e-005,-1.25887e-005,-1.14746e-001,2.44141e-002,1.03711e+000,4.26829e-001,3.43293e+001,-9.14634e-001
3.49126e-005,-2.19883e-005,-1.27930e-001,3.46680e-002,1.03760e+000,-1.82927e+000,3.76220e+001,-1.40244e+000
6.96574e-005,-8.52674e-005,-1.68457e-001,4.73633e-002,1.05859e+000,-4.20732e+000,3.67683e+001,-2.19512e+000
3.47448e-005,-9.85275e-005,-1.92383e-001,4.98047e-002,1.06787e+000,-4.51220e+000,3.44512e+001,-3.29268e+000
1.12459e-005,-8.24140e-005,-2.21191e-001,5.07813e-002,1.09033e+000,-5.18293e+000,3.15854e+001,-5.42683e+000
-6.21042e-006,-1.00877e-004,-2.29980e-001,4.68750e-002,1.09375e+000,-5.06098e+000,3.04268e+001,-6.46341e+000
-3.77661e-005,-1.02220e-004,-2.25098e-001,4.98047e-002,1.05762e+000,-5.24390e+000,2.75610e+001,-8.96342e+000
-4.86763e-005,-4.36408e-005,-2.30957e-001,5.02930e-002,1.05127e+000,-5.54878e+000,2.74390e+001,-1.05488e+001
-2.46738e-005,-1.51064e-006,-2.34375e-001,4.78516e-002,1.09717e+000,-4.81707e+000,2.42073e+001,-1.44512e+001
1.49386e-005,3.13878e-005,-2.43164e-001,4.98047e-002,1.11719e+000,-4.02439e+000,2.09756e+001,-1.62195e+001
1.00710e-005,6.05936e-005,-2.74414e-001,6.98242e-002,1.11133e+000,-1.89024e+000,1.54878e+001,-1.87805e+001
-1.35958e-005,3.18914e-005,-2.82715e-001,8.05664e-002,1.10791e+000,-2.31707e+000,1.24390e+001,-1.97561e+001
1.71206e-005,-3.84375e-005,-2.97852e-001,9.57031e-002,1.11963e+000,-2.80488e+000,7.01220e+000,-2.18293e+001
2.48417e-005,-6.26078e-005,-3.03711e-001,1.03027e-001,1.12939e+000,-2.86585e+000,5.06098e+000,-2.28049e+001
-1.81277e-005,-5.05226e-005,-2.95410e-001,9.91211e-002,1.12891e+000,-4.08537e+000,2.43902e-001,-2.53049e+001
-2.65202e-005,-8.22461e-006,-2.82715e-001,8.54492e-002,1.10889e+000,-4.93902e+000,-1.89024e+000,-2.64634e+001
-4.61585e-005,4.19623e-005,-2.87109e-001,7.61719e-002,1.11279e+000,-7.56098e+000,-4.02439e+000,-2.89024e+001
-7.33501e-005,5.74044e-005,-3.14453e-001,3.07617e-002,1.05811e+000,-8.78049e+000,-5.79268e+000,-2.94512e+001
-5.67330e-005,3.92767e-005,-3.16406e-001,1.41602e-002,1.02295e+000,-9.32927e+000,-9.75610e+000,-2.89634e+001
-4.31373e-005,2.29953e-005,-3.21777e-001,-1.46484e-002,9.71680e-001,-8.90244e+000,-1.14024e+001,-3.03049e+001
-3.97803e-005,-1.17494e-005,-3.24707e-001,-2.24609e-002,9.56543e-001,-7.98780e+000,-1.64634e+001,-3.60976e+001
-4.21302e-005,-5.10262e-005,-3.35938e-001,-2.97852e-002,9.62891e-001,-6.64634e+000,-1.80488e+001,-3.90244e+001
-4.86763e-005,-7.23430e-005,-3.39355e-001,-2.49023e-002,9.94141e-001,-5.36585e+000,-2.00000e+001,-4.39634e+001
-3.20592e-005,-8.47639e-005,-3.45703e-001,-1.22070e-002,1.04297e+000,-4.93902e+000,-2.01829e+001,-4.54878e+001
-2.31632e-005,-9.68490e-005,-3.39844e-001,-3.41797e-003,1.06543e+000,-5.36585e+000,-1.94512e+001,-4.56098e+001
-1.66171e-005,-9.31563e-005,-2.87109e-001,7.32422e-003,1.09229e+000,-6.52439e+000,-1.65854e+001,-4.42683e+001
-9.90310e-006,-8.96315e-005,-2.37793e-001,1.31836e-002,1.08740e+000,-6.58537e+000,-1.53659e+001,-4.32927e+001
-6.04257e-006,-8.74495e-005,-1.33301e-001,2.05078e-002,1.06982e+000,-4.57317e+000,-9.20732e+000,-4.14634e+001
-8.05676e-006,-4.51514e-005,-7.95898e-002,2.58789e-002,1.05713e+000,-3.47561e+000,-5.18293e+000,-4.03659e+001
-8.89601e-006,1.71206e-005,3.90625e-003,4.49219e-002,1.07178e+000,-1.76829e+000,6.34146e+000,-3.87195e+001
-1.42672e-005,-1.94705e-005,2.19727e-002,5.12695e-002,1.10889e+000,-9.75610e-001,1.24390e+001,-3.82927e+001
-2.38346e-005,-6.07614e-005,3.12500e-002,6.93359e-002,1.21973e+000,3.65854e-001,2.05488e+001,-3.61585e+001
-2.56809e-005,-6.36149e-005,3.07617e-002,8.30078e-002,1.28369e+000,1.40244e+000,2.31098e+001,-3.53659e+001
-2.58488e-005,-6.83146e-005,1.22070e-002,9.22852e-002,1.38379e+000,4.02439e+000,2.64634e+001,-3.36585e+001
-2.36667e-005,-6.49577e-005,1.12305e-002,8.49609e-002,1.33252e+000,6.03659e+000,2.83537e+001,-3.23780e+001
-1.96384e-005,-7.46929e-005,1.66016e-002,8.00781e-002,1.28125e+000,1.12195e+001,3.46951e+001,-3.06098e+001
-8.39246e-006,-8.15747e-005,4.39453e-003,5.17578e-002,1.17480e+000,1.45732e+001,3.93293e+001,-2.92683e+001
1.14137e-005,-7.60357e-005,-2.92969e-003,2.58789e-002,1.10205e+000,2.03049e+001,4.45732e+001,-2.71341e+001
1.59457e-005,-4.31373e-005,-4.39453e-002,-6.44531e-002,8.88672e-001,2.35976e+001,4.61585e+001,-2.45122e+001
3.86053e-006,-2.81987e-005,-6.88477e-002,-1.38184e-001,7.49023e-001,2.75610e+001,4.89634e+001,-1.46951e+001
-3.18914e-006,-2.97093e-005,-1.24023e-001,-3.33496e-001,3.85742e-001,2.83537e+001,5.01829e+001,-8.17073e+000
-1.15816e-005,-3.30663e-005,-1.24023e-001,-4.25781e-001,2.10938e-001,3.09146e+001,4.98171e+001,5.48780e+000
-1.30922e-005,-4.24659e-005,-5.66406e-002,-4.55078e-001,8.39844e-002,3.18293e+001,4.78049e+001,8.59756e+000
-1.51064e-006,-2.76951e-005,-4.88281e-003,-3.75000e-001,1.58691e-001,3.15854e+001,4.52439e+001,-1.40244e+000
2.18204e-006,-9.56741e-006,4.54102e-002,-8.88672e-002,4.54102e-001,2.98780e+001,5.01829e+001,-2.66463e+001
-2.18204e-006,-4.64942e-005,3.36914e-002,6.44531e-002,6.13770e-001,2.87195e+001,5.56098e+001,-3.75000e+001
-6.21042e-006,-6.36149e-005,-2.97852e-002,3.22754e-001,8.28125e-001,2.80488e+001,6.32927e+001,-4.43293e+001
-9.56741e-006,-2.90379e-005,-5.12695e-002,4.16504e-001,8.55957e-001,2.92073e+001,6.35976e+001,-4.09756e+001
-3.17235e-005,4.11231e-005,-6.54297e-002,5.37598e-001,8.24707e-001,3.27439e+001,5.81098e+001,-2.78659e+001
-4.04517e-005,5.89151e-005,-7.56836e-002,5.64941e-001,7.97363e-001,3.42073e+001,5.31098e+001,-2.21341e+001
-2.58488e-005,1.09102e-005,-1.63086e-001,5.44434e-001,7.95898e-001,3.22561e+001,3.91463e+001,-1.71341e+001
-1.89670e-005,-8.39246e-007,-2.41699e-001,4.88770e-001,8.40820e-001,2.85976e+001,3.10976e+001,-1.65244e+001
-1.12459e-005,3.81018e-005,-3.60840e-001,3.31543e-001,9.96094e-001,1.91463e+001,1.47561e+001,-1.50610e+001
-1.44350e-005,5.28725e-005,-3.77441e-001,2.39258e-001,1.06885e+000,1.43902e+001,7.68293e+000,-1.44512e+001
-2.43381e-005,-3.02129e-006,-3.15918e-001,7.51953e-002,1.11719e+000,6.76829e+000,-4.63415e+000,-1.39634e+001
-2.66880e-005,-5.63973e-005,-1.79688e-001,-4.54102e-002,1.05762e+000,3.71951e+000,-9.75610e+000,-1.39634e+001
-2.04776e-005,-4.73335e-005,-1.13770e-001,-8.98438e-002,1.01416e+000,6.09756e-002,-1.84146e+001,-1.35366e+001
-1.81277e-005,4.68299e-005,1.56250e-002,-1.37695e-001,9.24805e-001,-1.46341e+000,-2.19512e+001,-1.29878e+001
-1.32601e-005,9.85275e-005,6.05469e-002,-1.51367e-001,9.01855e-001,-3.65854e+000,-2.68293e+001,-1.10366e+001
-1.79599e-005,7.88891e-005,7.42188e-002,-1.50391e-001,8.97461e-001,-4.69512e+000,-2.87805e+001,-1.01829e+001
-1.96384e-005,9.88632e-005,4.68750e-002,-1.42578e-001,8.92090e-001,-5.42683e+000,-3.24390e+001,-8.96342e+000
-1.09102e-005,7.78820e-005,-5.95703e-002,-1.05957e-001,8.40820e-001,-4.93902e+000,-3.42073e+001,-8.71951e+000
-1.04067e-005,3.94446e-005,-1.22559e-001,-8.34961e-002,8.03711e-001,-2.13415e+000,-3.97561e+001,-8.10976e+000
-1.15816e-005,4.88441e-005,-2.40234e-001,-2.63672e-002,7.31934e-001,-3.04878e-001,-4.35366e+001,-7.43902e+000
-1.42672e-005,6.16007e-005,-2.94434e-001,0.00000e+000,6.91406e-001,3.04878e+000,-5.12805e+001,-7.25610e+000
-1.35958e-005,5.72366e-005,-3.74023e-001,4.34570e-002,5.74219e-001,3.96341e+000,-5.90244e+001,-5.91463e+000
-1.44350e-005,2.09812e-005,-3.96484e-001,5.85938e-002,5.04395e-001,3.23171e+000,-6.35366e+001,-5.06098e+000
-1.64492e-005,-3.81018e-005,-4.26270e-001,8.05664e-002,3.63770e-001,1.89024e+000,-7.16463e+001,-4.26829e+000
-1.52743e-005,1.07591e-004,-4.32617e-001,7.56836e-002,3.10547e-001,1.34146e+000,-7.57927e+001,-3.78049e+000
-1.62814e-005,2.50263e-004,-4.41895e-001,6.44531e-002,2.14844e-001,5.48781e-001,-8.14024e+001,-4.02439e+000
-1.49386e-005,1.21019e-004,-4.49219e-001,5.56641e-002,1.81641e-001,-3.65854e-001,-8.27439e+001,-4.51220e+000
-1.37636e-005,-2.18204e-006,-4.88770e-001,4.00391e-002,1.51367e-001,-2.56098e+000,-8.40244e+001,-4.93902e+000
-1.76242e-005,-5.11940e-005,-5.01465e-001,2.34375e-002,1.60156e-001,-4.32927e+000,-8.45122e+001,-4.26829e+000
-1.82956e-005,-5.11940e-005,-4.94141e-001,0.00000e+000,2.35840e-001,-7.56098e+000,-8.54878e+001,-3.23171e+000
-1.46029e-005,-7.26787e-005,-4.77539e-001,-1.02539e-002,2.91504e-001,-8.84146e+000,-8.45122e+001,-2.25610e+000
-1.56100e-005,-7.93927e-005,-4.26270e-001,-2.34375e-002,4.26758e-001,-1.25610e+001,-8.06098e+001,6.09756e-001
-1.34279e-005,8.19104e-005,-3.47168e-001,-3.22266e-002,5.45898e-001,-1.39634e+001,-7.79878e+001,2.07317e+000
-1.69528e-005,2.21729e-004,-2.93945e-001,-2.97852e-002,6.01563e-001,-1.79268e+001,-7.42073e+001,4.51220e+000
-1.98062e-005,2.12833e-004,-1.70898e-001,-1.26953e-002,6.87500e-001,-1.94512e+001,-7.21951e+001,5.24390e+000
-1.79599e-005,2.26764e-004,-1.17188e-001,4.88281e-003,7.25098e-001,-2.39024e+001,-6.80488e+001,5.24390e+000
-1.12459e-005,2.39857e-004,-2.97852e-002,4.63867e-002,7.66113e-001,-2.65244e+001,-6.65244e+001,4.75610e+000
-1.10781e-005,1.46029e-004,0.00000e+000,6.54297e-002,7.68555e-001,-3.07927e+001,-6.40854e+001,4.02439e+000
-9.06386e-006,4.73335e-005,4.39453e-002,9.52148e-002,7.62207e-001,-3.25000e+001,-6.24390e+001,4.08537e+000
-4.19623e-006,2.76951e-005,5.61523e-002,1.04004e-001,7.64160e-001,-3.31707e+001,-5.81098e+001,4.32927e+000
-8.22461e-006,1.71206e-005,8.05664e-002,1.22559e-001,8.49121e-001,-3.31707e+001,-5.56707e+001,4.69512e+000
-1.79599e-005,-7.60357e-005,9.17969e-002,1.26465e-001,9.21875e-001,-3.18293e+001,-4.70732e+001,5.36585e+000
-1.82956e-005,-2.19547e-004,9.86328e-002,1.39160e-001,1.13037e+000,-3.02439e+001,-3.15244e+001,6.52439e+000
-3.18914e-006,-6.63004e-005,1.00586e-001,1.45020e-001,1.24658e+000,-2.98780e+001,-2.26829e+001,9.08537e+000
4.54871e-005,1.63317e-004,1.36719e-001,1.60645e-001,1.42627e+000,-2.94512e+001,-4.20732e+000,1.66463e+001
1.41161e-004,1.24712e-004,1.77246e-001,1.66504e-001,1.50244e+000,-2.93902e+001,5.18293e+000,2.14634e+001
2.33143e-004,-1.17998e-004,2.65137e-001,1.76270e-001,1.55859e+000,-3.09146e+001,2.37805e+001,3.18293e+001
3.04982e-004,-2.82826e-004,3.21289e-001,1.79199e-001,1.54834e+000,-3.15854e+001,3.39634e+001,3.65244e+001
3.00618e-004,-2.40528e-004,4.79980e-001,1.35742e-001,1.53076e+000,-3.23780e+001,5.84146e+001,4.76220e+001
1.46532e-004,-2.15351e-004,5.82520e-001,1.09863e-001,1.51074e+000,-3.10976e+001,7.21951e+001,5.43902e+001
-6.12650e-005,-1.82788e-004,7.84180e-001,7.76367e-002,1.52197e+000,-3.06098e+001,9.96341e+001,6.79878e+001
-1.79431e-004,2.13169e-005,8.07617e-001,8.93555e-002,1.57813e+000,-2.92683e+001,1.09512e+002,7.13415e+001
-1.95544e-004,1.91348e-004,5.79102e-001,1.72363e-001,1.80469e+000,-1.96951e+001,9.60976e+001,6.37805e+001
-1.21691e-004,2.56977e-004,1.14746e-001,2.05566e-001,1.96338e+000,-9.45122e+000,6.88415e+001,4.98171e+001
-1.01717e-004,3.66079e-004,-2.39746e-001,2.04590e-001,1.84277e+000,2.06098e+001,9.14634e+000,1.70732e+001
-1.52239e-004,2.50767e-004,-8.34961e-001,1.16211e-001,1.44336e+000,3.15854e+001,-1.72561e+001,7.92683e+000
-2.08972e-004,1.90173e-004,-1.04346e+000,4.00391e-002,1.24658e+000,3.36585e+001,-6.13415e+001,5.85366e+000
-2.27604e-004,1.35286e-004,-1.25635e+000,-1.64551e-001,9.73633e-001,2.66463e+001,-8.15244e+001,1.04878e+001
-3.00954e-004,4.86763e-005,-1.26123e+000,-2.57813e-001,8.65723e-001,1.19512e+001,-1.12805e+002,2.60976e+001
-3.37881e-004,-1.76242e-005,-1.16064e+000,-3.95996e-001,6.37695e-001,6.64634e+000,-1.19390e+002,3.46951e+001
-2.59327e-004,-1.02892e-004,-1.06543e+000,-4.41406e-001,4.98047e-001,2.98780e+000,-1.14146e+002,4.93902e+001
-1.24041e-004,-1.64157e-004,-7.83691e-001,-4.61426e-001,2.62207e-001,2.43902e+000,-1.05000e+002,5.48171e+001
3.13878e-005,-2.66377e-004,-6.31836e-001,-4.39941e-001,2.08984e-001,6.70732e-001,-8.31098e+001,6.22561e+001
1.16487e-004,-3.55673e-004,-3.41309e-001,-3.35449e-001,2.66602e-001,-8.53659e-001,-5.88415e+001,6.54878e+001
1.69192e-004,-2.46235e-004,-2.10938e-001,-2.69531e-001,3.52051e-001,-7.92683e-001,-4.60976e+001,6.68293e+001
1.71710e-004,-8.37568e-005,4.44336e-002,-1.10840e-001,5.71289e-001,-2.43902e-001,-2.04878e+001,6.96951e+001
1.70031e-004,-1.10613e-004,1.69922e-001,-4.58984e-002,6.86523e-001,1.21951e-001,-8.41463e+000,7.14024e+001
1.85138e-004,-2.51606e-004,3.91113e-001,6.25000e-002,8.86719e-001,5.42683e+000,1.27439e+001,7.16463e+001
1.00206e-004,-2.18708e-004,4.75586e-001,1.07910e-001,9.47754e-001,9.63415e+000,2.07927e+001,7.00000e+001
-1.06584e-004,-7.20073e-005,5.43945e-001,1.83105e-001,9.90723e-001,1.96341e+001,3.11585e+001,5.90854e+001
-2.32975e-004,5.45510e-005,5.10254e-001,2.03613e-001,9.78027e-001,2.40854e+001,3.29878e+001,5.07927e+001
-2.09979e-004,1.36126e-004,3.62305e-001,2.04102e-001,8.88184e-001,3.14024e+001,3.17683e+001,3.25000e+001
-7.23430e-005,1.40658e-004,2.55371e-001,1.89453e-001,8.32520e-001,3.37195e+001,2.98171e+001,2.40244e+001
2.86519e-004,1.86648e-004,1.70898e-002,1.19629e-001,7.42188e-001,3.53659e+001,2.42073e+001,9.69512e+000
5.76730e-004,4.17273e-004,-2.01172e-001,3.56445e-002,7.12891e-001,3.51829e+001,2.15244e+001,4.39024e+000
5.86969e-004,3.34524e-004,-2.86133e-001,0.00000e+000,7.12891e-001,3.26829e+001,1.52439e+001,-4.02439e+000
4.83574e-004,2.19883e-005,-3.85254e-001,-6.05469e-002,7.34375e-001,3.02439e+001,1.29268e+001,-6.82927e+000
1.99573e-004,-9.81918e-005,-4.02832e-001,-7.66602e-002,7.58301e-001,2.40854e+001,9.63415e+000,-1.07927e+001
-2.57984e-004,-6.52934e-005,-3.80371e-001,-7.81250e-002,8.14453e-001,2.06098e+001,8.96342e+000,-1.17683e+001
-5.47356e-004,-8.27497e-005,-3.53516e-001,-6.44531e-002,8.52051e-001,1.31707e+001,7.25610e+000,-1.10366e+001
-7.33669e-004,-2.07630e-004,-2.65625e-001,-2.24609e-002,9.21387e-001,1.00000e+001,6.95122e+000,-1.06707e+001
-8.07355e-004,-3.89578e-004,-2.10938e-001,5.85938e-003,9.53125e-001,5.24390e+000,7.56098e+000,-9.26829e+000
-6.29267e-004,-2.14679e-004,-1.03516e-001,6.39648e-002,1.00391e+000,3.78049e+000,8.47561e+000,-8.65854e+000
-2.97597e-004,2.00580e-004,-6.34766e-002,8.83789e-002,1.01758e+000,2.62195e+000,1.17073e+001,-8.53659e+000
-5.90829e-005,1.92187e-004,-9.76563e-004,1.25488e-001,1.04102e+000,2.62195e+000,1.48780e+001,-9.45122e+000
7.35180e-005,1.42168e-004,1.95313e-002,1.29395e-001,1.04248e+000,2.92683e+000,1.71951e+001,-9.75610e+000
1.72717e-004,2.37171e-004,3.36914e-002,1.25488e-001,1.04004e+000,2.98780e+000,2.32317e+001,-1.09756e+001
2.04608e-004,2.64363e-004,3.61328e-002,1.15723e-001,1.04297e+000,3.10976e+000,2.68902e+001,-1.16463e+001
2.15351e-004,1.61639e-004,3.22266e-002,8.74023e-002,1.05127e+000,3.35366e+000,3.39024e+001,-1.24390e+001
2.14679e-004,1.72885e-005,2.39258e-002,7.91016e-002,1.04785e+000,2.98780e+000,3.75000e+001,-1.26220e+001
1.31090e-004,-1.09941e-004,-4.88281e-003,5.51758e-002,1.04248e+000,1.28049e+000,4.32317e+001,-1.27439e+001
2.46738e-005,-1.77417e-004,-2.34375e-002,5.02930e-002,1.04883e+000,-6.09756e-002,4.57317e+001,-1.18902e+001
-8.10712e-005,-2.02930e-004,-6.29883e-002,4.88281e-002,1.07129e+000,-3.04878e+000,4.80488e+001,-1.03049e+001
4.11231e-005,-6.99931e-005,-7.91016e-002,5.17578e-002,1.07910e+000,-5.06098e+000,4.75000e+001,-1.01829e+001
1.85138e-004,-7.21752e-006,-1.11328e-001,4.63867e-002,1.08838e+000,-7.43902e+000,4.60366e+001,-1.04268e+001
1.11284e-004,-6.07614e-005,-1.25977e-001,2.97852e-002,1.10156e+000,-7.74390e+000,4.45122e+001,-1.10976e+001
-3.72625e-005,-1.25719e-004,-1.39160e-001,2.34375e-002,1.11328e+000,-7.68293e+000,4.24390e+001,-1.26829e+001
-2.21729e-004,-6.39506e-005,-1.55762e-001,2.05078e-002,1.14355e+000,-6.95122e+000,4.07927e+001,-1.32317e+001
-3.81521e-004,-5.03548e-007,-1.68945e-001,3.12500e-002,1.14160e+000,-5.85366e+000,3.67073e+001,-1.30488e+001
-4.21302e-004,-9.58419e-005,-1.93848e-001,4.29688e-002,1.13623e+000,-6.09756e+000,3.40244e+001,-1.25000e+001
-3.49294e-004,-2.92897e-004,-2.11426e-001,4.58984e-002,1.14258e+000,-6.58537e+000,2.84756e+001,-1.11585e+001
-2.39857e-004,-3.47448e-005,-2.35352e-001,2.63672e-002,1.15771e+000,-6.58537e+000,2.37195e+001,-1.12805e+001
-3.47448e-005,1.28405e-004,-2.40234e-001,2.49023e-002,1.14258e+000,-6.95122e+000,1.48780e+001,-1.13415e+001
1.95209e-004,-1.06249e-004,-2.47559e-001,1.95313e-003,1.13525e+000,-8.35366e+000,1.10976e+001,-1.09146e+001
3.25124e-004,-1.09270e-004,-2.57813e-001,-2.97852e-002,1.13770e+000,-1.12195e+001,4.45122e+000,-1.04878e+001
2.81147e-004,7.60357e-005,-2.54883e-001,-5.66406e-002,1.07813e+000,-1.23780e+001,-1.95122e+000,-9.45122e+000
1.75067e-004,-9.34920e-005,-2.62695e-001,-5.95703e-002,1.04785e+000,-1.36585e+001,-5.30488e+000,-1.09146e+001
1.30083e-004,-2.29786e-004,-2.79785e-001,-5.85938e-002,1.00000e+000,-1.52439e+001,-9.20732e+000,-1.49390e+001
3.57519e-005,-1.42672e-005,-2.77832e-001,-6.20117e-002,9.81445e-001,-1.51220e+001,-1.00000e+001,-1.65854e+001
-1.00206e-004,6.02579e-005,-2.70996e-001,-5.71289e-002,9.73145e-001,-1.41463e+001,-9.57317e+000,-1.92683e+001
-1.73053e-004,1.35454e-004,-2.62695e-001,-5.32227e-002,9.87305e-001,-1.34756e+001,-9.20732e+000,-2.01220e+001
-1.56603e-004,3.17235e-004,-2.31445e-001,-3.07617e-002,1.02930e+000,-1.25610e+001,-8.17073e+000,-2.09756e+001
-2.97093e-005,2.99611e-004,-2.18750e-001,-1.85547e-002,1.05273e+000,-1.26220e+001,-7.43902e+000,-2.14634e+001
1.27733e-004,2.30121e-004,-1.99707e-001,6.34766e-003,1.07764e+000,-1.23171e+001,-4.81707e+000,-2.33537e+001
1.33776e-004,1.22698e-004,-1.92383e-001,1.66016e-002,1.08984e+000,-1.23780e+001,-3.59756e+000,-2.48780e+001
1.90845e-004,-6.36149e-005,-1.68457e-001,2.39258e-002,1.07959e+000,-1.14634e+001,-2.25610e+000,-2.90854e+001
3.10521e-004,-1.10948e-004,-1.14258e-001,2.73438e-002,1.02588e+000,-1.01220e+001,-4.87805e-001,-3.15244e+001
2.41535e-004,-2.43381e-005,-9.03320e-002,2.68555e-002,1.00586e+000,-7.25610e+000,5.73171e+000,-3.57927e+001
5.32082e-005,1.02220e-004,-6.88477e-002,2.39258e-002,1.02051e+000,-5.91463e+000,9.57317e+000,-3.79268e+001
-1.35454e-004,1.10781e-004,-6.64063e-002,2.24609e-002,1.03955e+000,-2.43902e+000,1.70122e+001,-4.21341e+001
-2.32975e-004,5.16976e-005,-8.83789e-002,9.27734e-003,1.10742e+000,-6.09756e-001,1.96341e+001,-4.39634e+001
-2.41871e-004,-2.13169e-005,-9.96094e-002,3.90625e-003,1.14258e+000,3.71951e+000,2.35366e+001,-4.62195e+001
-5.99222e-005,-1.11284e-004,-1.39160e-001,-3.41797e-003,1.16113e+000,5.91463e+000,2.78049e+001,-4.64024e+001
2.87022e-004,-1.70703e-004,-1.47461e-001,-1.12305e-002,1.15967e+000,1.10366e+001,3.73780e+001,-4.40244e+001
5.42657e-004,-1.38643e-004,-1.21582e-001,-3.61328e-002,1.15576e+000,1.41463e+001,4.08537e+001,-4.27439e+001
5.41650e-004,-2.12497e-004,-1.01563e-001,-4.15039e-002,1.16064e+000,2.10366e+001,4.67683e+001,-4.03049e+001
4.08713e-004,-3.16060e-004,-6.73828e-002,-6.88477e-002,1.14258e+000,2.76829e+001,4.84756e+001,-3.71951e+001
1.45693e-004,-3.23110e-004,-4.49219e-002,-8.74023e-002,1.09033e+000,3.08537e+001,4.90244e+001,-3.48171e+001
-3.13375e-004,-3.26467e-004,-2.97852e-002,-1.43066e-001,9.34082e-001,3.53049e+001,5.26829e+001,-2.73780e+001
-6.00397e-004,-1.66003e-004,-2.49023e-002,-1.89453e-001,8.18359e-001,3.62805e+001,5.41463e+001,-2.25610e+001
-5.54742e-004,2.27771e-004,1.22070e-002,-3.10059e-001,5.24902e-001,3.78659e+001,5.71951e+001,-1.10366e+001
-3.96796e-004,6.36316e-004,3.22266e-002,-3.59375e-001,3.67188e-001,3.81098e+001,5.80488e+001,-5.91463e+000
-1.99237e-004,6.28092e-004,6.20117e-002,-3.91113e-001,2.07520e-001,3.78659e+001,5.45122e+001,-4.69512e+000
-5.06905e-005,2.41199e-004,8.69141e-002,-3.37402e-001,2.22656e-001,3.71951e+001,5.10976e+001,-1.01220e+001
-9.41634e-005,8.10712e-005,8.30078e-002,-1.42090e-001,4.23828e-001,3.53659e+001,5.20122e+001,-2.86585e+001
-1.40826e-004,3.87732e-005,4.49219e-002,-1.95313e-002,5.42969e-001,3.44512e+001,5.53659e+001,-3.70122e+001
-1.13298e-004,-5.25368e-005,-5.22461e-002,2.01172e-001,7.34375e-001,3.49390e+001,5.89024e+001,-4.39634e+001
-8.45960e-005,-6.83146e-005,-1.36719e-001,3.66211e-001,8.36914e-001,3.51220e+001,5.87195e+001,-4.23171e+001
-8.61067e-005,6.52934e-005,-1.74316e-001,4.30176e-001,8.52051e-001,3.62805e+001,5.42073e+001,-3.26829e+001
-5.05226e-005,1.14977e-004,-2.59766e-001,5.10254e-001,8.65234e-001,3.59756e+001,4.93902e+001,-2.73780e+001
-3.35698e-007,1.31929e-004,-3.09082e-001,5.16602e-001,8.73535e-001,3.34756e+001,3.60366e+001,-2.03049e+001
5.38796e-005,2.09644e-004,-4.13086e-001,4.48242e-001,8.99902e-001,3.03659e+001,2.79878e+001,-1.87805e+001
1.04906e-004,2.97597e-004,-4.53125e-001,3.80859e-001,9.23828e-001,2.24390e+001,1.07927e+001,-1.66463e+001
1.33272e-004,1.95712e-004,-4.55566e-001,2.17285e-001,9.71191e-001,1.80488e+001,2.56098e+000,-1.53659e+001
1.85809e-004,-9.28206e-005,-4.17480e-001,1.32324e-001,9.91211e-001,1.06098e+001,-1.17073e+001,-1.29268e+001
2.84840e-004,-2.88533e-004,-3.00781e-001,-3.36914e-002,9.98535e-001,4.87805e+000,-2.18902e+001,-1.14634e+001
2.26596e-004,-2.68391e-004,-2.26074e-001,-9.76563e-002,9.85352e-001,3.10976e+000,-2.51220e+001,-1.05488e+001
1.06416e-004,-1.49386e-004,-8.69141e-002,-1.89941e-001,9.45313e-001,4.26829e-001,-2.72561e+001,-7.80488e+000
1.10781e-005,-7.48608e-005,-3.12500e-002,-2.13867e-001,9.30176e-001,-2.43902e-001,-2.73780e+001,-6.21951e+000
-7.33501e-005,-6.83146e-005,5.95703e-002,-2.20215e-001,9.11133e-001,-4.26829e-001,-2.52439e+001,-2.92683e+000
-1.67346e-004,-1.30419e-004,7.56836e-002,-1.99707e-001,9.05273e-001,-3.65854e-001,-2.42073e+001,-1.89024e+000
-1.80438e-004,-6.89860e-005,6.05469e-002,-1.26465e-001,9.17969e-001,7.31707e-001,-2.00610e+001,-1.58537e+000
-8.76173e-005,-5.94186e-005,2.97852e-002,-8.05664e-002,9.34082e-001,1.15854e+000,-1.79268e+001,-1.95122e+000
-2.14847e-005,-9.65133e-005,-4.58984e-002,2.44141e-002,9.95117e-001,2.31707e+000,-1.50610e+001,-3.29268e+000
-3.69268e-006,-1.35790e-004,-8.15430e-002,7.47070e-002,1.02051e+000,2.37805e+000,-1.34756e+001,-4.14634e+000
-6.37827e-006,-1.42840e-004,-1.53809e-001,1.66504e-001,1.07275e+000,1.58537e+000,-1.04268e+001,-4.32927e+000
8.22461e-006,-7.16716e-005,-1.66504e-001,1.90918e-001,1.09082e+000,9.14634e-001,-9.20732e+000,-4.20732e+000
7.23430e-005,-3.77661e-005,-1.60156e-001,2.14844e-001,1.09229e+000,6.09756e-002,-6.64634e+000,-2.01220e+000
9.51705e-005,-8.79530e-005,-1.15723e-001,1.84082e-001,1.03125e+000,-1.82927e-001,-5.79268e+000,-1.21951e+000
7.50286e-005,-7.04967e-005,-9.42383e-002,1.54297e-001,9.31152e-001,1.21951e+000,-3.41463e+000,1.09756e+000
5.57259e-005,-4.34730e-005,-6.29883e-002,7.51953e-002,6.26465e-001,2.80488e+000,-2.43902e+000,1.28049e+000
2.56809e-005,-3.22774e-004,-5.07813e-002,3.02734e-002,4.72168e-001,7.86585e+000,-3.41463e+000,6.09756e-001
-3.20592e-005,-3.32006e-004,-6.10352e-002,-5.90820e-002,2.32910e-001,1.06098e+001,-5.00000e+000,-7.92683e-001
-7.06645e-005,-1.39315e-005,-8.64258e-002,-9.96094e-002,1.55273e-001,1.66463e+001,-6.89024e+000,-4.75610e+000
-2.50095e-005,1.15816e-004,-1.66504e-001,-1.62109e-001,5.76172e-002,1.93902e+001,-6.89024e+000,-6.82927e+000
4.98512e-005,5.62295e-005,-2.16309e-001,-1.91895e-001,4.19922e-002,2.37195e+001,-8.59756e+000,-9.08537e+000
6.69719e-005,2.67216e-004,-3.33496e-001,-2.28516e-001,4.10156e-002,2.64634e+001,-1.54268e+001,-8.96342e+000
6.73075e-005,2.81147e-004,-3.92578e-001,-2.30957e-001,5.46875e-002,2.70732e+001,-2.00000e+001,-7.68293e+000
9.68490e-005,1.40826e-004,-4.86816e-001,-2.26563e-001,6.68945e-002,2.67073e+001,-3.07317e+001,-4.02439e+000
1.89670e-005,-1.62814e-005,-5.14160e-001,-2.09473e-001,6.73828e-002,2.56098e+001,-3.60976e+001,-1.76829e+000
-1.39147e-004,-1.77249e-004,-5.47852e-001,-1.64551e-001,1.01563e-001,2.17683e+001,-4.69512e+001,1.52439e+000
-1.35790e-004,-1.14641e-004,-5.60059e-001,-1.34277e-001,1.29883e-001,1.95122e+001,-5.23171e+001,2.13415e+000
6.79789e-005,2.22065e-004,-5.60547e-001,-7.17773e-002,1.89941e-001,1.35976e+001,-6.39024e+001,1.03659e+000
1.78424e-004,3.06325e-004,-5.54199e-001,-3.95508e-002,2.20703e-001,1.04878e+001,-6.95122e+001,-6.70732e-001
1.42168e-004,2.04776e-005,-5.40527e-001,1.85547e-002,3.20801e-001,4.75610e+000,-7.95122e+001,-5.67073e+000
4.81727e-005,-1.72045e-004,-5.21484e-001,3.41797e-002,3.75488e-001,2.01220e+000,-8.43902e+001,-8.84146e+000
-1.61303e-004,-1.44183e-004,-4.47754e-001,4.93164e-002,4.70215e-001,-2.62195e+000,-9.34146e+001,-1.46341e+001
-3.82193e-004,-9.41634e-005,-4.08203e-001,5.71289e-002,5.11719e-001,-4.75610e+000,-9.63415e+001,-1.70732e+001
-3.85550e-004,-1.02724e-004,-3.28613e-001,6.54297e-002,6.00586e-001,-9.69512e+000,-9.97561e+001,-1.90854e+001
-2.80140e-004,-9.21492e-005,-2.51465e-001,8.30078e-002,7.03125e-001,-1.28049e+001,-9.93902e+001,-1.90854e+001
-2.35325e-004,-2.80308e-005,-2.07031e-001,8.69141e-002,7.56836e-001,-1.92073e+001,-9.56707e+001,-1.60976e+001
-7.20073e-005,8.12390e-005,-1.05469e-001,8.88672e-002,8.57910e-001,-2.20732e+001,-9.23171e+001,-1.32317e+001
1.06584e-004,1.55596e-004,-5.12695e-002,1.02051e-001,9.06738e-001,-2.40244e+001,-8.45122e+001,-6.76829e+000
1.91348e-004,1.33440e-004,3.95508e-002,1.34277e-001,1.04590e+000,-2.52439e+001,-8.02439e+001,-3.78049e+000
1.15648e-004,1.99741e-005,7.47070e-002,1.53809e-001,1.11963e+000,-2.57317e+001,-7.26220e+001,1.28049e+000
-5.53903e-006,-1.02892e-004,1.21094e-001,1.93359e-001,1.27344e+000,-2.55488e+001,-6.89634e+001,2.62195e+000
-8.81209e-005,-9.91989e-005,1.23047e-001,2.28516e-001,1.33936e+000,-2.54268e+001,-6.07927e+001,3.23171e+000
-1.23369e-004,-9.66812e-005,1.07422e-001,3.03223e-001,1.51123e+000,-2.86585e+001,-5.14024e+001,1.64634e+000
-1.35790e-004,-4.78370e-005,8.88672e-002,3.39355e-001,1.64502e+000,-3.16463e+001,-4.59146e+001,1.09756e+000
-8.02319e-005,3.92767e-005,6.54297e-002,4.14551e-001,1.87451e+000,-3.62195e+001,-3.38415e+001,2.13415e+000
-3.18914e-006,1.49889e-004,7.91016e-002,4.43359e-001,1.92725e+000,-3.84146e+001,-2.76829e+001,4.63415e+000
4.06195e-005,8.81209e-005,1.53809e-001,4.74609e-001,1.94873e+000,-4.18902e+001,-1.39024e+001,1.34146e+001
4.71656e-005,-8.56031e-006,1.98730e-001,4.56543e-001,1.91504e+000,-4.27439e+001,-5.73171e+000,1.93902e+001
1.93027e-005,-5.80758e-005,3.22266e-001,3.45215e-001,1.81250e+000,-4.01829e+001,1.79268e+001,3.58537e+001
-2.76951e-005,-9.48348e-005,4.28711e-001,2.50488e-001,1.78516e+000,-3.81098e+001,3.37195e+001,4.59756e+001
-3.77661e-005,-6.59647e-005,6.59180e-001,4.54102e-002,1.70996e+000,-2.79878e+001,7.43902e+001,6.87195e+001
-3.50805e-005,5.03548e-007,7.19238e-001,-2.83203e-002,1.76660e+000,-2.23171e+001,9.09756e+001,7.66463e+001
-1.52743e-005,5.69009e-005,6.28906e-001,-9.32617e-002,1.96094e+000,6.09756e-002,8.93293e+001,7.70732e+001
5.87472e-006,6.24399e-005,4.29199e-001,-7.08008e-002,1.91211e+000,1.87805e+001,7.04268e+001,6.46341e+001
1.51064e-005,-8.72816e-006,-1.80664e-001,-3.02734e-002,1.54590e+000,4.82927e+001,2.17073e+001,3.85976e+001
2.60166e-005,-2.06455e-005,-6.48438e-001,-1.55762e-001,1.07471e+000,5.22561e+001,-1.09756e+000,3.37195e+001
2.71916e-005,4.36408e-006,-7.76367e-001,-2.44141e-001,8.70605e-001,4.12805e+001,-4.37195e+001,3.99390e+001
4.01160e-005,-1.82956e-005,-1.02148e+000,-3.43262e-001,6.60645e-001,2.99390e+001,-6.26220e+001,4.59756e+001
4.11231e-005,-3.10521e-005,-1.11621e+000,-3.53027e-001,6.42090e-001,8.47561e+000,-9.79268e+001,5.90854e+001
3.07164e-005,-1.62814e-005,-1.09570e+000,-3.38867e-001,5.56641e-001,2.31707e+000,-1.10183e+002,6.60366e+001
3.03807e-005,-3.20592e-005,-9.88281e-001,-3.20801e-001,4.81445e-001,-1.70732e+000,-1.12500e+002,7.86585e+001
2.48417e-005,-5.16976e-005,-6.52344e-001,-2.74414e-001,3.16895e-001,-1.09756e+000,-1.03232e+002,8.29878e+001
2.16526e-005,-5.22011e-005,-4.50684e-001,-2.47559e-001,2.61230e-001,1.34146e+000,-7.18902e+001,8.76829e+001
2.26596e-005,-4.38087e-005,-4.39453e-002,-1.88965e-001,2.93945e-001,3.41463e+000,-3.77439e+001,8.65244e+001
1.99741e-005,-3.77661e-005,1.57227e-001,-1.45996e-001,3.93066e-001,4.63415e+000,-2.18902e+001,8.47561e+001
1.05745e-005,-2.70237e-005,4.82910e-001,-1.22070e-002,6.46484e-001,7.56098e+000,7.25610e+000,7.81707e+001
3.86053e-006,-4.36408e-006,5.77148e-001,5.56641e-002,7.75879e-001,8.53659e+000,1.86585e+001,7.31707e+001
1.15816e-005,-1.12459e-005,6.08887e-001,1.47949e-001,9.94629e-001,1.20732e+001,3.00610e+001,6.29878e+001
1.46029e-005,-2.66880e-005,5.68848e-001,1.73828e-001,1.04883e+000,1.40244e+001,2.98171e+001,5.68902e+001
1.25887e-005,-2.46738e-005,3.55469e-001,1.85059e-001,1.04639e+000,1.96951e+001,2.07927e+001,3.98171e+001
1.12459e-005,-3.69268e-006,1.89941e-001,1.72363e-001,1.00586e+000,2.21341e+001,1.34756e+001,2.96951e+001
5.87472e-006,-9.23171e-006,-1.81641e-001,1.24023e-001,8.93066e-001,2.48780e+001,-3.23171e+000,1.20122e+001
1.84634e-006,-1.40993e-005,-3.48633e-001,8.98438e-002,8.36426e-001,2.55488e+001,-1.14634e+001,5.12195e+000
-6.88182e-006,-2.34989e-006,-5.86914e-001,2.09961e-002,7.51953e-001,2.34146e+001,-2.81707e+001,-3.59756e+000
-1.96384e-005,-3.69268e-006,-6.49902e-001,-1.41602e-002,7.23633e-001,2.12805e+001,-3.45732e+001,-5.97561e+000
-4.34730e-005,5.00191e-005,-6.59180e-001,-7.17773e-002,7.26074e-001,1.40244e+001,-4.40244e+001,-6.82927e+000
-6.89860e-005,5.95865e-005,-5.32227e-001,-1.03516e-001,7.93457e-001,9.87805e+000,-4.59146e+001,-5.36585e+000
-9.01350e-005,4.36408e-005,-4.36035e-001,-1.01563e-001,8.41797e-001,1.82927e+000,-4.53659e+001,8.53659e-001
-1.05577e-004,5.15297e-005,-2.08008e-001,-7.76367e-002,9.64355e-001,-1.46341e+000,-4.39634e+001,4.81707e+000
-1.12459e-004,4.29694e-005,-8.69141e-002,-5.17578e-002,1.01660e+000,-4.93902e+000,-3.64024e+001,1.12805e+001
-9.14778e-005,1.25887e-005,1.20605e-001,1.31836e-002,1.09619e+000,-4.81707e+000,-3.10366e+001,1.34756e+001
-6.52934e-005,5.03548e-007,1.96777e-001,4.29688e-002,1.11230e+000,-3.23171e+000,-1.79268e+001,1.57927e+001
-4.19623e-005,-1.51064e-006,2.85645e-001,8.39844e-002,1.10938e+000,-2.07317e+000,-1.10976e+001,1.56098e+001
-2.66880e-005,-1.29244e-005,3.04688e-001,9.17969e-002,1.09521e+000,1.15854e+000,3.35366e+000,1.45732e+001
-8.89601e-006,-4.04517e-005,2.90039e-001,9.08203e-002,1.07324e+000,4.26829e+000,1.77439e+001,1.24390e+001
9.23171e-006,-4.98512e-005,2.61230e-001,8.44727e-002,1.06104e+000,5.97561e+000,2.48780e+001,1.17073e+001
-4.69978e-006,-2.50095e-005,1.93359e-001,6.88477e-002,1.03857e+000,7.68293e+000,3.89024e+001,1.07927e+001
-1.25887e-005,-1.62814e-005,1.66016e-001,5.90820e-002,1.03760e+000,7.74390e+000,4.50610e+001,1.09756e+001
-3.02129e-006,-5.70687e-006,1.08887e-001,4.49219e-002,1.04639e+000,7.25610e+000,5.71951e+001,1.15244e+001
1.00710e-006,2.68559e-005,8.25195e-002,3.85742e-002,1.04395e+000,6.46341e+000,6.23781e+001,1.20122e+001
5.03548e-007,5.08583e-005,3.17383e-002,3.80859e-002,1.02100e+000,3.59756e+000,7.00610e+001,1.28659e+001
7.21752e-006,6.52934e-005,1.46484e-003,4.15039e-002,1.01855e+000,1.21951e+000,7.29878e+001,1.32317e+001
1.39315e-005,3.17235e-005,-5.90820e-002,5.76172e-002,1.03320e+000,-2.43902e+000,7.67073e+001,1.37195e+001
1.29244e-005,-8.39246e-007,-9.17969e-002,6.10352e-002,1.03125e+000,-4.51220e+000,7.71951e+001,1.37805e+001
3.69268e-006,-2.85344e-006,-1.55273e-001,6.05469e-002,1.02490e+000,-6.52439e+000,7.57927e+001,1.18293e+001
-1.93027e-005,1.44350e-005,-1.90918e-001,6.20117e-002,1.03564e+000,-7.62195e+000,7.34756e+001,1.06707e+001
-4.24659e-005,1.69528e-005,-2.40723e-001,4.88281e-002,1.05273e+000,-8.17073e+000,6.66463e+001,8.41463e+000
-6.61326e-005,9.06386e-006,-2.80273e-001,3.61328e-002,1.00342e+000,-7.56098e+000,6.40854e+001,7.25610e+000
-9.83597e-005,5.62295e-005,-2.85645e-001,3.17383e-002,9.77051e-001,-8.23171e+000,5.90244e+001,4.63415e+000
-1.09270e-004,2.02258e-004,-2.96875e-001,2.44141e-002,9.56543e-001,-8.71951e+000,5.51829e+001,2.62195e+000
-8.92958e-005,2.29282e-004,-2.98828e-001,2.44141e-002,9.58984e-001,-9.26829e+000,4.81707e+001,-6.09756e-001
-6.22721e-005,8.07355e-005,-2.92969e-001,2.88086e-002,9.51660e-001,-9.14634e+000,4.47561e+001,-2.43902e+000
-3.91089e-005,-3.42412e-005,-2.91016e-001,3.32031e-002,9.60449e-001,-8.96342e+000,3.67683e+001,-5.00000e+000
-2.16526e-005,-1.44183e-004,-3.00293e-001,3.80859e-002,9.97070e-001,-7.98780e+000,3.25610e+001,-6.28049e+000
-2.36667e-005,-1.74395e-004,-2.99316e-001,4.24805e-002,1.00977e+000,-5.18293e+000,2.37195e+001,-1.02439e+001
-2.40024e-005,-8.94636e-005,-2.91504e-001,4.39453e-002,9.92676e-001,-2.07317e+000,1.53049e+001,-1.58537e+001
-8.05676e-006,5.15297e-005,-2.87598e-001,3.90625e-002,9.90234e-001,-6.09756e-002,1.09146e+001,-1.85366e+001
2.50095e-005,6.14328e-005,-3.06641e-001,4.49219e-002,9.83398e-001,1.58537e+000,2.37805e+000,-2.38415e+001
6.42863e-005,-5.01869e-005,-3.21289e-001,5.12695e-002,9.88281e-001,1.21951e+000,-1.58537e+000,-2.58537e+001
1.09270e-004,-9.70169e-005,-3.48633e-001,5.37109e-002,1.00439e+000,-4.87805e-001,-1.04268e+001,-2.79878e+001
1.04402e-004,-9.71847e-005,-3.63281e-001,5.71289e-002,1.01074e+000,-1.52439e+000,-1.53049e+001,-2.91463e+001
7.06645e-005,-7.26787e-005,-4.06738e-001,4.10156e-002,1.01318e+000,-4.02439e+000,-2.31098e+001,-3.06098e+001
3.87732e-005,3.84375e-005,-3.96484e-001,3.02734e-002,9.92676e-001,-5.18293e+000,-2.63415e+001,-3.02439e+001
2.06455e-005,9.68490e-005,-3.59863e-001,1.02539e-002,9.70703e-001,-7.07317e+000,-3.22561e+001,-3.16463e+001
2.16526e-005,7.36858e-005,-3.47656e-001,-3.41797e-003,9.52148e-001,-6.76829e+000,-3.36585e+001,-3.41463e+001
-7.55322e-006,7.23430e-005,-3.34473e-001,-1.02539e-002,9.00879e-001,-5.00000e+000,-3.49390e+001,-3.91463e+001
-5.58938e-005,9.41634e-005,-3.21777e-001,-1.17188e-002,8.76953e-001,-4.51220e+000,-3.48171e+001,-4.22561e+001
-8.37568e-005,8.87923e-005,-2.85645e-001,-1.80664e-002,8.84766e-001,-3.04878e+000,-3.09146e+001,-4.48780e+001
-9.16457e-005,3.34020e-005,-2.29492e-001,-1.36719e-002,9.47754e-001,-2.74390e+000,-2.81707e+001,-4.51829e+001
-9.56741e-005,-1.35958e-005,-2.12402e-001,-1.02539e-002,9.74609e-001,-2.56098e+000,-2.07927e+001,-4.59756e+001
-5.82437e-005,1.52743e-005,-1.84570e-001,-3.90625e-003,1.03857e+000,-2.74390e+000,-1.79878e+001,-4.60366e+001
-3.97803e-005,6.96574e-005,-1.66992e-001,1.95313e-003,1.07129e+000,-2.43902e+000,-1.49390e+001,-4.56098e+001
-4.14588e-005,1.08598e-004,-1.08398e-001,3.41797e-003,1.09473e+000,-2.43902e+000,-1.42683e+001,-4.49390e+001
-3.27306e-005,-2.19883e-005,-7.17773e-002,5.37109e-003,1.08203e+000,-1.82927e-001,-8.41463e+000,-4.33537e+001
-1.96384e-005,-2.56977e-004,5.85938e-003,2.68555e-002,1.08057e+000,4.87805e-001,-4.39024e+000,-4.23780e+001
1.64492e-005,-2.80644e-004,3.71094e-002,3.32031e-002,1.09033e+000,1.34146e+000,6.89024e+000,-4.09756e+001
3.37377e-005,-8.94636e-005,6.39648e-002,4.44336e-002,1.14160e+000,3.17073e+000,1.90244e+001,-4.06098e+001
3.86053e-006,-1.69528e-005,6.83594e-002,4.39453e-002,1.16895e+000,4.57317e+000,2.31707e+001,-4.04878e+001
-9.56741e-006,-1.27230e-004,5.61523e-002,5.61523e-002,1.20605e+000,9.08537e+000,2.89634e+001,-3.97561e+001
-9.06386e-006,1.91852e-004,5.27344e-002,6.68945e-002,1.20117e+000,1.17683e+001,3.14024e+001,-3.89634e+001
-1.09102e-005,2.97429e-004,4.68750e-002,7.71484e-002,1.16406e+000,1.68293e+001,3.73171e+001,-3.65244e+001
-4.86763e-006,-2.35157e-004,2.92969e-002,7.95898e-002,1.15430e+000,1.81707e+001,4.10976e+001,-3.45122e+001
-8.39246e-007,-4.47990e-004,-1.46484e-003,6.83594e-002,1.15479e+000,2.12195e+001,4.76829e+001,-2.98780e+001
-7.88891e-006,-1.86648e-004,-1.51367e-002,5.22461e-002,1.16553e+000,2.27439e+001,4.92683e+001,-2.67073e+001
-1.76242e-005,-3.34020e-005,-6.10352e-002,-2.29492e-002,1.11475e+000,2.59146e+001,5.15854e+001,-1.89634e+001
-1.56100e-005,-9.33242e-005,-9.47266e-002,-7.42188e-002,1.03906e+000,2.76829e+001,5.17683e+001,-1.37805e+001
-1.98062e-005,-4.41444e-005,-1.46484e-001,-2.16797e-001,8.01758e-001,2.93902e+001,5.09146e+001,-4.87805e-001
9.23171e-006,-5.20333e-006,-1.71875e-001,-3.04688e-001,6.50391e-001,3.00610e+001,5.04878e+001,6.21951e+000
5.89151e-005,-4.58228e-005,-1.87988e-001,-4.63379e-001,2.78320e-001,3.10976e+001,4.79878e+001,1.71341e+001
4.48157e-005,-1.00038e-004,-9.47266e-002,-4.66797e-001,1.09375e-001,3.09146e+001,4.46951e+001,1.78659e+001
3.86053e-006,-1.14977e-004,-3.07617e-002,-3.73535e-001,1.49902e-001,3.17683e+001,4.09146e+001,4.45122e+000
-3.35698e-007,-1.01381e-004,7.81250e-002,-6.34766e-002,4.13574e-001,3.20122e+001,4.22561e+001,-8.35366e+000
-1.67849e-006,-8.40925e-005,9.71680e-002,1.11328e-001,5.83984e-001,2.86585e+001,5.29268e+001,-3.22561e+001
3.69268e-006,-8.61067e-005,8.59375e-002,3.98438e-001,8.57910e-001,2.65244e+001,5.90854e+001,-3.89024e+001
-4.36408e-006,-5.20333e-005,6.88477e-002,4.93652e-001,9.31641e-001,2.38415e+001,6.38415e+001,-3.78049e+001
-4.63264e-005,1.66171e-005,4.83398e-002,6.12305e-001,9.58008e-001,2.39024e+001,6.14024e+001,-3.20732e+001
-7.20073e-005,5.30404e-005,2.83203e-002,6.35254e-001,9.44336e-001,2.56098e+001,4.96341e+001,-1.86585e+001
-1.01381e-004,3.45769e-005,-9.37500e-002,5.92285e-001,9.10156e-001,2.42683e+001,3.16463e+001,-1.28659e+001
-4.41444e-005,-1.94705e-005,-1.87500e-001,5.22949e-001,9.10156e-001,2.13415e+001,2.17073e+001,-1.21341e+001
7.80499e-005,-5.35439e-005,-3.50586e-001,3.18359e-001,9.50684e-001,1.21341e+001,2.62195e+000,-1.14024e+001
1.10613e-004,-7.10002e-005,-3.87207e-001,2.00684e-001,9.76563e-001,8.10976e+000,-5.60976e+000,-1.14024e+001
6.36149e-005,-9.56741e-006,-3.99902e-001,-2.00195e-002,9.93164e-001,9.75610e-001,-1.87805e+001,-1.17073e+001
9.90310e-006,7.60357e-005,-3.70117e-001,-1.07910e-001,9.87305e-001,-1.34146e+000,-2.41463e+001,-1.21341e+001
-2.04776e-005,1.16655e-004,-2.79785e-001,-2.33887e-001,9.78516e-001,-5.12195e+000,-3.28659e+001,-1.26829e+001
-1.49386e-005,1.43847e-004,-2.26563e-001,-2.70020e-001,9.92676e-001,-6.89024e+000,-3.60366e+001,-1.25610e+001
-5.27047e-005,2.10315e-004,-1.24023e-001,-2.87109e-001,1.02686e+000,-7.98780e+000,-3.90854e+001,-1.19512e+001
-1.18502e-004,2.00916e-004,-8.64258e-002,-2.74414e-001,1.03174e+000,-7.31707e+000,-3.90244e+001,-1.17683e+001
-1.41497e-004,1.02892e-004,-5.61523e-002,-2.16309e-001,1.02051e+000,-6.09756e+000,-3.77439e+001,-1.17683e+001
-1.01717e-004,1.99741e-005,-6.54297e-002,-1.70410e-001,1.01416e+000,-4.69512e+000,-3.73171e+001,-1.25000e+001
-2.97093e-005,1.93027e-005,-1.19141e-001,-6.93359e-002,1.01172e+000,-1.95122e+000,-3.80488e+001,-1.42683e+001
-5.53903e-006,1.69528e-005,-1.96777e-001,3.51563e-002,1.06250e+000,-1.28049e+000,-3.89024e+001,-1.53049e+001
-1.93027e-005,-3.07164e-005,-2.33398e-001,7.56836e-002,1.09375e+000,6.09756e-002,-4.00610e+001,-1.66463e+001
-3.17235e-005,-2.04776e-005,-2.87598e-001,1.33789e-001,1.04492e+000,1.40244e+000,-3.95732e+001,-1.63415e+001
-4.88441e-005,7.82177e-005,-2.99316e-001,1.51367e-001,9.72168e-001,4.51220e+000,-4.01829e+001,-1.35366e+001
-3.67590e-005,1.74395e-004,-2.71973e-001,1.40137e-001,7.68555e-001,6.95122e+000,-4.20732e+001,-1.15854e+001
1.22530e-005,1.81445e-004,-2.50977e-001,1.16211e-001,6.36719e-001,1.23780e+001,-4.53049e+001,-7.80488e+000
3.34020e-005,1.10277e-004,-2.13867e-001,5.12695e-002,3.44238e-001,1.54268e+001,-4.68293e+001,-6.15854e+000
3.60876e-005,3.00450e-005,-2.01660e-001,8.30078e-003,1.96777e-001,2.30488e+001,-4.96951e+001,-3.23171e+000
3.23949e-005,2.06455e-005,-1.93359e-001,-8.05664e-002,-9.13086e-002,3.01829e+001,-5.40244e+001,-2.07317e+000
1.56100e-005,7.83856e-005,-2.14355e-001,-1.24023e-001,-2.15820e-001,3.39024e+001,-5.59146e+001,-2.13415e+000
-7.55322e-006,1.39483e-004,-2.91504e-001,-1.97754e-001,-3.90137e-001,4.01829e+001,-6.21341e+001,-3.10976e+000
-1.25887e-005,1.14473e-004,-3.47168e-001,-2.28027e-001,-4.48242e-001,4.26829e+001,-6.57927e+001,-3.53659e+000
-8.39246e-007,4.75013e-005,-4.71191e-001,-2.50977e-001,-5.07324e-001,4.53049e+001,-7.12195e+001,-5.54878e+000
-4.53193e-006,4.69978e-006,-5.44922e-001,-2.47070e-001,-4.77539e-001,4.48780e+001,-7.25000e+001,-6.64634e+000
9.90310e-006,-1.67849e-007,-6.66992e-001,-2.13379e-001,-3.34961e-001,4.23171e+001,-7.07927e+001,-8.23171e+000
1.61135e-005,-2.76951e-005,-7.07520e-001,-1.93848e-001,-2.29492e-001,3.98780e+001,-6.85976e+001,-8.84146e+000
2.56809e-005,-8.29175e-005,-7.09961e-001,-1.26953e-001,1.31836e-002,3.38415e+001,-6.18293e+001,-7.80488e+000
5.95865e-005,-1.39147e-004,-6.65527e-001,-8.15430e-002,1.26465e-001,2.97561e+001,-5.80488e+001,-7.07317e+000
4.68299e-005,-1.28405e-004,-5.11230e-001,-2.92969e-003,3.26172e-001,2.07317e+001,-5.21951e+001,-4.57317e+000
1.79599e-005,-1.12627e-004,-4.01367e-001,2.83203e-002,4.12109e-001,1.56707e+001,-5.07927e+001,-3.47561e+000
-3.54162e-005,-1.41497e-004,-1.53320e-001,7.42188e-002,5.87402e-001,6.34146e+000,-4.82317e+001,-1.28049e+000
-1.36294e-004,-1.40322e-004,6.78711e-002,1.17676e-001,7.71973e-001,2.13415e+000,-4.62805e+001,-9.14634e-001
-1.61975e-004,-4.86763e-005,1.50879e-001,1.34766e-001,8.72559e-001,-6.95122e+000,-4.25610e+001,0.00000e+000
-8.57710e-005,8.82887e-005,2.71484e-001,1.86035e-001,1.04834e+000,-1.15854e+001,-4.20122e+001,6.70732e-001
-4.80049e-005,1.46868e-004,3.10547e-001,2.08984e-001,1.12012e+000,-2.12805e+001,-4.18902e+001,2.86585e+000
-6.66362e-005,1.23033e-004,3.61328e-001,2.44629e-001,1.24951e+000,-2.54268e+001,-4.23780e+001,4.26829e+000
-7.57000e-005,1.19173e-004,3.78906e-001,2.56836e-001,1.28662e+000,-3.12195e+001,-4.33537e+001,5.54878e+000
-4.36408e-005,1.52575e-004,3.99902e-001,2.77832e-001,1.40137e+000,-3.26220e+001,-4.20732e+001,5.18293e+000
-1.35958e-005,1.31762e-004,3.95996e-001,2.75391e-001,1.48193e+000,-3.42073e+001,-3.39024e+001,2.92683e+000
5.53903e-006,4.24659e-005,3.91113e-001,2.82715e-001,1.64844e+000,-3.45732e+001,-1.96951e+001,-1.21951e-001
3.87732e-005,-1.34279e-005,3.79395e-001,2.87598e-001,1.72510e+000,-3.48780e+001,-1.26220e+001,0.00000e+000
4.48157e-005,-2.60166e-005,3.47168e-001,3.04199e-001,1.83838e+000,-3.84756e+001,-4.87805e+000,2.80488e+000
2.19883e-005,-4.22980e-005,3.33496e-001,3.17871e-001,1.85205e+000,-4.17073e+001,-4.26829e+000,5.85366e+000
1.09102e-005,-5.13619e-005,3.09082e-001,3.30078e-001,1.84180e+000,-4.76220e+001,-1.76829e+000,1.28659e+001
1.29244e-005,-5.69009e-005,3.01758e-001,3.15430e-001,1.84814e+000,-4.96341e+001,0.00000e+000,1.68902e+001
1.22530e-005,-4.95155e-005,3.09082e-001,2.55371e-001,1.80859e+000,-4.98781e+001,1.36585e+001,3.10366e+001
4.86763e-006,-3.97803e-005,3.14941e-001,2.27539e-001,1.77051e+000,-4.92073e+001,2.52439e+001,4.03049e+001
-5.53903e-006,-3.94446e-005,2.65625e-001,1.86035e-001,1.85938e+000,-4.65854e+001,4.00000e+001,5.40854e+001
-2.03098e-005,-2.58488e-005,1.84570e-001,1.89941e-001,1.98242e+000,-4.01829e+001,3.43293e+001,5.30488e+001
-3.17235e-005,-1.47707e-005,-2.00684e-001,1.56738e-001,2.13428e+000,-1.32927e+001,-4.57317e+000,2.83537e+001
-3.30663e-005,-2.18204e-005,-5.00977e-001,1.24023e-001,2.01172e+000,2.86585e+000,-3.10366e+001,1.56098e+001
-1.69528e-005,-3.30663e-005,-9.42871e-001,1.95313e-002,1.53271e+000,2.10976e+001,-7.35366e+001,9.69512e+000
2.51774e-005,-2.40024e-005,-1.12109e+000,-1.71875e-001,1.05371e+000,1.95122e+001,-8.88415e+001,1.52439e+001
5.11940e-005,-6.59647e-005,-1.09570e+000,-2.73438e-001,8.91113e-001,3.04878e+000,-1.09329e+002,3.72561e+001
9.06386e-006,-8.15747e-005,-8.84766e-001,-4.23340e-001,7.25098e-001,-5.60976e+000,-1.11585e+002,4.99390e+001
-1.69528e-005,-8.02319e-005,-7.15332e-001,-4.55566e-001,6.30371e-001,-1.21951e+001,-9.66463e+001,7.17683e+001
-5.53903e-006,-5.05226e-005,-3.27637e-001,-4.75098e-001,4.16992e-001,-1.15244e+001,-8.06707e+001,7.97561e+001
1.09102e-005,-4.51514e-005,-1.21094e-001,-4.61426e-001,3.47656e-001,-4.75610e+000,-3.98780e+001,9.17683e+001
8.72816e-006,-7.30144e-005,2.48047e-001,-3.64258e-001,3.42773e-001,-1.09756e+000,-1.97561e+001,9.56707e+001
-3.13878e-005,-6.32792e-005,3.84766e-001,-2.89063e-001,4.26270e-001,3.59756e+000,1.45122e+001,9.62805e+001
-4.46479e-005,-3.81018e-005,5.38086e-001,-9.81445e-002,6.65527e-001,6.15854e+000,3.89024e+001,9.07927e+001
-4.17945e-005,2.06455e-005,5.51758e-001,-1.07422e-002,7.86133e-001,7.80488e+000,4.65244e+001,8.72561e+001
-7.63714e-005,1.01717e-004,5.14648e-001,1.39160e-001,9.35547e-001,1.16463e+001,5.14634e+001,7.95122e+001
-6.61326e-005,1.17159e-004,4.57031e-001,1.80664e-001,9.65820e-001,1.37805e+001,4.88415e+001,7.26829e+001
-2.50095e-005,8.61067e-005,2.30469e-001,2.02148e-001,9.54102e-001,2.03659e+001,3.57927e+001,5.35976e+001
-7.04967e-006,7.48608e-005,7.17773e-002,1.93359e-001,9.15527e-001,2.38415e+001,2.73171e+001,4.35366e+001
-1.02388e-005,3.17235e-005,-2.11426e-001,1.41113e-001,8.17871e-001,2.90244e+001,1.06098e+001,2.79268e+001
8.89601e-006,-3.34020e-005,-3.25195e-001,9.96094e-002,7.67090e-001,3.00610e+001,3.17073e+000,2.11585e+001
2.23239e-005,-4.78370e-005,-4.82910e-001,2.63672e-002,6.70410e-001,2.98171e+001,-9.63415e+000,1.10366e+001
2.40024e-005,-2.78630e-005,-5.22461e-001,-8.78906e-003,6.42090e-001,2.70732e+001,-1.51829e+001,7.13415e+000
-5.03548e-007,-2.43381e-005,-5.27344e-001,-6.93359e-002,6.56250e-001,2.00610e+001,-2.19512e+001,2.50000e+000
-1.82956e-005,-2.73594e-005,-4.95605e-001,-9.22852e-002,6.90918e-001,1.62805e+001,-2.43293e+001,2.25610e+000
-2.63523e-005,-1.93027e-005,-3.81348e-001,-1.11816e-001,7.94922e-001,1.01220e+001,-2.52439e+001,4.87805e+000
-5.25368e-005,-1.42672e-005,-2.14355e-001,-8.05664e-002,9.23828e-001,7.56098e+000,-2.46341e+001,6.58537e+000
-3.44091e-005,-1.86313e-005,-1.27930e-001,-4.78516e-002,9.87305e-001,5.67073e+000,-2.01829e+001,9.14634e+000
2.70237e-005,-1.35958e-005,2.29492e-002,2.00195e-002,1.09082e+000,5.79268e+000,-1.72561e+001,9.81707e+000
5.38796e-005,-1.35958e-005,7.56836e-002,5.37109e-002,1.13330e+000,6.76829e+000,-1.05488e+001,9.81707e+000
3.82696e-005,-4.81727e-005,1.29395e-001,1.02051e-001,1.18115e+000,8.47561e+000,-6.70732e+000,9.32927e+000
3.67590e-005,-6.36149e-005,1.36719e-001,1.10352e-001,1.18408e+000,1.08537e+001,-1.82927e-001,8.65854e+000
1.99741e-005,-7.63714e-005,1.23535e-001,1.07422e-001,1.16406e+000,1.24390e+001,3.96341e+000,8.10976e+000
-5.65652e-005,-5.69009e-005,1.16699e-001,1.01074e-001,1.15137e+000,1.53659e+001,1.33537e+001,6.76829e+000
-9.97024e-005,-3.59197e-005,8.64258e-002,6.44531e-002,1.10986e+000,1.76829e+001,2.44512e+001,5.54878e+000
-1.08598e-004,4.53193e-006,7.95898e-002,4.98047e-002,1.09277e+000,1.75000e+001,2.98171e+001,5.79268e+000
-8.32532e-005,6.69719e-005,5.90820e-002,3.51563e-002,1.08398e+000,1.70122e+001,3.99390e+001,7.37805e+000
-2.60166e-005,7.93927e-005,4.58984e-002,3.90625e-002,1.08545e+000,1.57927e+001,4.35366e+001,8.17073e+000
-3.37377e-005,1.04402e-004,2.09961e-002,4.68750e-002,1.08984e+000,1.15854e+001,4.82927e+001,1.17683e+001
-4.91798e-005,9.19814e-005,1.36719e-002,4.98047e-002,1.10205e+000,9.75610e+000,5.02439e+001,1.34756e+001
-1.44350e-005,1.98062e-005,-1.95313e-003,4.98047e-002,1.11377e+000,7.19512e+000,5.08537e+001,1.60976e+001
-2.50095e-005,-3.10521e-005,4.88281e-004,5.56641e-002,1.11963e+000,6.52439e+000,5.01829e+001,1.64634e+001
-2.03098e-005,-3.45769e-005,7.81250e-003,5.66406e-002,1.10498e+000,5.73171e+000,5.08537e+001,1.57927e+001
-7.21752e-006,-5.08583e-005,1.46484e-003,6.25000e-002,1.09814e+000,4.87805e+000,5.17683e+001,1.48780e+001
-9.06386e-006,-5.94186e-005,-1.85547e-002,7.95898e-002,1.08740e+000,1.89024e+000,5.36585e+001,1.34146e+001
-1.49386e-005,-4.64942e-005,-3.27148e-002,8.39844e-002,1.09033e+000,7.31707e-001,5.44512e+001,1.25000e+001
-9.06386e-006,-4.12909e-005,-5.76172e-002,9.47266e-002,1.09619e+000,-2.98780e+000,5.45122e+001,1.09146e+001
-9.90310e-006,-6.32792e-005,-8.25195e-002,1.04004e-001,1.11865e+000,-3.96341e+000,5.44512e+001,9.93902e+000
-1.04067e-005,-5.15297e-005,-9.76563e-002,1.05469e-001,1.12207e+000,-5.48780e+000,5.40244e+001,7.31707e+000
-1.09102e-005,-1.32601e-005,-1.25488e-001,1.12305e-001,1.08984e+000,-5.85366e+000,5.27439e+001,5.73171e+000
-9.73526e-006,-8.22461e-006,-1.44043e-001,1.11816e-001,1.06543e+000,-5.24390e+000,5.10976e+001,1.15854e+000
8.39246e-006,-2.09812e-005,-1.76270e-001,9.96094e-002,1.00781e+000,-4.75610e+000,5.03659e+001,-1.70732e+000
1.17494e-005,-1.86313e-005,-1.89453e-001,9.22852e-002,9.82422e-001,-2.92683e+000,4.82927e+001,-8.53659e+000
4.53193e-006,-3.54162e-005,-2.30469e-001,6.68945e-002,9.18945e-001,-1.70732e+000,4.72561e+001,-1.21341e+001
2.51774e-006,-4.28016e-005,-2.54883e-001,5.02930e-002,9.09668e-001,7.31707e-001,4.60366e+001,-1.78049e+001
4.86763e-006,-3.23949e-005,-3.16895e-001,2.49023e-002,9.52637e-001,1.09756e+000,4.07927e+001,-2.18902e+001
1.12459e-005,-1.52743e-005,-3.64258e-001,5.85938e-003,9.69727e-001,1.15854e+000,3.81098e+001,-2.33537e+001
5.53903e-006,-7.88891e-006,-4.37500e-001,-7.81250e-003,9.30664e-001,-3.65854e-001,2.90244e+001,-2.22561e+001
-6.54612e-006,-2.56809e-005,-4.62402e-001,-4.88281e-003,9.14551e-001,-1.95122e+000,2.30488e+001,-2.30488e+001
-6.21042e-006,-6.09293e-005,-4.93652e-001,-2.44141e-003,8.80371e-001,-3.53659e+000,9.51220e+000,-2.84146e+001
-5.20333e-006,-6.19364e-005,-5.05371e-001,3.90625e-003,8.60840e-001,-3.90244e+000,4.20732e+000,-3.17073e+001
-9.73526e-006,-5.32082e-005,-5.32715e-001,5.85938e-003,8.43750e-001,-4.02439e+000,-3.35366e+000,-3.65854e+001
-5.53903e-006,-8.00641e-005,-5.39551e-001,7.81250e-003,8.49121e-001,-4.51220e+000,-6.40244e+000,-3.78049e+001
7.55322e-006,-8.67781e-005,-5.20020e-001,5.37109e-003,8.74023e-001,-5.54878e+000,-1.15244e+001,-3.85976e+001
-6.54612e-006,-3.30663e-005,-4.97070e-001,1.95313e-003,8.96973e-001,-6.34146e+000,-1.28659e+001,-3.84756e+001
-3.03807e-005,3.86053e-005,-4.27734e-001,4.88281e-003,9.59961e-001,-7.92683e+000,-1.48780e+001,-3.62195e+001
-2.45060e-005,5.55581e-005,-3.87695e-001,9.76563e-003,9.92188e-001,-8.59756e+000,-1.59146e+001,-3.51829e+001
-2.46738e-005,1.29244e-005,-3.07129e-001,2.24609e-002,1.08203e+000,-1.09756e+001,-1.60976e+001,-3.33537e+001
-4.48157e-005,-9.90310e-006,-2.07031e-001,4.05273e-002,1.13818e+000,-1.15854e+001,-1.46951e+001,-3.27439e+001
-4.34730e-005,-3.03807e-005,-1.48438e-001,4.63867e-002,1.17188e+000,-1.38415e+001,-8.65854e+000,-3.17073e+001
-3.82696e-005,-4.58228e-005,-3.41797e-002,4.88281e-002,1.24121e+000,-1.42073e+001,-5.00000e+000,-3.15854e+001
-2.97093e-005,-7.80499e-005,2.24609e-002,4.39453e-002,1.25879e+000,-1.35366e+001,3.35366e+000,-3.07317e+001
-1.84634e-005,-8.61067e-005,8.98438e-002,3.85742e-002,1.23975e+000,-1.20732e+001,7.37805e+000,-3.04268e+001
-1.24208e-005,-7.95605e-005,1.10352e-001,4.10156e-002,1.24414e+000,-9.08537e+000,1.56707e+001,-3.03049e+001
-4.53193e-006,-9.11421e-005,1.34277e-001,4.29688e-002,1.26270e+000,-7.19512e+000,2.03659e+001,-3.07317e+001
2.85344e-006,-6.52934e-005,1.28418e-001,3.80859e-002,1.25000e+000,-2.50000e+000,3.25610e+001,-3.11585e+001
-1.51064e-006,1.59457e-005,1.37207e-001,2.63672e-002,1.23486e+000,3.71951e+000,4.58537e+001,-3.01829e+001
-1.35958e-005,8.71138e-005,1.37207e-001,7.81250e-003,1.21680e+000,7.37805e+000,5.21341e+001,-2.89024e+001
-2.50095e-005,2.62013e-004,1.18164e-001,-4.88281e-002,1.13623e+000,1.36585e+001,5.92683e+001,-2.21951e+001
-2.63523e-005,2.62013e-004,1.05957e-001,-8.30078e-002,1.05176e+000,1.62195e+001,6.01829e+001,-1.67683e+001
-3.02129e-005,9.04707e-005,6.34766e-002,-2.09961e-001,8.41797e-001,1.82317e+001,5.89634e+001,-2.92683e+000
-3.44091e-005,-1.67849e-006,2.44141e-002,-3.08105e-001,6.94336e-001,1.87195e+001,5.81098e+001,4.87805e+000
-3.50805e-005,-1.49386e-005,-2.58789e-002,-4.94141e-001,3.42285e-001,2.04268e+001,5.51220e+001,1.98171e+001
-1.89670e-005,4.39765e-005,-1.61133e-002,-5.33691e-001,2.08496e-001,2.13415e+001,5.55488e+001,2.33537e+001
1.17494e-006,7.93927e-005,5.41992e-002,-4.29199e-001,1.58203e-001,2.25610e+001,5.73171e+001,1.38415e+001
1.35958e-005,6.52934e-005,7.66602e-002,-2.81738e-001,2.52930e-001,2.21951e+001,5.85976e+001,1.76829e+000
3.02129e-006,6.21042e-006,4.58984e-002,7.56836e-002,5.78613e-001,1.55488e+001,6.30488e+001,-1.97561e+001
-7.04967e-006,-6.88182e-006,1.17188e-002,2.37305e-001,7.34863e-001,1.15244e+001,6.65244e+001,-2.32317e+001
-1.89670e-005,9.14778e-005,-5.76172e-002,4.91211e-001,8.77441e-001,5.97561e+000,6.67073e+001,-1.35976e+001
-2.03098e-005,4.73335e-005,-8.59375e-002,6.29883e-001,8.60352e-001,5.91463e+000,6.36585e+001,-4.32927e+000
-1.71206e-005,-2.31632e-005,-1.22559e-001,6.76270e-001,8.11035e-001,9.45122e+000,5.25000e+001,8.90244e+000
-1.59457e-005,7.93927e-005,-2.79297e-001,6.75781e-001,7.29980e-001,8.96342e+000,4.31098e+001,9.93902e+000
-1.44350e-005,3.17235e-005,-3.99414e-001,6.14746e-001,7.29004e-001,1.82927e+000,2.18293e+001,4.75610e+000
-1.79599e-005,-5.95865e-005,-5.98145e-001,4.22363e-001,7.87109e-001,-4.02439e+000,9.81707e+000,1.95122e+000
-1.89670e-005,7.55322e-006,-6.39160e-001,2.97363e-001,8.27148e-001,-1.60976e+001,-1.24390e+001,-2.07317e+000
-1.62814e-005,7.55322e-006,-6.27930e-001,6.05469e-002,8.90137e-001,-2.13415e+001,-2.19512e+001,-3.90244e+000
-1.62814e-005,-1.03899e-004,-5.83984e-001,-5.07813e-002,9.08203e-001,-2.83537e+001,-3.58537e+001,-6.21951e+000
-2.06455e-005,-1.33776e-004,-4.38965e-001,-2.10938e-001,9.29688e-001,-3.17683e+001,-4.46341e+001,-5.12195e+000
-1.94705e-005,-1.29915e-004,-3.43262e-001,-2.62207e-001,9.37012e-001,-3.19512e+001,-4.76220e+001,-3.53659e+000
-1.67849e-005,-1.27230e-004,-1.70410e-001,-3.02734e-001,9.60938e-001,-3.20732e+001,-4.96951e+001,1.21951e-001
-2.03098e-005,-1.32937e-004,-9.96094e-002,-2.93945e-001,9.74609e-001,-3.05488e+001,-4.90854e+001,1.89024e+000
-1.59457e-005,-1.05577e-004,-1.46484e-002,-2.37305e-001,1.01611e+000,-2.79878e+001,-4.60976e+001,3.53659e+000
-1.25887e-005,4.43122e-005,4.88281e-004,-1.93848e-001,1.04053e+000,-2.56707e+001,-4.42073e+001,3.90244e+000
-1.46029e-005,1.57610e-004,-1.95313e-003,-7.71484e-002,1.07910e+000,-2.13415e+001,-3.95122e+001,3.10976e+000
-1.52743e-005,1.43343e-004,-2.14844e-002,-1.70898e-002,1.09277e+000,-1.89634e+001,-3.74390e+001,2.31707e+000
-1.89670e-005,1.09270e-004,-5.71289e-002,9.47266e-002,1.08789e+000,-1.50000e+001,-3.33537e+001,7.92683e-001
-1.89670e-005,2.55634e-004,-8.69141e-002,1.40137e-001,1.07715e+000,-1.41463e+001,-3.14024e+001,-4.87805e-001
-1.99741e-005,2.11322e-004,-1.48926e-001,1.81641e-001,1.04297e+000,-1.21341e+001,-2.81098e+001,-1.40244e+000
-1.56100e-005,8.97993e-005,-1.73828e-001,1.79199e-001,1.01270e+000,-1.09146e+001,-2.66463e+001,-1.40244e+000
-1.49386e-005,2.80308e-005,-1.86035e-001,1.27930e-001,9.19922e-001,-7.62195e+000,-2.45732e+001,-6.70732e-001
-1.09102e-005,1.67346e-004,-1.77246e-001,4.29688e-002,8.22266e-001,-5.91463e+000,-2.36585e+001,-9.14634e-001
-1.14137e-005,2.37507e-004,-1.71387e-001,-7.81250e-003,7.67090e-001,-1.89024e+000,-2.18293e+001,-1.52439e+000
-9.90310e-006,1.26223e-004,-1.53809e-001,-1.04980e-001,6.19141e-001,4.87805e-001,-2.15244e+001,-1.89024e+000
-6.88182e-006,6.56291e-005,-1.48926e-001,-1.50879e-001,5.15137e-001,6.52439e+000,-2.11585e+001,-2.25610e+000
5.87472e-006,2.13169e-005,-1.37207e-001,-2.21680e-001,3.02246e-001,1.01220e+001,-2.18293e+001,-2.19512e+000
3.23949e-005,4.07874e-005,-1.36230e-001,-2.50977e-001,2.28027e-001,1.71951e+001,-2.55488e+001,-4.08537e+000
7.63714e-005,5.92508e-005,-1.67480e-001,-2.83691e-001,1.29883e-001,2.04268e+001,-2.76829e+001,-6.03659e+000
1.17662e-004,-4.58228e-005,-2.11426e-001,-2.87598e-001,1.15234e-001,2.55488e+001,-3.22561e+001,-9.08537e+000
1.02556e-004,-1.43511e-004,-3.25195e-001,-2.67090e-001,1.19629e-001,2.81098e+001,-3.86585e+001,-1.07317e+001
8.30854e-005,-3.14382e-004,-3.79883e-001,-2.54883e-001,1.30859e-001,2.92073e+001,-4.28659e+001,-1.07927e+001
6.39506e-005,-3.63729e-004,-4.90234e-001,-2.07031e-001,1.78711e-001,3.09756e+001,-5.21951e+001,-1.04878e+001
4.49836e-005,-3.99313e-004,-5.37109e-001,-1.78711e-001,2.04102e-001,3.10976e+001,-5.67683e+001,-1.04268e+001
2.19883e-005,-2.17029e-004,-5.86914e-001,-1.09863e-001,2.39746e-001,2.99390e+001,-6.34146e+001,-9.45122e+000
-4.53193e-006,7.90570e-005,-5.96680e-001,-7.51953e-002,2.48535e-001,2.87805e+001,-6.56098e+001,-8.90244e+000
3.86053e-006,1.87152e-004,-5.62500e-001,-1.41602e-002,2.49512e-001,2.51220e+001,-6.93902e+001,-8.96342e+000
9.73526e-006,1.93698e-004,-5.23926e-001,9.27734e-003,2.47559e-001,2.30488e+001,-7.09146e+001,-9.20732e+000
5.62295e-005,2.41367e-004,-4.26270e-001,4.54102e-002,2.37793e-001,1.76829e+001,-7.27439e+001,-1.04268e+001
5.38796e-005,2.67384e-004,-3.69629e-001,5.46875e-002,2.29980e-001,1.43902e+001,-7.36585e+001,-1.12805e+001
-8.97993e-005,1.31426e-004,-2.64648e-001,6.83594e-002,2.63184e-001,6.82927e+000,-7.62805e+001,-1.29878e+001
-1.57275e-004,7.04967e-006,-2.14355e-001,6.78711e-002,2.99316e-001,3.35366e+000,-7.75000e+001,-1.37805e+001
-1.90845e-004,1.34279e-006,-1.29395e-001,5.76172e-002,3.90625e-001,-3.04878e+000,-7.79878e+001,-1.43902e+001
-2.48753e-004,2.31632e-005,-5.81055e-002,6.29883e-002,4.98047e-001,-5.67073e+000,-7.68293e+001,-1.41463e+001
-3.07500e-004,5.53903e-006,-3.12500e-002,7.12891e-002,5.70801e-001,-1.22561e+001,-7.34756e+001,-1.16463e+001
-3.26131e-004,-1.22530e-004,7.81250e-003,8.93555e-002,7.44141e-001,-1.59756e+001,-7.00610e+001,-1.01220e+001
-2.72755e-004,-6.56291e-005,2.63672e-002,1.07910e-001,8.26172e-001,-2.29878e+001,-6.07927e+001,-5.91463e+000
-1.12459e-004,2.23239e-005,5.85938e-002,1.33789e-001,9.85840e-001,-2.63415e+001,-5.57317e+001,-3.47561e+000
2.40528e-004,4.81727e-005,7.27539e-002,1.46973e-001,1.06299e+000,-3.23780e+001,-4.56707e+001,1.82927e+000
4.45136e-004,2.19883e-005,1.04004e-001,1.55762e-001,1.19238e+000,-3.38415e+001,-4.10976e+001,4.57317e+000
3.85550e-004,-1.59289e-004,1.24512e-001,1.58203e-001,1.23584e+000,-3.37805e+001,-3.40244e+001,9.51220e+000
2.45060e-004,-1.79431e-004,1.71875e-001,1.72852e-001,1.32861e+000,-3.24390e+001,-3.09146e+001,1.32317e+001
8.54353e-005,-1.32097e-004,1.76758e-001,1.96289e-001,1.38477e+000,-3.28659e+001,-3.00610e+001,1.37195e+001
-7.97284e-005,-8.72816e-006,1.46973e-001,2.58301e-001,1.57031e+000,-3.73780e+001,-2.66463e+001,1.51829e+001
-2.34318e-004,1.93530e-004,1.18164e-001,2.95898e-001,1.66406e+000,-4.05488e+001,-2.46341e+001,1.60366e+001
-3.18746e-004,2.52613e-004,9.03320e-002,3.53027e-001,1.81543e+000,-4.69512e+001,-2.12805e+001,1.79268e+001
-9.78561e-005,4.68299e-005,8.83789e-002,3.64746e-001,1.84277e+000,-4.93902e+001,-1.92683e+001,1.90244e+001
1.79767e-004,-8.44282e-005,1.07910e-001,3.65723e-001,1.82373e+000,-5.30488e+001,-1.23780e+001,2.28049e+001
2.49592e-004,3.35698e-006,1.45996e-001,3.38379e-001,1.79395e+000,-5.51220e+001,-7.86585e+000,2.65244e+001
1.67346e-004,-1.42168e-004,2.71973e-001,2.37305e-001,1.72803e+000,-5.81707e+001,1.02439e+001,4.18293e+001
-8.39246e-006,-2.84840e-004,3.54004e-001,1.66504e-001,1.72021e+000,-5.85366e+001,2.49390e+001,5.03659e+001
-2.32639e-004,-2.75441e-004,4.26758e-001,7.22656e-002,1.77832e+000,-5.06098e+001,4.94512e+001,5.63415e+001
-4.81392e-004,-2.74434e-004,2.41699e-001,9.81445e-002,2.02295e+000,-4.45732e+001,4.87195e+001,5.34756e+001
-7.30648e-004,-2.87190e-004,4.05273e-002,1.31348e-001,2.06787e+000,-2.01220e+001,7.92683e+000,3.24390e+001
-7.22759e-004,-1.70199e-004,-4.37012e-001,1.23535e-001,1.78418e+000,-3.41463e+000,-1.93902e+001,2.00000e+001
-4.42618e-004,1.84970e-004,-5.90820e-001,2.34375e-002,1.54688e+000,2.04268e+001,-5.96341e+001,1.02439e+001
-2.15351e-004,3.70443e-004,-6.50391e-001,-2.92969e-001,1.03516e+000,2.48780e+001,-6.96341e+001,1.39024e+001
-1.17494e-006,4.69139e-004,-6.30371e-001,-4.23340e-001,8.59863e-001,1.83537e+001,-8.06098e+001,2.68293e+001
1.98901e-004,5.12108e-004,-7.01660e-001,-5.20508e-001,7.76367e-001,1.11585e+001,-8.62195e+001,3.13415e+001
3.81018e-004,3.88571e-004,-7.36328e-001,-5.13672e-001,7.74414e-001,4.26829e-001,-9.65244e+001,4.03049e+001
4.02502e-004,1.20012e-004,-6.13281e-001,-4.58984e-001,6.76270e-001,-1.58537e+000,-9.54268e+001,4.67683e+001
2.94575e-004,-1.04738e-004,-4.65332e-001,-4.27734e-001,5.90332e-001,-1.28049e+000,-7.42683e+001,6.14024e+001
1.83963e-004,-2.15854e-004,-1.25000e-001,-3.68652e-001,4.66309e-001,4.87805e-001,-4.20122e+001,6.97561e+001
2.03098e-005,-2.72251e-004,1.26953e-002,-3.28125e-001,4.64355e-001,1.34146e+000,-2.81098e+001,6.96341e+001
-1.70703e-004,-3.99817e-004,1.81152e-001,-1.98730e-001,5.89355e-001,4.45122e+000,-8.71951e+000,6.62195e+001
-1.79095e-004,-5.49371e-004,2.11426e-001,-1.23535e-001,6.81641e-001,6.58537e+000,-2.74390e+000,6.27439e+001
-1.42672e-005,-3.24620e-004,1.71875e-001,1.41602e-002,8.13477e-001,1.04878e+001,1.15854e+000,5.49390e+001
3.87564e-004,2.96590e-004,1.23047e-001,6.64063e-002,8.53516e-001,1.22561e+001,-1.52439e+000,5.14634e+001
5.40139e-004,4.10056e-004,-8.30078e-003,1.20605e-001,8.95996e-001,1.45732e+001,-1.40244e+001,4.43902e+001
4.42618e-004,1.55764e-004,-8.00781e-002,1.26953e-001,8.85742e-001,1.52439e+001,-2.23171e+001,4.08537e+001
2.49592e-004,5.57259e-005,-2.12402e-001,1.06445e-001,8.17871e-001,1.76220e+001,-3.93293e+001,3.22561e+001
2.06455e-005,-8.82887e-005,-2.65137e-001,8.25195e-002,7.76367e-001,1.82317e+001,-4.71341e+001,2.78049e+001
-2.02930e-004,-3.10689e-004,-3.47656e-001,2.39258e-002,7.02148e-001,1.88415e+001,-5.90244e+001,1.95732e+001
-5.69512e-004,-2.29114e-004,-3.74512e-001,-2.73438e-002,6.56250e-001,1.85366e+001,-6.24390e+001,1.63415e+001
-6.80797e-004,-6.86503e-005,-3.58887e-001,-4.93164e-002,6.54785e-001,1.54878e+001,-6.46341e+001,1.32927e+001
-2.74937e-004,-1.91684e-004,-2.81738e-001,-8.98438e-002,7.00195e-001,1.31098e+001,-6.31707e+001,1.30488e+001
3.39055e-005,-1.87488e-004,-2.09961e-001,-9.81445e-002,7.31934e-001,1.00610e+001,-5.61585e+001,1.54268e+001
4.81727e-005,-4.14588e-005,-4.05273e-002,-9.91211e-002,8.24707e-001,8.59756e+000,-5.10976e+001,1.74390e+001
1.57610e-004,1.07256e-004,5.46875e-002,-9.27734e-002,8.84766e-001,8.17073e+000,-3.75610e+001,2.00610e+001
1.79767e-004,2.34821e-004,2.29004e-001,-5.17578e-002,9.91699e-001,8.23171e+000,-2.99390e+001,2.15244e+001
5.11940e-005,9.88632e-005,2.99316e-001,-2.97852e-002,1.03613e+000,9.75610e+000,-1.35366e+001,2.22561e+001
-3.05486e-005,2.06455e-005,3.73047e-001,2.49023e-002,1.09033e+000,1.04878e+001,-6.52439e+000,2.23780e+001
-1.26223e-004,3.42580e-004,3.77930e-001,4.39453e-002,1.11133e+000,1.23171e+001,4.75610e+000,1.99390e+001
-2.20386e-004,3.56680e-004,3.15918e-001,7.71484e-002,1.11621e+000,1.46341e+001,1.25000e+001,1.56098e+001
-2.70405e-004,2.05783e-004,2.65137e-001,8.69141e-002,1.11475e+000,1.56707e+001,1.54878e+001,1.34756e+001
-2.55299e-004,1.72381e-004,1.30371e-001,7.86133e-002,1.08447e+000,1.67683e+001,2.03049e+001,9.26829e+000
-1.25048e-004,9.23171e-006,6.98242e-002,7.32422e-002,1.06494e+000,1.66463e+001,2.21951e+001,7.68293e+000
3.18914e-006,-4.04517e-005,-2.00195e-002,4.34570e-002,1.02686e+000,1.51220e+001,2.54878e+001,6.34146e+000
4.93477e-005,4.73335e-005,-5.22461e-002,3.12500e-002,1.00000e+000,1.43293e+001,2.67073e+001,6.46341e+000
1.11116e-004,3.64233e-005,-4.98047e-002,-1.95313e-003,9.74121e-001,1.15854e+001,2.95732e+001,7.13415e+000
1.71710e-004,-6.96574e-005,-5.12695e-002,-4.88281e-003,9.68262e-001,1.00000e+001,3.11585e+001,7.62195e+000
2.44724e-004,-1.95712e-004,-7.32422e-002,4.88281e-003,9.91211e-001,5.60976e+000,3.21341e+001,9.51220e+000
3.27977e-004,-4.35233e-004,-8.83789e-002,1.56250e-002,1.01514e+000,3.10976e+000,3.24390e+001,1.00610e+001
3.18578e-004,-4.64775e-004,-1.12305e-001,2.83203e-002,1.02637e+000,-6.70732e-001,3.19512e+001,1.04878e+001
2.40024e-004,-2.30625e-004,-1.07910e-001,3.22266e-002,1.01074e+000,-1.95122e+000,3.17073e+001,9.69512e+000
2.12329e-004,1.11620e-004,-9.37500e-002,2.53906e-002,9.88281e-001,-3.10976e+000,3.31707e+001,8.17073e+000
2.06790e-004,3.95956e-004,-1.02539e-001,2.53906e-002,9.65332e-001,-3.47561e+000,3.43293e+001,6.40244e+000
1.73388e-004,4.68467e-004,-1.15723e-001,2.00195e-002,9.70703e-001,-3.96341e+000,3.62195e+001,2.01220e+000
8.37568e-005,1.46029e-004,-1.59180e-001,1.61133e-002,9.96582e-001,-3.90244e+000,3.59756e+001,-1.46341e+000
3.13878e-005,-1.08095e-004,-1.83594e-001,1.56250e-002,1.02295e+000,-3.90244e+000,3.35366e+001,-6.95122e+000
1.69528e-005,-2.38178e-004,-2.06055e-001,2.53906e-002,1.01758e+000,-4.02439e+000,3.10976e+001,-7.50000e+000
-5.99222e-005,-2.49256e-004,-1.87988e-001,2.49023e-002,1.00537e+000,-5.18293e+000,2.74390e+001,-5.79268e+000
-2.95583e-004,-2.12665e-004,-1.63086e-001,1.85547e-002,9.82910e-001,-5.00000e+000,2.57317e+001,-6.52439e+000
-3.54665e-004,-1.99237e-004,-1.66016e-001,1.41602e-002,9.70215e-001,-4.81707e+000,2.05488e+001,-1.12195e+001
-2.28107e-004,-8.81209e-005,-1.81152e-001,1.07422e-002,9.46289e-001,-3.41463e+000,1.57317e+001,-1.66463e+001
-1.04570e-004,4.98512e-005,-1.94336e-001,1.17188e-002,9.33594e-001,-2.86585e+000,1.33537e+001,-1.89024e+001
1.94705e-005,2.19883e-005,-2.29492e-001,1.75781e-002,8.91602e-001,-1.46341e+000,1.17683e+001,-2.13415e+001
6.64683e-005,1.16655e-004,-2.33398e-001,1.75781e-002,8.77930e-001,-8.53659e-001,1.10976e+001,-2.21341e+001
4.28016e-005,2.94575e-004,-2.23633e-001,7.81250e-003,8.63281e-001,1.70732e+000,1.12195e+001,-2.39634e+001
8.03998e-005,2.81147e-004,-2.16309e-001,1.46484e-003,8.63770e-001,3.29268e+000,1.18902e+001,-2.52439e+001
1.40993e-005,1.20012e-004,-1.99219e-001,1.95313e-003,8.30078e-001,5.85366e+000,1.29878e+001,-2.87195e+001
-1.54925e-004,1.77417e-004,-1.92383e-001,9.76563e-003,7.91992e-001,6.52439e+000,1.39634e+001,-3.00610e+001
-2.93233e-004,1.66674e-004,-2.03613e-001,2.92969e-003,7.66113e-001,5.54878e+000,1.59146e+001,-3.26220e+001
-2.47913e-004,-9.51705e-005,-2.06055e-001,-1.95313e-003,7.62695e-001,5.85366e+000,1.59146e+001,-3.32927e+001
-2.15015e-004,-2.98939e-004,-2.14355e-001,-1.31836e-002,7.95410e-001,7.07317e+000,1.38415e+001,-3.49390e+001
-1.39483e-004,-3.02129e-006,-2.23145e-001,-2.78320e-002,8.37891e-001,7.43902e+000,1.23171e+001,-3.53049e+001
-7.88891e-006,3.22606e-004,-2.30957e-001,-2.63672e-002,8.53516e-001,7.92683e+000,9.08537e+000,-3.50000e+001
1.33104e-004,2.37842e-004,-2.41211e-001,-3.90625e-002,9.08691e-001,7.74390e+000,6.95122e+000,-3.43902e+001
1.98566e-004,1.69024e-004,-2.43164e-001,-5.46875e-002,9.19922e-001,7.31707e+000,1.82927e+000,-3.28049e+001
1.76074e-004,-4.71656e-005,-2.02148e-001,-6.64063e-002,9.40918e-001,7.19512e+000,-4.26829e-001,-3.03659e+001
1.26055e-004,-2.48081e-004,-1.86523e-001,-6.59180e-002,9.48730e-001,6.34146e+000,-4.81707e+000,-2.79268e+001
-1.44350e-005,-1.81445e-004,-1.46484e-001,-5.61523e-002,9.45313e-001,5.97561e+000,-6.64634e+000,-2.79878e+001
-1.82284e-004,-4.39765e-005,-1.31348e-001,-5.12695e-002,9.44336e-001,6.95122e+000,-8.23171e+000,-2.97561e+001
-1.83124e-004,-2.85344e-006,-1.00098e-001,-2.97852e-002,9.75586e-001,7.31707e+000,-7.62195e+000,-3.04878e+001
-7.87213e-005,-1.03731e-004,-8.69141e-002,-1.66016e-002,1.01904e+000,5.91463e+000,-3.65854e+000,-3.10976e+001
1.82956e-005,-2.01083e-004,-6.98242e-002,7.81250e-003,1.10791e+000,4.69512e+000,2.31707e+000,-3.05488e+001
9.11421e-005,-1.25887e-004,-6.54297e-002,1.95313e-002,1.15869e+000,3.71951e+000,4.87805e+000,-3.03049e+001
1.10948e-004,5.27047e-005,-4.58984e-002,3.85742e-002,1.21582e+000,3.10976e+000,6.58537e+000,-3.01220e+001
9.34920e-005,1.22026e-004,-3.22266e-002,4.98047e-002,1.21191e+000,3.04878e+000,7.68293e+000,-2.98780e+001
5.58938e-005,-9.90310e-006,9.27734e-003,6.39648e-002,1.19434e+000,2.56098e+000,1.37805e+001,-2.93902e+001
4.88441e-005,-1.88663e-004,3.66211e-002,6.49414e-002,1.19336e+000,2.25610e+000,1.92073e+001,-2.89024e+001
2.03098e-005,-2.83665e-004,8.05664e-002,5.56641e-002,1.20605e+000,2.92683e+000,3.02439e+001,-2.75610e+001
-7.36858e-005,-6.12650e-005,9.17969e-002,5.37109e-002,1.21436e+000,3.96341e+000,3.44512e+001,-2.72561e+001
-1.64324e-004,8.30854e-005,8.44727e-002,5.07813e-002,1.18896e+000,8.23171e+000,4.00610e+001,-2.68902e+001
-1.64324e-004,-3.67590e-005,6.59180e-002,5.27344e-002,1.18604e+000,1.03049e+001,4.26220e+001,-2.72561e+001
-1.40658e-004,8.39246e-007,-4.88281e-003,4.05273e-002,1.10498e+000,1.59756e+001,4.84146e+001,-2.79878e+001
-9.23171e-005,6.02579e-005,-6.98242e-002,2.97852e-002,9.94629e-001,1.90244e+001,5.06707e+001,-2.78659e+001
7.88891e-006,4.22980e-005,-9.86328e-002,2.63672e-002,1.00879e+000,2.40244e+001,5.26220e+001,-2.67073e+001
7.40215e-005,-5.52224e-005,-1.83594e-001,-1.46484e-003,1.10254e+000,2.58537e+001,5.31707e+001,-2.61585e+001
8.40925e-005,-1.36294e-004,-2.21680e-001,-3.56445e-002,1.07666e+000,2.95122e+001,5.26829e+001,-2.10366e+001
5.33761e-005,-7.23430e-005,-2.39258e-001,-1.30859e-001,8.93066e-001,3.17683e+001,4.98781e+001,-1.56098e+001
-4.19623e-006,6.21042e-006,-2.59766e-001,-1.97754e-001,8.02734e-001,3.42683e+001,4.57317e+001,-4.14634e+000
-3.10521e-005,3.65911e-005,-3.52539e-001,-3.86719e-001,5.28320e-001,3.45122e+001,4.39024e+001,1.82927e+000
-7.45251e-005,9.23171e-006,-3.64746e-001,-4.88770e-001,3.52539e-001,3.50610e+001,3.68902e+001,1.34146e+001
-9.81918e-005,-4.86763e-006,-2.92969e-001,-6.05469e-001,3.90625e-002,3.59146e+001,3.34146e+001,1.67683e+001
-4.58228e-005,6.21042e-006,-2.10449e-001,-5.89844e-001,-5.07813e-002,3.93293e+001,3.01220e+001,1.30488e+001
6.88182e-006,-1.42672e-005,-2.39258e-002,-3.80859e-001,4.83398e-002,4.26220e+001,2.87195e+001,-5.60976e+000
3.03807e-005,-1.05745e-005,4.39453e-002,-2.06055e-001,2.17285e-001,4.14024e+001,3.07317e+001,-1.71341e+001
2.56809e-005,-6.88182e-006,8.10547e-002,1.77734e-001,6.13770e-001,3.51220e+001,4.08537e+001,-3.15854e+001
-2.90379e-005,-7.45251e-005,6.34766e-002,3.33496e-001,7.68066e-001,3.11585e+001,4.36585e+001,-3.18902e+001
-2.46738e-005,-1.51232e-004,5.32227e-002,5.44922e-001,9.16016e-001,2.97561e+001,4.24390e+001,-2.24390e+001
4.19623e-006,-2.05280e-004,5.51758e-002,6.06934e-001,9.09668e-001,3.12805e+001,3.85366e+001,-1.63415e+001
9.23171e-006,-1.13298e-004,1.61133e-002,6.56250e-001,8.33008e-001,3.31098e+001,2.50610e+001,-9.57317e+000
7.21752e-006,7.63714e-005,-4.83398e-002,6.34766e-001,7.99316e-001,3.19512e+001,1.64024e+001,-1.04268e+001
1.98062e-005,9.56741e-006,-2.51953e-001,4.92676e-001,7.91992e-001,2.43902e+001,-2.74390e+000,-1.48780e+001
2.93736e-005,-4.34730e-005,-3.38379e-001,3.90137e-001,8.22266e-001,1.92073e+001,-1.20122e+001,-1.70122e+001
1.02892e-004,1.28405e-004,-4.35547e-001,1.49902e-001,9.13574e-001,9.87805e+000,-2.80488e+001,-2.03049e+001
2.19211e-004,2.19043e-004,-4.28711e-001,-6.93359e-002,9.87793e-001,6.82927e+000,-3.43902e+001,-2.16463e+001
1.94202e-004,1.27565e-004,-3.96973e-001,-1.61621e-001,1.00000e+000,1.95122e+000,-4.51829e+001,-2.32927e+001
6.86503e-005,6.07614e-005,-2.66602e-001,-2.87598e-001,1.02344e+000,-6.09756e-002,-4.96341e+001,-2.28049e+001
-3.07164e-005,5.38796e-005,-1.99219e-001,-3.23242e-001,1.04443e+000,-1.46341e+000,-5.20732e+001,-2.09756e+001
-1.35454e-004,8.91279e-005,-8.54492e-002,-3.33496e-001,1.00293e+000,-3.65854e-001,-5.12805e+001,-1.95122e+001
-2.40528e-004,9.44991e-005,-2.73438e-002,-3.18359e-001,9.94141e-001,2.68293e+000,-4.98781e+001,-1.73780e+001
-2.15351e-004,-1.56100e-005,4.63867e-002,-2.42676e-001,9.90234e-001,4.69512e+000,-4.74390e+001,-1.65854e+001
-1.32433e-004,-1.38979e-004,5.66406e-002,-1.91895e-001,1.00293e+000,8.65854e+000,-4.09756e+001,-1.68293e+001
-8.10712e-005,-1.81613e-004,3.90625e-002,-7.32422e-002,1.00439e+000,1.03659e+001,-3.68293e+001,-1.70122e+001
-3.67590e-005,-1.21187e-004,2.09961e-002,-3.90625e-003,9.98535e-001,1.32317e+001,-2.95122e+001,-1.77439e+001
-1.00710e-005,-7.77142e-005,-2.88086e-002,1.17188e-001,9.78027e-001,1.49390e+001,-2.28049e+001,-1.84146e+001
5.03548e-006,-1.15816e-005,-6.15234e-002,1.62598e-001,9.70215e-001,1.58537e+001,-1.92683e+001,-1.85976e+001
2.01419e-005,4.14588e-005,-9.91211e-002,2.18750e-001,9.30176e-001,1.70732e+001,-1.32317e+001,-1.83537e+001
3.87732e-005,1.24208e-005,-1.07422e-001,2.16309e-001,8.97461e-001,1.85976e+001,-1.05488e+001,-1.75000e+001
2.48417e-005,-4.81727e-005,-1.07910e-001,1.80176e-001,8.28125e-001,2.12195e+001,-7.68293e+000,-1.63415e+001
-2.16526e-005,-1.82956e-005,-1.07422e-001,1.55762e-001,7.84668e-001,2.28049e+001,-7.01220e+000,-1.64634e+001
-3.77661e-005,3.32342e-005,-1.23535e-001,8.88672e-002,6.69434e-001,2.48780e+001,-8.10976e+000,-1.58537e+001
-6.14328e-005,4.07874e-005,-1.26465e-001,4.73633e-002,5.90820e-001,2.67073e+001,-9.57317e+000,-1.56707e+001
-6.09293e-005,2.19883e-005,-1.29883e-001,-3.61328e-002,4.13574e-001,2.96951e+001,-1.42683e+001,-1.46951e+001
-3.50805e-005,-1.39315e-005,-1.30859e-001,-7.51953e-002,3.34473e-001,3.12195e+001,-1.69512e+001,-1.47561e+001
-5.53903e-006,-2.83665e-005,-1.45996e-001,-1.45508e-001,2.01660e-001,3.47561e+001,-2.23171e+001,-1.48171e+001
7.82177e-005,-2.31632e-005,-1.97266e-001,-1.89453e-001,9.66797e-002,3.64024e+001,-2.47561e+001,-1.48780e+001
2.18036e-004,-7.21752e-006,-2.23633e-001,-1.98242e-001,5.66406e-002,3.79878e+001,-3.00000e+001,-1.43902e+001
1.63653e-004,-1.76242e-005,-2.97852e-001,-2.03613e-001,-9.76563e-004,3.82317e+001,-3.26220e+001,-1.37805e+001
4.86763e-005,-3.57519e-005,-3.37402e-001,-1.99707e-001,-1.51367e-002,3.78659e+001,-3.98780e+001,-1.33537e+001
-3.74304e-005,-2.65202e-005,-4.30664e-001,-1.69434e-001,2.58789e-002,3.70732e+001,-4.36585e+001,-1.37195e+001
-2.07965e-004,-6.54612e-006,-4.68750e-001,-1.45020e-001,7.76367e-002,3.46341e+001,-4.92073e+001,-1.40854e+001
-2.82490e-004,4.75013e-005,-5.40039e-001,-8.05664e-002,2.14355e-001,3.27439e+001,-5.06707e+001,-1.42683e+001
-2.23072e-004,9.16457e-005,-5.57617e-001,-5.07813e-002,2.94434e-001,2.72561e+001,-5.31707e+001,-1.44512e+001
-9.01350e-005,5.65652e-005,-5.30762e-001,1.26953e-002,4.43848e-001,2.39634e+001,-5.40244e+001,-1.43902e+001
-2.76951e-005,-8.03998e-005,-4.91699e-001,4.05273e-002,4.95117e-001,1.66463e+001,-5.87195e+001,-1.45732e+001
-5.70687e-006,-1.99069e-004,-3.76465e-001,9.22852e-002,5.35645e-001,8.35366e+000,-6.16463e+001,-1.54878e+001
6.54612e-006,-1.81949e-004,-3.12500e-001,1.20117e-001,5.58594e-001,3.35366e+000,-6.28659e+001,-1.59146e+001
8.22461e-006,-1.14977e-004,-2.00684e-001,1.63574e-001,6.56250e-001,-7.43902e+000,-6.45732e+001,-1.63415e+001
1.17494e-006,1.17494e-005,-1.44531e-001,1.79199e-001,7.52930e-001,-1.22561e+001,-6.41463e+001,-1.61585e+001
-5.03548e-007,1.46197e-004,-4.29688e-002,2.03125e-001,9.67285e-001,-1.88415e+001,-6.06707e+001,-1.44512e+001
3.18914e-006,1.84131e-004,7.81250e-003,2.14355e-001,1.05664e+000,-2.11585e+001,-5.73171e+001,-1.19512e+001
8.56031e-006,2.09308e-004,1.09863e-001,2.23633e-001,1.19141e+000,-2.51220e+001,-5.10976e+001,-5.54878e+000
1.37636e-005,1.57610e-004,1.69434e-001,2.26563e-001,1.24805e+000,-2.59756e+001,-4.80488e+001,-2.31707e+000
1.25887e-005,1.20684e-004,2.66602e-001,2.24609e-001,1.32764e+000,-2.64024e+001,-4.26220e+001,2.31707e+000
-6.04257e-006,1.26390e-004,3.07129e-001,2.24609e-001,1.34717e+000,-2.56707e+001,-4.06098e+001,3.65854e+000
-2.23239e-005,2.52613e-004,3.50586e-001,2.52441e-001,1.40967e+000,-2.73780e+001,-3.90244e+001,5.67073e+000
-5.03548e-007,2.23743e-004,3.30078e-001,3.00293e-001,1.56494e+000,-2.93293e+001,-3.82927e+001,6.03659e+000
2.19883e-005,8.19104e-005,3.10059e-001,3.29102e-001,1.67041e+000,-3.71951e+001,-3.45732e+001,7.43902e+000
1.96384e-005,-1.50225e-004,2.70020e-001,3.91113e-001,1.84229e+000,-4.17073e+001,-3.19512e+001,8.35366e+000
9.73526e-006,-2.93568e-004,2.57813e-001,4.06738e-001,1.90186e+000,-5.00610e+001,-2.65244e+001,1.25000e+001
-1.67849e-007,-1.12459e-005,2.54883e-001,4.12109e-001,1.93799e+000,-5.36585e+001,-2.31707e+001,1.54878e+001
-2.16526e-005,1.52743e-004,2.71973e-001,3.99902e-001,1.91016e+000,-5.87195e+001,-1.43293e+001,2.21951e+001
-2.76951e-005,1.72885e-005,3.17383e-001,3.24707e-001,1.81299e+000,-6.00610e+001,-7.01220e+000,2.48780e+001
-3.52483e-005,-6.19364e-005,3.50586e-001,2.42676e-001,1.78613e+000,-5.68902e+001,1.17073e+001,3.12805e+001
-4.51514e-005,-4.88441e-005,4.27246e-001,3.71094e-002,1.71387e+000,-5.29268e+001,2.26220e+001,3.68293e+001
-5.00191e-005,-6.94896e-005,4.76074e-001,-7.22656e-002,1.70361e+000,-4.02439e+001,4.53049e+001,5.06098e+001
-4.71656e-005,-1.57275e-004,3.94043e-001,-1.69434e-001,1.71777e+000,-2.07317e+001,5.48171e+001,5.30488e+001
-3.44091e-005,-1.49554e-004,2.58789e-001,-1.53809e-001,1.77246e+000,-1.12195e+001,4.62195e+001,4.91463e+001
-2.08133e-005,-9.08064e-005,-1.65527e-001,-1.08887e-001,1.79785e+000,1.13415e+001,1.89024e+000,2.98171e+001
-1.86313e-005,-7.40215e-005,-4.02344e-001,-1.04492e-001,1.67188e+000,2.34756e+001,-2.12195e+001,2.15854e+001
-1.12459e-005,-1.04570e-004,-7.01660e-001,-1.77734e-001,1.16162e+000,3.56098e+001,-4.90244e+001,2.20122e+001
1.12459e-005,-4.85084e-005,-7.03125e-001,-2.55371e-001,8.88672e-001,3.47561e+001,-5.48781e+001,2.85366e+001
2.60166e-005,-2.46738e-005,-5.99609e-001,-3.87695e-001,5.56152e-001,2.23171e+001,-5.97561e+001,3.86585e+001
2.80308e-005,-9.56741e-006,-5.79590e-001,-4.04297e-001,5.18555e-001,1.56098e+001,-6.07317e+001,4.18902e+001
2.48417e-005,3.40734e-005,-5.68359e-001,-3.33984e-001,5.09766e-001,9.20732e+000,-5.84756e+001,4.61585e+001
6.37827e-006,4.59907e-005,-5.28320e-001,-2.78320e-001,4.89746e-001,8.10976e+000,-5.33537e+001,4.92683e+001
-9.90310e-006,3.07164e-005,-3.47168e-001,-1.75781e-001,4.66309e-001,7.92683e+000,-3.58537e+001,5.66463e+001
1.17494e-006,6.04257e-006,-1.14746e-001,-8.39844e-002,5.22949e-001,8.23171e+000,-2.73780e+001,5.78659e+001
1.61135e-005,-7.55322e-006,-3.02734e-002,-3.36914e-002,6.01563e-001,1.01220e+001,-1.65854e+001,5.36585e+001
7.21752e-006,-1.49386e-005,3.07617e-002,7.03125e-002,7.74414e-001,1.08537e+001,-1.48780e+001,4.95122e+001
-5.87472e-006,-6.21042e-006,3.02734e-002,1.11328e-001,8.32520e-001,1.41463e+001,-1.59146e+001,4.06707e+001
-1.20851e-005,1.37636e-005,2.49023e-002,1.37695e-001,8.93555e-001,1.52439e+001,-1.89024e+001,3.67683e+001
-9.90310e-006,1.51064e-005,1.31836e-002,1.26953e-001,9.08203e-001,1.74390e+001,-2.84146e+001,2.76829e+001
-8.39246e-007,1.66171e-005,-1.46484e-002,8.98438e-002,9.02832e-001,1.87195e+001,-3.27439e+001,2.37195e+001
2.18204e-006,2.19883e-005,-3.46680e-002,6.64063e-002,9.04297e-001,1.93902e+001,-4.04878e+001,1.59756e+001
-1.04067e-005,3.07164e-005,-4.10156e-002,2.14844e-002,8.95996e-001,1.99390e+001,-4.25000e+001,1.28049e+001
-3.30663e-005,4.68299e-005,-4.49219e-002,0.00000e+000,8.98926e-001,2.10366e+001,-4.28659e+001,6.95122e+000
-6.42863e-005,5.94186e-005,-4.73633e-002,-2.00195e-002,9.13086e-001,2.00000e+001,-4.07317e+001,2.80488e+000
-7.43572e-005,9.04707e-005,-4.93164e-002,-2.58789e-002,9.32129e-001,1.89024e+001,-3.96951e+001,1.09756e+000
-8.30854e-005,1.01884e-004,-4.63867e-002,-2.53906e-002,9.59961e-001,1.72561e+001,-3.61585e+001,3.65854e-001
-8.39246e-005,5.01869e-005,-3.07617e-002,-2.78320e-002,9.85352e-001,1.59146e+001,-3.42683e+001,7.31707e-001
-5.65652e-005,-9.90310e-006,2.68555e-002,-1.51367e-002,1.02930e+000,1.43902e+001,-2.87195e+001,1.64634e+000
-3.86053e-005,-1.15984e-004,6.20117e-002,-5.85938e-003,1.05225e+000,1.39024e+001,-2.46341e+001,2.68293e+000
-4.19623e-005,-1.35790e-004,1.30859e-001,1.90430e-002,1.09619e+000,1.31707e+001,-1.55488e+001,4.75610e+000
-3.60876e-005,-7.57000e-005,1.54785e-001,3.66211e-002,1.11865e+000,1.25610e+001,-1.06707e+001,6.46341e+000
-2.24918e-005,-2.01419e-005,1.87988e-001,6.78711e-002,1.16260e+000,1.21951e+001,-1.21951e-001,9.45122e+000
8.22461e-006,1.15816e-005,1.89453e-001,7.76367e-002,1.17432e+000,1.17683e+001,4.81707e+000,1.07317e+001
1.93027e-005,4.44800e-005,1.85059e-001,8.78906e-002,1.18311e+000,1.15244e+001,1.43902e+001,1.35366e+001
-5.70687e-006,1.54589e-004,1.61133e-001,8.30078e-002,1.17920e+000,1.14634e+001,1.90854e+001,1.48171e+001
-2.24918e-005,1.73388e-004,1.44531e-001,7.37305e-002,1.17285e+000,1.01220e+001,2.68293e+001,1.64024e+001
-3.32342e-005,4.14588e-005,1.13770e-001,6.73828e-002,1.15723e+000,9.32927e+000,3.04878e+001,1.72561e+001
-4.54871e-005,3.00450e-005,9.08203e-002,6.29883e-002,1.14941e+000,6.82927e+000,3.63415e+001,1.88415e+001
-3.40734e-005,-3.12200e-005,5.81055e-002,5.56641e-002,1.13379e+000,5.18293e+000,3.84756e+001,1.96341e+001
-1.71206e-005,-1.22530e-004,4.49219e-002,5.07813e-002,1.12695e+000,2.43902e+000,4.28049e+001,2.01829e+001
6.54612e-006,-3.30663e-005,3.12500e-002,5.76172e-002,1.11230e+000,1.03659e+000,4.45732e+001,2.03049e+001
1.79599e-005,3.79339e-005,2.44141e-002,5.56641e-002,1.11182e+000,-2.68293e+000,4.71951e+001,2.07927e+001
1.34279e-005,1.59457e-005,6.83594e-003,6.73828e-002,1.10693e+000,-6.09756e+000,4.85366e+001,2.04268e+001
1.52743e-005,1.76242e-005,-1.56250e-002,6.54297e-002,1.10254e+000,-7.80488e+000,4.90244e+001,2.00000e+001
-1.51064e-006,3.10521e-005,-4.63867e-002,7.56836e-002,1.08838e+000,-1.14634e+001,4.85976e+001,1.89024e+001
-2.31632e-005,-1.06416e-004,-6.98242e-002,7.56836e-002,1.08594e+000,-1.34146e+001,4.76829e+001,1.84756e+001
-2.38346e-005,-2.31296e-004,-1.34277e-001,8.00781e-002,1.07715e+000,-1.78049e+001,4.34756e+001,1.72561e+001
-1.05745e-005,-7.48608e-005,-1.64551e-001,7.47070e-002,1.06445e+000,-1.96341e+001,4.07317e+001,1.67073e+001
3.03807e-005,-9.04707e-005,-2.13867e-001,6.05469e-002,1.03906e+000,-2.23780e+001,3.46951e+001,1.50000e+001
4.78370e-005,-1.99573e-004,-2.29492e-001,4.29688e-002,1.02051e+000,-2.29268e+001,3.12195e+001,1.40244e+001
4.81727e-005,-1.43008e-004,-2.50000e-001,1.80664e-002,9.94629e-001,-2.41463e+001,2.43293e+001,1.10366e+001
4.07874e-005,-5.80758e-005,-2.52930e-001,1.36719e-002,9.82422e-001,-2.43293e+001,2.23780e+001,9.51220e+000
2.43381e-005,-2.58488e-005,-2.51953e-001,7.32422e-003,9.65820e-001,-2.47561e+001,1.75610e+001,6.64634e+000
9.90310e-006,4.33051e-005,-2.44141e-001,6.34766e-003,9.65332e-001,-2.51829e+001,1.56707e+001,5.24390e+000
-1.46029e-005,1.03899e-004,-2.30469e-001,4.39453e-003,9.67773e-001,-2.47561e+001,1.13415e+001,1.89024e+000
-9.90310e-006,1.03227e-004,-2.26074e-001,-3.41797e-003,9.76563e-001,-2.46951e+001,8.23171e+000,-1.82927e-001
1.71206e-005,8.57710e-005,-2.23145e-001,-3.90625e-003,9.68750e-001,-2.26829e+001,2.62195e+000,-4.20732e+000
6.88182e-006,7.82177e-005,-2.11426e-001,-5.85938e-003,9.73633e-001,-2.18902e+001,6.09756e-002,-5.54878e+000
-4.69978e-006,4.29694e-005,-2.01660e-001,-1.07422e-002,9.78027e-001,-2.07927e+001,-5.36585e+000,-8.41463e+000
-1.00710e-006,-6.54612e-006,-1.84082e-001,-1.31836e-002,9.74609e-001,-1.95732e+001,-7.50000e+000,-9.51220e+000
1.96384e-005,-3.10521e-005,-1.71387e-001,-1.02539e-002,9.62891e-001,-1.67683e+001,-1.10976e+001,-1.20122e+001
2.21561e-005,-1.86313e-005,-1.56250e-001,-4.88281e-003,9.61426e-001,-1.61585e+001,-1.25000e+001,-1.34756e+001
4.51514e-005,-2.40024e-005,-1.59668e-001,-2.44141e-003,9.71191e-001,-1.46341e+001,-1.38415e+001,-1.58537e+001
3.20592e-005,-5.11940e-005,-1.47461e-001,-4.39453e-003,9.83398e-001,-1.29268e+001,-1.57317e+001,-1.83537e+001
-9.56741e-006,-4.64942e-005,-1.38672e-001,9.76563e-004,9.81445e-001,-1.21341e+001,-1.66463e+001,-1.94512e+001
-5.00191e-005,-3.32342e-005,-1.39160e-001,-9.76563e-003,1.03467e+000,-1.24390e+001,-1.62195e+001,-2.09146e+001
-8.64424e-005,1.02388e-005,-1.24512e-001,-1.85547e-002,1.02734e+000,-1.17073e+001,-1.65854e+001,-1.98171e+001
-1.19341e-004,9.38277e-005,-9.17969e-002,-2.34375e-002,9.60938e-001,-1.03049e+001,-1.54268e+001,-1.82317e+001
-1.27230e-004,9.51705e-005,-8.10547e-002,-2.19727e-002,9.18457e-001,-1.01829e+001,-1.43293e+001,-1.90854e+001
-1.17159e-004,1.86313e-005,-6.20117e-002,-2.44141e-002,8.58887e-001,-9.26829e+000,-1.18902e+001,-2.25000e+001
-1.23033e-004,-4.17945e-005,-5.56641e-002,-2.09961e-002,8.33496e-001,-9.20732e+000,-1.01829e+001,-2.35976e+001
-8.30854e-005,-6.83146e-005,-4.54102e-002,-1.66016e-002,8.35449e-001,-8.17073e+000,-5.00000e+000,-2.56098e+001
1.34279e-006,-7.78820e-005,-4.83398e-002,-1.41602e-002,8.48145e-001,-7.43902e+000,-1.76829e+000,-2.66463e+001
4.41444e-005,-7.55322e-006,-4.15039e-002,-1.07422e-002,8.73535e-001,-5.42683e+000,4.63415e+000,-2.77439e+001
3.27306e-005,3.86053e-006,-3.12500e-002,-4.88281e-003,8.82324e-001,-3.96341e+000,7.80488e+000,-2.80488e+001
4.14588e-005,-4.11231e-005,-1.41602e-002,-2.44141e-003,9.36035e-001,-2.62195e+000,1.21341e+001,-2.88415e+001
3.94446e-005,7.10002e-005,-2.53906e-002,1.31836e-002,9.98535e-001,-1.76829e+000,1.32927e+001,-2.89634e+001
6.88182e-006,2.45563e-004,-3.56445e-002,2.14844e-002,1.01465e+000,-1.21951e+000,1.53049e+001,-2.87805e+001
-1.77920e-005,2.59327e-004,-4.83398e-002,3.56445e-002,1.05957e+000,-1.76829e+000,1.62195e+001,-2.84756e+001
-5.30404e-005,1.93530e-004,-4.49219e-002,3.90625e-002,1.06982e+000,-2.56098e+000,1.84146e+001,-2.79268e+001
-5.35439e-005,7.57000e-005,-2.34375e-002,4.44336e-002,1.08008e+000,-2.68293e+000,1.95732e+001,-2.82317e+001
-2.87022e-005,-5.25368e-005,-7.32422e-003,4.19922e-002,1.08936e+000,-3.96341e+000,2.41463e+001,-2.83537e+001
3.52483e-006,-7.26787e-005,1.70898e-002,3.71094e-002,1.09180e+000,-3.96341e+000,2.66463e+001,-2.82927e+001
1.39315e-005,-3.27306e-005,2.29492e-002,3.51563e-002,1.09131e+000,-3.10976e+000,2.85976e+001,-2.92073e+001
-2.43381e-005,-1.25887e-005,5.37109e-003,2.24609e-002,1.07959e+000,-1.95122e+000,3.07317e+001,-3.16463e+001
-6.07614e-005,-4.02838e-006,-1.07422e-002,2.34375e-002,1.06104e+000,-4.26829e-001,3.24390e+001,-3.25000e+001
-6.78111e-005,-2.90379e-005,-3.85742e-002,1.41602e-002,1.02295e+000,2.07317e+000,3.56098e+001,-3.35976e+001
-7.31823e-005,-4.26337e-005,-4.68750e-002,8.78906e-003,1.00391e+000,3.23171e+000,3.78049e+001,-3.33537e+001
-1.02388e-004,-2.70237e-005,-6.10352e-002,-2.92969e-003,9.99512e-001,5.60976e+000,4.29268e+001,-3.16463e+001
-9.06386e-005,-2.28275e-005,-7.37305e-002,-1.12305e-002,1.00439e+000,7.68293e+000,4.54878e+001,-3.06098e+001
1.37636e-005,-5.08583e-005,-9.61914e-002,-3.80859e-002,1.00293e+000,1.09756e+001,4.78049e+001,-2.64024e+001
7.53643e-005,-5.30404e-005,-1.00586e-001,-5.95703e-002,9.94629e-001,1.30488e+001,4.88415e+001,-2.33537e+001
3.81018e-005,-9.08064e-005,-1.10840e-001,-1.04980e-001,9.54102e-001,1.72561e+001,4.85976e+001,-1.69512e+001
-5.03548e-007,-1.32769e-004,-1.18652e-001,-1.44531e-001,9.11621e-001,1.93902e+001,4.64024e+001,-1.37805e+001
-1.67849e-007,-1.84131e-004,-1.50391e-001,-2.39746e-001,7.28027e-001,2.40244e+001,4.29878e+001,-6.21951e+000
3.03807e-005,-1.98398e-004,-1.67480e-001,-2.71484e-001,6.19141e-001,2.46951e+001,4.17683e+001,-2.31707e+000
7.30144e-005,-1.35790e-004,-1.67969e-001,-3.16895e-001,4.10156e-001,2.39024e+001,4.21341e+001,6.70732e-001
8.20783e-005,-5.35439e-005,-1.37695e-001,-3.02246e-001,2.11914e-001,2.32927e+001,4.23171e+001,-6.09756e-001
4.14588e-005,-3.69268e-006,-1.05469e-001,-2.67578e-001,1.87012e-001,2.11585e+001,4.14024e+001,-6.70732e+000
7.88891e-006,6.84825e-005,-5.32227e-002,-1.24512e-001,3.23730e-001,1.93902e+001,4.22561e+001,-1.17683e+001
1.57778e-005,2.43214e-004,-4.29688e-002,-2.00195e-002,4.55566e-001,1.46951e+001,4.56707e+001,-2.19512e+001
4.36408e-006,3.60372e-004,-5.95703e-002,1.92383e-001,7.09961e-001,1.12805e+001,4.67683e+001,-2.58537e+001
-3.91089e-005,2.56306e-004,-7.37305e-002,2.72461e-001,7.99805e-001,7.68293e+000,4.36585e+001,-2.68902e+001
-5.74044e-005,9.91989e-005,-7.37305e-002,3.75000e-001,8.74512e-001,7.68293e+000,3.91463e+001,-2.37195e+001
-5.85794e-005,8.89601e-006,-6.78711e-002,4.02832e-001,8.67188e-001,9.75610e+000,2.73171e+001,-1.57317e+001
-5.05226e-005,-1.89670e-005,-8.34961e-002,3.95020e-001,8.10547e-001,1.10366e+001,1.24390e+001,-1.14024e+001
-3.40734e-005,-4.11231e-005,-1.25000e-001,3.57422e-001,7.88574e-001,1.01220e+001,4.63415e+000,-1.17073e+001
-2.04776e-005,-7.68750e-005,-2.20215e-001,2.22168e-001,7.58789e-001,6.52439e+000,-1.09146e+001,-1.35366e+001
-1.77920e-005,-9.26528e-005,-2.49512e-001,1.42578e-001,7.63672e-001,3.96341e+000,-1.80488e+001,-1.45732e+001
-1.66171e-005,-1.02556e-004,-2.57324e-001,-9.27734e-003,7.92480e-001,-4.26829e-001,-3.12195e+001,-1.75610e+001
1.69528e-005,-6.52934e-005,-2.46582e-001,-7.56836e-002,8.13965e-001,-2.68293e+000,-3.68902e+001,-1.85976e+001
1.89670e-005,3.86053e-006,-1.98242e-001,-1.75293e-001,8.46680e-001,-5.24390e+000,-4.49390e+001,-1.98780e+001
-4.09552e-005,-5.53903e-006,-1.58691e-001,-2.10449e-001,8.58398e-001,-6.64634e+000,-4.76829e+001,-2.00000e+001
-5.90829e-005,-2.56809e-005,-7.42188e-002,-2.39258e-001,8.64746e-001,-7.56098e+000,-4.96341e+001,-1.85366e+001
-2.40024e-005,4.21302e-005,-3.36914e-002,-2.43164e-001,8.61328e-001,-7.62195e+000,-4.89024e+001,-1.76829e+001
-4.34730e-005,1.01045e-004,3.71094e-002,-2.21680e-001,8.54004e-001,-6.21951e+000,-4.51220e+001,-1.59756e+001
-1.05241e-004,6.63004e-005,6.00586e-002,-2.04590e-001,8.45703e-001,-5.18293e+000,-4.25000e+001,-1.51829e+001
-1.04738e-004,2.97093e-005,1.01563e-001,-1.45020e-001,8.55469e-001,-3.65854e+000,-3.57927e+001,-1.39024e+001
-4.58228e-005,-5.35439e-005,1.09375e-001,-8.05664e-002,8.87695e-001,-2.31707e+000,-3.15244e+001,-1.34146e+001
6.71397e-007,-1.42168e-004,1.14258e-001,-4.98047e-002,9.12109e-001,-5.48781e-001,-2.41463e+001,-1.15854e+001
3.97803e-005,-1.53582e-004,1.06445e-001,7.81250e-003,9.26758e-001,9.14634e-001,-2.05488e+001,-1.06098e+001
3.92767e-005,-1.72045e-004,1.04980e-001,3.51563e-002,9.28711e-001,2.37805e+000,-1.51220e+001,-8.17073e+000
-1.00710e-006,-1.58953e-004,1.02051e-001,6.83594e-002,9.05273e-001,3.35366e+000,-1.20732e+001,-7.07317e+000
-1.24208e-005,-5.48867e-005,1.03516e-001,7.42188e-002,8.89160e-001,3.90244e+000,-6.52439e+000,-4.39024e+000
3.67590e-005,9.76883e-005,1.15234e-001,5.95703e-002,8.37891e-001,4.26829e+000,-4.45122e+000,-3.84146e+000
4.73335e-005,1.76913e-004,1.15723e-001,4.58984e-002,7.93945e-001,6.15854e+000,4.87805e-001,-2.80488e+000
3.05486e-005,1.16320e-004,1.11816e-001,1.02539e-002,6.87988e-001,9.08537e+000,2.62195e+000,-2.74390e+000
2.81987e-005,3.44091e-005,9.71680e-002,-1.12305e-002,6.23047e-001,1.01220e+001,2.62195e+000,-2.92683e+000
4.02838e-006,-4.86763e-006,4.49219e-002,-6.15234e-002,4.99023e-001,1.20122e+001,2.01220e+000,-3.90244e+000
-2.01419e-006,-2.18204e-006,2.24609e-002,-8.88672e-002,4.48730e-001,1.34146e+001,1.21951e+000,-4.26829e+000
6.54612e-006,-1.19173e-005,-1.61133e-002,-1.51855e-001,3.64746e-001,1.62195e+001,-1.64634e+000,-5.85366e+000
-2.03098e-005,-3.00450e-005,-5.07813e-002,-1.77246e-001,3.22754e-001,1.78049e+001,-4.81707e+000,-7.01220e+000
-1.87991e-005,-9.68490e-005,-1.30859e-001,-2.14844e-001,2.53418e-001,2.14024e+001,-1.61585e+001,-1.00610e+001
-1.84634e-005,-1.57610e-004,-1.82617e-001,-2.19727e-001,2.27539e-001,2.26829e+001,-2.26829e+001,-1.20122e+001
-4.71656e-005,-1.44854e-004,-3.13965e-001,-2.10449e-001,2.11426e-001,2.29268e+001,-3.75000e+001,-1.51829e+001
-4.19623e-005,-1.36797e-004,-3.80371e-001,-1.98242e-001,2.17285e-001,2.26829e+001,-4.34756e+001,-1.74390e+001
-5.87472e-006,-1.10277e-004,-5.00977e-001,-1.51855e-001,2.51953e-001,1.84756e+001,-5.56098e+001,-2.24390e+001
6.54612e-006,-8.72816e-006,-5.56641e-001,-1.30371e-001,2.77832e-001,1.60976e+001,-6.16463e+001,-2.51829e+001
-9.73526e-006,1.20180e-004,-6.51367e-001,-7.27539e-002,3.62305e-001,1.04878e+001,-7.72561e+001,-3.09146e+001
-2.19883e-005,1.16487e-004,-7.04102e-001,-9.76563e-003,4.87305e-001,7.31707e+000,-8.56707e+001,-3.29268e+001
-2.83665e-005,8.22461e-006,-7.11914e-001,2.05078e-002,5.63477e-001,-3.04878e-001,-1.00610e+002,-3.60976e+001
-1.84634e-005,-7.93927e-005,-6.90918e-001,7.95898e-002,7.24121e-001,-4.93902e+000,-1.07378e+002,-3.69512e+001
-2.09812e-005,-6.79789e-005,-6.58203e-001,1.06934e-001,8.03711e-001,-1.42683e+001,-1.17866e+002,-3.86585e+001
-2.75273e-005,-1.71206e-005,-5.75195e-001,1.66992e-001,9.27734e-001,-1.82317e+001,-1.21829e+002,-3.96341e+001
-2.50095e-005,5.20333e-005,-5.34180e-001,1.92871e-001,9.78516e-001,-2.40854e+001,-1.25854e+002,-4.29268e+001
-1.59457e-005,1.04570e-004,-4.57031e-001,2.49512e-001,1.05811e+000,-2.62195e+001,-1.27317e+002,-4.46951e+001
-1.93027e-005,1.28908e-004,-4.22852e-001,2.71484e-001,1.08594e+000,-2.81707e+001,-1.28780e+002,-4.64024e+001
-1.82956e-005,1.03899e-004,-3.68164e-001,3.23242e-001,1.12256e+000,-2.87195e+001,-1.27683e+002,-4.51829e+001
2.51774e-006,3.81018e-005,-3.53027e-001,3.35938e-001,1.13867e+000,-2.84146e+001,-1.25732e+002,-4.32317e+001
-6.88182e-006,-1.54421e-005,-3.17383e-001,3.38867e-001,1.14502e+000,-2.64634e+001,-1.20000e+002,-3.84756e+001
1.69528e-005,-2.40024e-005,-2.89063e-001,3.25195e-001,1.13379e+000,-2.49390e+001,-1.15854e+002,-3.45122e+001
7.88891e-006,-1.76242e-005,-2.11426e-001,2.78809e-001,1.13281e+000,-1.95122e+001,-1.02317e+002,-2.60366e+001
-2.70237e-005,-1.22530e-005,-1.64063e-001,2.43164e-001,1.13281e+000,-1.59756e+001,-9.29878e+001,-2.09756e+001
-4.34730e-005,6.54612e-006,-5.51758e-002,1.64551e-001,1.14551e+000,-9.45122e+000,-6.89024e+001,-9.20732e+000
-5.15297e-005,8.72816e-006,1.75781e-002,1.22559e-001,1.15527e+000,-6.34146e+000,-5.48781e+001,-2.37805e+000
-5.95865e-005,-1.67849e-007,1.95313e-001,3.32031e-002,1.19824e+000,-3.65854e-001,-2.34146e+001,1.18902e+001
-5.58938e-005,-1.98062e-005,2.77344e-001,8.30078e-003,1.24023e+000,1.76829e+000,-6.89024e+000,2.01829e+001
-5.22011e-005,-6.31113e-005,4.25293e-001,-1.31836e-002,1.32178e+000,5.67073e+000,2.58537e+001,3.81098e+001
-2.19883e-005,-6.32792e-005,5.00488e-001,-1.17188e-002,1.33789e+000,8.10976e+000,4.06707e+001,4.77439e+001
3.86053e-006,-7.11681e-005,6.68945e-001,9.27734e-003,1.31348e+000,1.18902e+001,6.57927e+001,6.61585e+001
6.37827e-006,-1.00374e-004,7.96387e-001,2.05078e-002,1.30469e+000,1.31707e+001,7.68293e+001,7.43293e+001
-2.88701e-005,-1.11955e-004,8.19336e-001,2.00195e-002,1.30664e+000,1.70122e+001,9.84756e+001,8.64024e+001
-1.69528e-005,-1.07927e-004,7.43652e-001,6.10352e-002,1.26318e+000,2.09146e+001,1.09024e+002,8.95732e+001
-7.04967e-006,-7.13359e-005,6.76270e-001,1.02539e-001,1.26318e+000,2.80488e+001,1.23354e+002,9.10976e+001
-6.88182e-006,-4.75013e-005,5.13184e-001,1.79688e-001,1.35547e+000,3.06707e+001,1.22012e+002,8.98781e+001
-4.53193e-006,-4.48157e-005,3.98926e-001,2.04102e-001,1.33789e+000,4.22561e+001,1.02927e+002,7.78049e+001
-1.22530e-005,-6.52934e-005,5.56641e-002,1.88965e-001,1.11670e+000,5.03049e+001,8.81098e+001,6.56098e+001
-3.70947e-005,-8.20783e-005,-1.34277e-001,1.33301e-001,9.90723e-001,6.14634e+001,5.66463e+001,4.00000e+001
-6.39506e-005,-7.93927e-005,-4.25293e-001,-6.10352e-002,8.26172e-001,6.03659e+001,2.62195e+001,2.83537e+001
-5.74044e-005,-5.74044e-005,-5.08789e-001,-1.52344e-001,7.94922e-001,5.48171e+001,1.06707e+001,2.90854e+001
-4.11231e-005,-5.13619e-005,-5.82031e-001,-2.80762e-001,8.14941e-001,3.57927e+001,-2.26829e+001,3.72561e+001
-6.88182e-006,-4.96834e-005,-6.14258e-001,-3.09082e-001,8.47656e-001,2.51220e+001,-4.02439e+001,4.17683e+001
4.98512e-005,-4.78370e-005,-6.42090e-001,-3.12988e-001,8.99902e-001,6.52439e+000,-7.54268e+001,4.88415e+001
8.17426e-005,-2.46738e-005,-6.39648e-001,-3.03711e-001,9.11621e-001,-6.09756e-001,-9.12195e+001,5.11585e+001
4.28016e-005,-2.09812e-005,-5.59570e-001,-2.56348e-001,9.24805e-001,-1.30488e+001,-1.19390e+002,5.42683e+001
-1.46029e-005,-2.71916e-005,-4.95605e-001,-2.18262e-001,9.32129e-001,-1.75000e+001,-1.31220e+002,5.52439e+001
-5.89151e-005,-1.98062e-005,-3.44727e-001,-1.43066e-001,9.71191e-001,-2.39024e+001,-1.51280e+002,5.46951e+001
-6.88182e-005,-1.98062e-005,-2.74414e-001,-1.06445e-001,9.88281e-001,-2.53659e+001,-1.58354e+002,5.33537e+001
-6.79789e-005,-1.51064e-005,-1.63574e-001,-4.88281e-002,9.79980e-001,-2.50610e+001,-1.63720e+002,4.91463e+001
-5.33761e-005,-8.22461e-006,-1.13770e-001,-3.17383e-002,9.54102e-001,-2.32317e+001,-1.61829e+002,4.68293e+001
-4.11231e-005,5.87472e-006,-2.97852e-002,-1.80664e-002,8.83301e-001,-1.72561e+001,-1.50427e+002,4.14024e+001
-2.33310e-005,1.57778e-005,5.90820e-002,-7.81250e-003,8.36426e-001,-1.41463e+001,-1.42256e+002,3.81707e+001
-3.69268e-006,1.99741e-005,9.86328e-002,1.46484e-003,8.29590e-001,-7.25610e+000,-1.23598e+002,3.19512e+001
3.12200e-005,3.07164e-005,1.45508e-001,2.24609e-002,8.36426e-001,-4.14634e+000,-1.14024e+002,2.86585e+001
4.01160e-005,2.88701e-005,1.50391e-001,3.22266e-002,8.53027e-001,8.53659e-001,-9.95732e+001,2.26220e+001
2.80308e-005,5.20333e-006,1.35742e-001,3.22266e-002,8.96484e-001,1.89024e+000,-9.42073e+001,1.91463e+001
1.86313e-005,1.69528e-005,1.25000e-001,3.12500e-002,9.25781e-001,4.08537e+000,-8.67073e+001,1.34756e+001
8.56031e-006,4.63264e-005,1.20117e-001,1.66016e-002,9.67773e-001,4.45122e+000,-8.50000e+001,1.14634e+001
2.34989e-006,3.67590e-005,1.13770e-001,4.88281e-004,9.90723e-001,5.00000e+000,-8.13415e+001,9.26829e+000
-1.24208e-005,2.60166e-005,1.11328e-001,-1.75781e-002,1.00635e+000,5.97561e+000,-7.92683e+001,8.53659e+000
-1.15816e-005,1.47707e-005,1.13281e-001,-2.53906e-002,9.99512e-001,5.54878e+000,-7.79878e+001,8.96342e+000
-3.35698e-006,-1.15816e-005,1.20605e-001,-3.56445e-002,9.78027e-001,4.63415e+000,-7.53659e+001,9.02439e+000
1.00710e-006,1.32601e-005,1.23047e-001,-4.00391e-002,9.66797e-001,4.02439e+000,-7.41463e+001,9.26829e+000
-6.88182e-006,1.20012e-004,1.28418e-001,-3.22266e-002,9.60938e-001,1.40244e+000,-7.09146e+001,1.02439e+001
-2.48417e-005,1.62814e-004,1.30859e-001,-2.63672e-002,9.61426e-001,1.21951e-001,-6.93902e+001,1.09756e+001
-4.14588e-005,7.95605e-005,1.53320e-001,-1.70898e-002,9.77539e-001,-2.43902e+000,-6.59146e+001,1.18902e+001
-4.80049e-005,2.23239e-005,1.60645e-001,-8.78906e-003,9.85840e-001,-3.65854e+000,-6.41463e+001,1.26829e+001
-2.83665e-005,2.87022e-005,1.87988e-001,-2.44141e-003,1.01611e+000,-6.03659e+000,-6.12805e+001,1.40244e+001
-2.43381e-005,6.42863e-005,2.01172e-001,2.92969e-003,1.02930e+000,-7.50000e+000,-6.00000e+001,1.48780e+001
-2.78630e-005,4.24659e-005,2.20215e-001,1.70898e-002,1.06055e+000,-9.51220e+000,-5.84146e+001,1.62805e+001
-2.33310e-005,3.18914e-006,2.29492e-001,2.19727e-002,1.07129e+000,-1.16463e+001,-5.81707e+001,1.68293e+001
-1.12459e-005,9.06386e-006,2.36328e-001,3.27148e-002,1.09131e+000,-1.39024e+001,-5.65854e+001,1.68902e+001
3.52483e-006,1.69528e-005,2.29004e-001,3.61328e-002,1.10596e+000,-1.56098e+001,-5.56707e+001,1.69512e+001
1.84634e-006,2.71916e-005,2.22656e-001,3.90625e-002,1.11133e+000,-1.80488e+001,-5.48781e+001,1.65244e+001
-1.89670e-005,3.94446e-005,2.18262e-001,3.95508e-002,1.12012e+000,-1.92073e+001,-5.41463e+001,1.63415e+001
-2.93736e-005,4.59907e-005,2.12891e-001,3.95508e-002,1.11914e+000,-2.14634e+001,-5.37195e+001,1.56707e+001
-3.23949e-005,4.28016e-005,2.01172e-001,4.05273e-002,1.11719e+000,-2.22561e+001,-5.30488e+001,1.56707e+001
-2.73594e-005,8.69459e-005,1.97754e-001,3.56445e-002,1.11182e+000,-2.50610e+001,-5.26829e+001,1.52439e+001
-1.99741e-005,1.06584e-004,1.88965e-001,2.73438e-002,1.11279e+000,-2.62805e+001,-5.26220e+001,1.53049e+001
-9.39956e-006,1.36629e-004,1.84570e-001,2.19727e-002,1.12207e+000,-2.88415e+001,-5.37195e+001,1.50610e+001
-1.67849e-007,1.20348e-004,1.75293e-001,6.83594e-003,1.12744e+000,-3.10976e+001,-5.45732e+001,1.50610e+001
3.52483e-006,5.47189e-005,1.75293e-001,4.88281e-004,1.12695e+000,-3.25000e+001,-5.64024e+001,1.46951e+001
1.67849e-007,3.37377e-005,1.72363e-001,-6.34766e-003,1.11475e+000,-3.50610e+001,-5.87195e+001,1.50000e+001
-2.18204e-006,3.34020e-005,1.75293e-001,-1.51367e-002,1.10400e+000,-3.56098e+001,-5.85366e+001,1.51220e+001
-8.89601e-006,3.08843e-005,1.84082e-001,-2.19727e-002,1.08057e+000,-3.80488e+001,-5.65244e+001,1.51829e+001
-1.62814e-005,2.07294e-004,1.96289e-001,-2.68555e-002,1.07324e+000,-3.87805e+001,-5.53049e+001,1.47561e+001
-2.33310e-005,2.46738e-004,2.33887e-001,-3.61328e-002,1.09082e+000,-3.92073e+001,-5.26220e+001,1.27439e+001
-3.13878e-005,8.02319e-005,2.48047e-001,-4.73633e-002,1.09570e+000,-3.80488e+001,-5.19512e+001,1.19512e+001
-3.37377e-005,-6.21042e-006,2.67090e-001,-5.41992e-002,1.11768e+000,-3.59756e+001,-4.95732e+001,1.00610e+001
-3.10521e-005,-2.71916e-005,2.69531e-001,-5.46875e-002,1.12695e+000,-3.48780e+001,-4.81098e+001,9.63415e+000
-2.63523e-005,-5.00191e-005,2.75391e-001,-5.95703e-002,1.10742e+000,-3.26220e+001,-4.62195e+001,8.10976e+000
-1.96384e-005,-1.04402e-004,2.81738e-001,-6.15234e-002,1.09668e+000,-3.11585e+001,-4.46341e+001,7.37805e+000
-2.51774e-006,-1.64324e-004,2.87598e-001,-6.83594e-002,1.11133e+000,-2.75000e+001,-4.07927e+001,5.85366e+000
1.72885e-005,-1.46700e-004,2.84668e-001,-7.03125e-002,1.14551e+000,-2.51829e+001,-3.87805e+001,3.78049e+000
2.09812e-005,-9.58419e-005,2.79297e-001,-6.54297e-002,1.13574e+000,-2.00000e+001,-3.48171e+001,0.00000e+000
2.40024e-005,-1.77081e-004,2.80762e-001,-6.05469e-002,1.09033e+000,-1.83537e+001,-3.22561e+001,-2.25610e+000
8.71138e-005,-1.55428e-004,2.89551e-001,-6.34766e-002,1.09180e+000,-1.63415e+001,-2.64024e+001,-5.97561e+000
1.40322e-004,-2.17868e-004,3.02734e-001,-7.12891e-002,1.06982e+000,-1.52439e+001,-2.25610e+001,-7.92683e+000
1.02388e-004,-2.70909e-004,3.12988e-001,-7.66602e-002,1.07813e+000,-1.33537e+001,-1.65244e+001,-1.06707e+001
7.85534e-005,-1.13802e-004,3.15918e-001,-8.05664e-002,1.04883e+000,-1.17073e+001,-1.39024e+001,-1.20732e+001
5.69009e-005,1.80606e-004,3.01758e-001,-8.10547e-002,1.01514e+000,-8.53659e+000,-8.53659e+000,-1.43902e+001
1.93027e-005,4.08041e-004,2.57324e-001,-7.76367e-002,9.81934e-001,-6.70732e+000,-3.96341e+000,-1.67683e+001
-4.75013e-005,3.19753e-004,2.31934e-001,-8.34961e-002,9.73633e-001,-5.30488e+000,-2.56098e+000,-1.81098e+001
-1.28740e-004,2.31296e-004,1.83594e-001,-1.00098e-001,9.66309e-001,-2.56098e+000,-7.31707e-001,-2.01829e+001
-1.45525e-004,1.83459e-004,1.56250e-001,-1.07422e-001,9.61914e-001,-5.48781e-001,7.92683e-001,-2.14634e+001
-1.43511e-004,7.23430e-005,1.17188e-001,-1.19141e-001,9.66309e-001,1.95122e+000,4.87805e+000,-2.42073e+001
-8.24140e-005,2.43549e-004,1.02539e-001,-1.19141e-001,9.73145e-001,2.68293e+000,7.50000e+000,-2.56098e+001
1.15816e-005,1.80270e-004,8.34961e-002,-1.19141e-001,1.01416e+000,4.20732e+000,1.21951e+001,-2.88415e+001
3.12200e-005,-4.68299e-005,6.73828e-002,-1.14746e-001,1.03906e+000,4.69512e+000,1.40854e+001,-3.03049e+001
9.48348e-005,-5.15297e-005,4.49219e-002,-8.98438e-002,1.07568e+000,3.59756e+000,1.87195e+001,-3.15244e+001
1.30419e-004,-1.39315e-005,3.95508e-002,-7.81250e-002,1.11523e+000,1.82927e+000,2.10976e+001,-3.12195e+001
6.76432e-005,2.43381e-005,4.63867e-002,-5.71289e-002,1.18750e+000,-2.43902e-001,2.58537e+001,-3.00610e+001
-8.56031e-006,5.67330e-005,4.73633e-002,-4.15039e-002,1.22705e+000,-2.43902e+000,2.85976e+001,-2.92683e+001
-1.23033e-004,2.09812e-005,6.59180e-002,-2.63672e-002,1.27686e+000,-4.81707e+000,3.57317e+001,-2.75000e+001
-1.77752e-004,-1.11788e-004,1.14258e-001,-2.00195e-002,1.30029e+000,-4.81707e+000,3.89634e+001,-2.67073e+001
-1.36629e-004,-4.15259e-004,1.45508e-001,-1.41602e-002,1.27539e+000,-3.04878e+000,4.59756e+001,-2.56707e+001
-6.47898e-005,-4.41443e-004,1.83105e-001,-7.32422e-003,1.16699e+000,-4.26829e-001,4.92073e+001,-2.59756e+001
-2.09812e-005,-1.21355e-004,1.92871e-001,-5.37109e-003,1.11865e+000,4.93902e+000,5.73171e+001,-2.61585e+001
-4.31373e-005,-8.24140e-005,1.85547e-001,-1.07422e-002,1.06689e+000,7.19512e+000,6.10976e+001,-2.64634e+001
-5.52224e-005,-2.22400e-004,1.85059e-001,-2.44141e-002,1.03613e+000,1.16463e+001,6.80488e+001,-2.55488e+001
-7.87213e-005,-1.92187e-004,1.59668e-001,-6.39648e-002,9.87793e-001,1.37195e+001,7.24390e+001,-2.42683e+001
-4.54871e-005,-1.27062e-004,1.43066e-001,-9.52148e-002,9.56543e-001,1.81098e+001,8.07927e+001,-1.89634e+001
4.28016e-005,1.50896e-004,1.23535e-001,-1.79199e-001,8.76465e-001,2.36585e+001,8.38415e+001,-1.06707e+001
1.56771e-004,4.42786e-004,1.12793e-001,-2.24609e-001,8.52539e-001,2.60976e+001,8.40244e+001,-5.79268e+000
2.26093e-004,3.27810e-004,5.76172e-002,-3.13477e-001,7.62207e-001,3.07317e+001,8.33537e+001,2.92683e+000
2.72755e-004,2.13336e-004,4.63867e-002,-3.32031e-001,7.00195e-001,3.25000e+001,8.28659e+001,6.40244e+000
2.23407e-004,1.07927e-004,5.85938e-002,-3.12012e-001,6.04980e-001,3.39024e+001,8.42073e+001,7.37805e+000
1.24208e-005,-9.58419e-005,7.27539e-002,-2.84668e-001,5.67383e-001,3.45732e+001,8.65244e+001,5.60976e+000
-2.17029e-004,-1.73724e-004,1.09375e-001,-1.88477e-001,4.88770e-001,3.70122e+001,9.43902e+001,-5.48781e-001
-3.26467e-004,-2.35157e-004,1.19141e-001,-1.42578e-001,4.68750e-001,3.85366e+001,9.96951e+001,-2.80488e+000
-3.00618e-004,-1.58114e-004,1.64551e-001,-4.39453e-002,4.74609e-001,3.92073e+001,1.07988e+002,-4.26829e+000
-2.97765e-004,-9.41634e-005,1.89941e-001,1.61133e-002,5.00488e-001,3.90854e+001,1.09939e+002,-4.87805e+000
-3.83200e-004,1.66842e-004,2.22168e-001,1.75781e-001,5.87891e-001,3.82927e+001,1.09695e+002,-6.09756e+000
-4.08041e-004,3.79171e-004,2.07031e-001,2.57324e-001,6.31836e-001,3.74390e+001,1.07927e+002,-6.34146e+000
-6.47898e-005,1.37133e-004,1.28906e-001,4.02832e-001,7.05566e-001,3.45732e+001,1.01098e+002,-6.89024e+000
2.02594e-004,1.10781e-005,1.75781e-002,4.66797e-001,7.61230e-001,3.27439e+001,9.64024e+001,-6.64634e+000
2.92226e-004,1.03227e-004,-4.49219e-002,4.64355e-001,7.79785e-001,3.03659e+001,8.57317e+001,-7.92683e+000
4.04013e-004,8.56031e-005,-1.70410e-001,3.90137e-001,8.09570e-001,2.90854e+001,7.88415e+001,-9.02439e+000
3.53490e-004,-4.24659e-005,-2.18262e-001,3.30566e-001,8.36426e-001,2.45122e+001,6.34756e+001,-1.10976e+001
8.47639e-005,-1.48714e-004,-2.63672e-001,1.95313e-001,8.74512e-001,2.11585e+001,5.56707e+001,-1.13415e+001
-2.28946e-004,-2.89540e-004,-2.60254e-001,1.23535e-001,8.82324e-001,1.50610e+001,4.07317e+001,-1.01829e+001
-4.70146e-004,-2.21393e-004,-2.01172e-001,-1.46484e-003,8.87695e-001,1.14634e+001,3.40244e+001,-9.81707e+000
-4.34897e-004,2.66209e-004,-1.60156e-001,-4.98047e-002,8.84277e-001,6.28049e+000,2.26829e+001,-8.84146e+000
-3.22103e-004,4.50340e-004,-6.00586e-002,-1.14746e-001,8.81836e-001,3.04878e+000,1.50610e+001,-7.01220e+000
-2.03265e-004,2.54292e-004,-1.46484e-002,-1.28906e-001,8.77441e-001,1.76829e+000,1.25610e+001,-5.97561e+000
9.44991e-005,8.22461e-005,6.20117e-002,-1.18652e-001,8.92578e-001,4.26829e-001,1.14024e+001,-4.87805e+000
3.81521e-004,-1.59457e-005,8.49609e-002,-1.11816e-001,9.04785e-001,3.04878e-001,1.22561e+001,-4.87805e+000
3.19753e-004,1.02388e-005,1.07910e-001,-8.25195e-002,9.18945e-001,1.34146e+000,1.51220e+001,-4.63415e+000
3.30663e-005,7.90570e-005,1.10352e-001,-6.44531e-002,9.16504e-001,1.89024e+000,1.71951e+001,-4.39024e+000
-1.29915e-004,5.18654e-005,1.01074e-001,-1.75781e-002,8.85254e-001,3.96341e+000,2.26220e+001,-3.84146e+000
-2.37842e-004,1.49218e-004,9.03320e-002,4.88281e-003,8.71582e-001,3.29268e+000,2.40854e+001,-4.08537e+000
-2.91890e-004,-4.21302e-005,7.03125e-002,3.80859e-002,7.98340e-001,2.50000e+000,2.98171e+001,-3.53659e+000
-3.01961e-004,-1.34112e-004,5.22461e-002,4.88281e-002,7.65625e-001,2.43902e+000,3.20732e+001,-3.41463e+000
-1.76745e-004,1.30922e-004,9.76563e-003,5.12695e-002,7.16309e-001,4.45122e+000,3.28049e+001,-3.59756e+000
6.22721e-005,-8.89601e-006,-2.92969e-003,4.54102e-002,6.84082e-001,5.91463e+000,3.21341e+001,-3.41463e+000
2.40024e-004,-7.88891e-005,-2.68555e-002,2.44141e-002,5.83984e-001,9.87805e+000,3.18902e+001,-4.08537e+000
2.30457e-004,-1.23369e-004,-5.66406e-002,-7.81250e-003,4.65820e-001,1.13415e+001,3.06098e+001,-4.81707e+000
1.65331e-004,-1.87152e-004,-6.93359e-002,-3.36914e-002,4.09180e-001,1.40854e+001,2.90854e+001,-5.91463e+000
-1.82956e-005,-1.86481e-004,-7.76367e-002,-9.08203e-002,3.16406e-001,1.57317e+001,2.84756e+001,-6.28049e+000
-1.53918e-004,-1.61807e-004,-7.91016e-002,-1.23535e-001,2.75391e-001,1.93902e+001,2.61585e+001,-7.19512e+000
-1.00542e-004,-1.27398e-004,-1.06445e-001,-1.79688e-001,2.08984e-001,2.20122e+001,2.42073e+001,-7.56098e+000
9.23171e-006,-3.52483e-006,-1.31836e-001,-2.02637e-001,1.81641e-001,2.51220e+001,1.79268e+001,-7.56098e+000
1.57443e-004,7.20073e-005,-1.99219e-001,-2.34375e-001,1.36230e-001,2.65854e+001,1.53659e+001,-7.50000e+000
2.20218e-004,2.03265e-004,-2.26074e-001,-2.37793e-001,1.21094e-001,2.85366e+001,9.69512e+000,-6.76829e+000
1.58953e-004,1.59457e-004,-2.84668e-001,-2.35840e-001,1.10840e-001,2.90854e+001,5.73171e+000,-7.31707e+000
9.73526e-006,-1.19173e-005,-3.11035e-001,-2.22656e-001,1.20605e-001,2.91463e+001,3.96341e+000,-7.56098e+000
-7.55322e-005,-1.74731e-004,-3.76953e-001,-1.90430e-001,1.81152e-001,2.95122e+001,2.50000e+000,-9.32927e+000
3.94446e-005,-1.62646e-004,-4.11621e-001,-1.65527e-001,2.34863e-001,2.84146e+001,1.58537e+000,-1.02439e+001
1.77081e-004,1.52071e-004,-4.73633e-001,-1.07422e-001,3.71582e-001,2.67073e+001,-5.48781e-001,-1.20732e+001
2.44053e-004,3.54162e-004,-4.99023e-001,-7.81250e-002,4.42871e-001,2.55488e+001,-2.31707e+000,-1.22561e+001
2.93065e-004,2.33814e-004,-5.10254e-001,-2.00195e-002,5.49805e-001,2.29268e+001,-7.07317e+000,-1.27439e+001
1.46868e-004,-3.59197e-005,-4.94629e-001,2.92969e-003,5.82520e-001,2.18293e+001,-1.00000e+001,-1.34146e+001
-5.72366e-005,3.54162e-005,-4.35059e-001,4.15039e-002,5.90332e-001,1.89634e+001,-1.64024e+001,-1.54268e+001
-1.63989e-004,6.69719e-005,-3.98926e-001,5.90820e-002,5.80078e-001,1.76220e+001,-1.88415e+001,-1.67073e+001
-1.95880e-004,3.64233e-005,-3.18848e-001,8.88672e-002,5.67871e-001,1.37195e+001,-2.26829e+001,-2.01220e+001
-1.85809e-004,-2.98772e-005,-2.77344e-001,9.66797e-002,5.82520e-001,1.22561e+001,-2.34756e+001,-2.10976e+001
-2.80140e-004,3.84375e-005,-2.01172e-001,1.05957e-001,6.56738e-001,7.92683e+000,-2.51829e+001,-2.23780e+001
-2.19883e-004,-6.36149e-005,-1.33301e-001,1.14746e-001,7.73926e-001,6.82927e+000,-2.60976e+001,-2.20122e+001
-8.07355e-005,-2.38514e-004,-9.86328e-002,1.10352e-001,8.18359e-001,3.90244e+000,-2.75000e+001,-1.87805e+001
-1.03899e-004,-3.56680e-004,-3.41797e-003,1.18164e-001,8.68652e-001,2.56098e+000,-2.83537e+001,-1.57317e+001
-1.18669e-004,-3.39391e-004,4.78516e-002,1.16211e-001,8.95996e-001,3.65854e-001,-2.68902e+001,-8.65854e+000
-6.16007e-005,-2.38178e-004,1.43555e-001,1.15234e-001,1.00684e+000,-1.40244e+000,-2.44512e+001,-4.57317e+000
2.41703e-005,-9.01350e-005,1.91895e-001,1.05957e-001,1.07373e+000,-4.26829e+000,-1.85976e+001,3.90244e+000
1.42168e-004,8.39246e-007,2.88574e-001,1.00098e-001,1.16260e+000,-4.87805e+000,-1.56707e+001,8.17073e+000
2.63523e-004,-5.38796e-005,3.34473e-001,1.01074e-001,1.17822e+000,-6.40244e+000,-1.03659e+001,1.77439e+001
4.05692e-004,-1.03731e-004,4.27734e-001,1.13281e-001,1.23877e+000,-9.81707e+000,-4.39024e+000,2.70122e+001
3.92599e-004,4.58228e-005,4.60938e-001,1.21582e-001,1.29248e+000,-1.16463e+001,-1.28049e+000,3.06707e+001
2.39521e-004,1.53582e-004,4.89746e-001,1.52344e-001,1.38770e+000,-1.61585e+001,4.32927e+000,3.84756e+001
1.33776e-004,1.99741e-005,4.81934e-001,1.67969e-001,1.42090e+000,-1.92683e+001,5.97561e+000,4.16463e+001
-3.54162e-005,-5.58938e-005,4.47266e-001,2.05078e-001,1.43066e+000,-2.51829e+001,8.65854e+000,4.64024e+001
-2.93233e-004,2.85344e-005,4.24316e-001,2.24609e-001,1.41162e+000,-2.80488e+001,9.93902e+000,4.79268e+001
-3.91928e-004,-6.96574e-005,3.53516e-001,2.40723e-001,1.36572e+000,-3.18293e+001,1.50610e+001,4.72561e+001
-3.47448e-004,8.44282e-005,3.14453e-001,2.29004e-001,1.33643e+000,-3.31707e+001,1.80488e+001,4.58537e+001
-1.41161e-004,3.50805e-004,2.62207e-001,1.65527e-001,1.26563e+000,-3.35976e+001,2.38415e+001,4.25610e+001
2.20386e-004,2.89372e-004,2.31934e-001,1.25977e-001,1.25342e+000,-3.32927e+001,2.67683e+001,4.16463e+001
2.81483e-004,4.66621e-005,1.62109e-001,2.29492e-002,1.27002e+000,-3.03659e+001,2.75000e+001,4.04878e+001
2.12665e-004,-3.05486e-005,1.19629e-001,-3.02734e-002,1.30322e+000,-2.79268e+001,2.40854e+001,3.95732e+001
2.04776e-004,1.37636e-005,-4.98047e-002,-9.52148e-002,1.36377e+000,-2.18902e+001,1.01829e+001,3.25610e+001
3.77661e-005,-5.60616e-005,-2.75879e-001,-1.25977e-001,1.41895e+000,-1.92683e+001,-2.68293e+000,2.73780e+001
-3.67086e-004,-8.42603e-005,-3.60352e-001,-1.31836e-001,1.46338e+000,-1.61585e+001,-3.79268e+001,1.71951e+001
-5.79919e-004,-1.34112e-004,-4.89258e-001,-1.70410e-001,1.49072e+000,-1.44512e+001,-5.51220e+001,1.25000e+001
-5.02373e-004,-2.80812e-004,-5.22461e-001,-2.10938e-001,1.44287e+000,-6.76829e+000,-8.19512e+001,5.60976e+000
-2.99107e-004,-8.39246e-005,-5.23926e-001,-3.02246e-001,1.19971e+000,-1.58537e+000,-9.08537e+001,4.02439e+000
-1.29076e-004,2.26596e-005,-5.00000e-001,-3.38379e-001,1.07324e+000,7.01220e+000,-9.84146e+001,3.90244e+000
5.75723e-005,-7.30144e-005,-4.33594e-001,-3.31543e-001,8.21777e-001,1.10366e+001,-9.94512e+001,4.57317e+000
3.60876e-004,-1.48882e-004,-3.90625e-001,-3.02246e-001,7.33887e-001,1.31707e+001,-9.40244e+001,9.75610e+000
4.59236e-004,-8.49317e-005,-3.02734e-001,-2.25098e-001,6.41602e-001,1.37195e+001,-8.51829e+001,1.43902e+001
3.55169e-004,-1.31762e-004,-2.53418e-001,-1.81152e-001,6.19629e-001,1.36585e+001,-7.91463e+001,1.66463e+001
2.12497e-004,-1.28405e-004,-1.44043e-001,-9.71680e-002,5.95703e-001,1.52439e+001,-6.25610e+001,2.14024e+001
3.47448e-005,-1.12459e-004,-8.05664e-002,-6.29883e-002,6.09375e-001,1.62805e+001,-5.35976e+001,2.34146e+001
-2.07294e-004,-6.96574e-005,5.02930e-002,-1.36719e-002,6.93848e-001,1.85366e+001,-3.55488e+001,2.51829e+001
-3.21767e-004,-5.55581e-005,1.08398e-001,8.30078e-003,7.55371e-001,2.00610e+001,-2.70732e+001,2.44512e+001
-3.74136e-004,-9.41634e-005,1.67480e-001,3.66211e-002,8.95020e-001,2.31707e+001,-1.59146e+001,2.16463e+001
-3.55337e-004,-7.67071e-005,1.72852e-001,4.68750e-002,9.50684e-001,2.50000e+001,-1.34756e+001,2.04268e+001
-8.07355e-005,-1.89670e-005,1.67969e-001,3.71094e-002,1.00391e+000,2.84146e+001,-1.33537e+001,1.82317e+001
2.44221e-004,-5.72366e-005,1.54297e-001,2.44141e-002,1.01318e+000,3.04878e+001,-1.43293e+001,1.71341e+001
1.87152e-004,-1.20516e-004,1.42090e-001,-3.41797e-003,9.92676e-001,3.23171e+001,-1.61585e+001,1.45732e+001
6.14328e-005,-6.86503e-005,1.26465e-001,-2.83203e-002,9.72168e-001,3.33537e+001,-1.57317e+001,1.34756e+001
-2.55131e-005,2.40024e-005,9.32617e-002,-5.12695e-002,9.17969e-001,3.41463e+001,-1.31707e+001,1.09146e+001
-9.95346e-005,5.47189e-005,4.49219e-002,-4.88281e-002,8.87695e-001,3.35366e+001,-1.11585e+001,9.75610e+000
-2.15015e-004,2.00244e-004,1.90430e-002,-4.24805e-002,8.81348e-001,3.12805e+001,-7.01220e+000,8.96342e+000
-2.04273e-004,1.65667e-004,-2.05078e-002,-1.75781e-002,8.91602e-001,3.01220e+001,-5.18293e+000,8.90244e+000
-6.69719e-005,-3.07164e-005,-3.61328e-002,-9.27734e-003,9.03320e-001,2.78049e+001,-5.48781e-001,8.96342e+000
9.56741e-006,-8.64424e-005,-4.00391e-002,1.66016e-002,9.52148e-001,2.63415e+001,1.76829e+000,9.63415e+000
5.32082e-005,-7.62036e-005,-3.12500e-002,2.73438e-002,9.81445e-001,2.43293e+001,6.76829e+000,1.17683e+001
8.56031e-005,-7.48608e-005,-2.92969e-003,5.17578e-002,1.02393e+000,2.28659e+001,8.53659e+000,1.28049e+001
1.18669e-004,-3.13878e-005,1.85547e-002,6.20117e-002,1.04443e+000,2.10976e+001,1.18902e+001,1.46341e+001
1.50225e-004,-4.02838e-006,5.27344e-002,7.86133e-002,1.06543e+000,1.87195e+001,1.42073e+001,1.56098e+001
1.40154e-004,1.56100e-005,6.49414e-002,8.64258e-002,1.06543e+000,1.73780e+001,1.52439e+001,1.59146e+001
8.17426e-005,3.67590e-005,7.81250e-002,9.17969e-002,1.05957e+000,1.48780e+001,1.70732e+001,1.50000e+001
1.15816e-005,-3.84375e-005,7.56836e-002,9.03320e-002,1.04932e+000,1.39024e+001,1.79878e+001,1.45732e+001
-1.09102e-005,-2.85344e-005,6.44531e-002,8.59375e-002,1.03076e+000,1.09146e+001,1.81098e+001,1.38415e+001
-4.69978e-005,1.51064e-005,5.56641e-002,8.39844e-002,1.02686e+000,9.81707e+000,1.85366e+001,1.34146e+001
-1.43847e-004,2.14847e-005,3.27148e-002,7.42188e-002,1.02393e+000,6.89024e+000,1.79878e+001,1.29268e+001
-7.57000e-005,3.52483e-006,1.95313e-002,7.12891e-002,1.02490e+000,5.42683e+000,1.75000e+001,1.22561e+001
4.11231e-005,9.56741e-006,8.78906e-003,6.59180e-002,1.03564e+000,1.82927e+000,1.68293e+001,1.24390e+001
8.47639e-005,7.88891e-006,9.27734e-003,5.76172e-002,1.04004e+000,1.21951e-001,1.67683e+001,1.21341e+001
4.54871e-005,1.17494e-006,2.53906e-002,5.81055e-002,1.04736e+000,-3.35366e+000,1.68902e+001,1.26829e+001
-3.77661e-005,-1.51064e-006,3.17383e-002,5.17578e-002,1.04980e+000,-4.51220e+000,1.76829e+001,1.23780e+001
-5.42153e-005,-2.29953e-005,5.17578e-002,5.17578e-002,1.04736e+000,-6.21951e+000,1.93293e+001,1.19512e+001
-7.65393e-005,-2.55131e-005,5.76172e-002,5.17578e-002,1.04248e+000,-7.50000e+000,1.98171e+001,1.17073e+001
-9.28206e-005,-3.45769e-005,4.78516e-002,5.56641e-002,1.04590e+000,-9.81707e+000,2.06098e+001,1.04878e+001
-3.65911e-005,-6.59647e-005,1.46484e-002,5.02930e-002,1.04590e+000,-1.07927e+001,2.02439e+001,9.51220e+000
2.26596e-005,-2.06455e-005,-4.88281e-003,4.29688e-002,1.04199e+000,-1.17683e+001,1.93293e+001,7.31707e+000
6.96574e-005,7.13359e-005,-3.90625e-002,2.44141e-002,1.03857e+000,-1.17683e+001,1.81707e+001,5.67073e+000
1.24712e-004,8.24140e-005,-5.37109e-002,1.07422e-002,1.02783e+000,-1.17073e+001,1.42073e+001,2.19512e+000
1.53079e-004,6.31113e-005,-7.66602e-002,-3.90625e-003,9.77539e-001,-1.09146e+001,1.27439e+001,3.65854e-001
1.68185e-004,1.27565e-005,-7.37305e-002,-3.41797e-003,9.37988e-001,-9.63415e+000,1.07927e+001,-1.95122e+000
1.24712e-004,-3.10521e-005,-7.17773e-002,-7.32422e-003,9.33105e-001,-8.96342e+000,9.45122e+000,-5.24390e+000
-1.15816e-005,-4.07874e-005,-7.03125e-002,-8.78906e-003,9.52148e-001,-7.31707e+000,8.35366e+000,-6.95122e+000
-1.33776e-004,-3.72625e-005,-5.56641e-002,-2.92969e-003,9.89746e-001,-3.59756e+000,5.12195e+000,-1.10976e+001
-1.10613e-004,1.39315e-005,-5.12695e-002,2.44141e-003,9.95605e-001,-2.68293e+000,3.78049e+000,-1.29268e+001
-4.41444e-005,6.42863e-005,-4.44336e-002,3.90625e-003,1.00928e+000,-1.15854e+000,1.21951e+000,-1.60976e+001
-9.23171e-005,9.04707e-005,-3.46680e-002,2.44141e-003,1.01172e+000,0.00000e+000,0.00000e+000,-1.78659e+001
-6.99931e-005,5.50546e-005,-1.61133e-002,-9.76563e-004,1.01123e+000,1.89024e+000,-1.46341e+000,-2.15854e+001
-6.96574e-005,9.23171e-006,-1.61133e-002,4.88281e-004,1.00732e+000,2.68293e+000,-1.70732e+000,-2.35366e+001
-7.23430e-005,-6.54612e-006,-2.19727e-002,9.76563e-003,1.01416e+000,3.29268e+000,-3.41463e+000,-2.78659e+001
-7.48608e-005,-3.57519e-005,-2.83203e-002,8.30078e-003,1.03320e+000,3.17073e+000,-4.02439e+000,-2.97561e+001
-4.80049e-005,-7.13359e-005,-4.00391e-002,1.41602e-002,1.04590e+000,3.35366e+000,-6.28049e+000,-3.25000e+001
-1.16152e-004,-8.17426e-005,-4.15039e-002,2.39258e-002,1.05859e+000,2.56098e+000,-7.13415e+000,-3.37195e+001
-1.93698e-004,-8.20783e-005,-3.17383e-002,1.61133e-002,1.13135e+000,7.31707e-001,-8.23171e+000,-3.48780e+001
-1.02220e-004,-3.47448e-005,-1.80664e-002,2.05078e-002,1.09912e+000,4.87805e-001,-8.59756e+000,-3.40244e+001
-2.50095e-005,9.34920e-005,-1.56250e-002,1.17188e-002,1.08984e+000,-1.82927e-001,-9.51220e+000,-3.42683e+001
2.70237e-005,3.40734e-005,-9.76563e-004,-2.92969e-003,1.04541e+000,5.48781e-001,-1.10366e+001,-3.47561e+001
3.13878e-005,-4.54871e-005,9.76563e-004,-9.27734e-003,1.01611e+000,2.43902e+000,-1.26829e+001,-3.59756e+001
5.60616e-005,-1.39315e-005,-1.46484e-002,-1.75781e-002,9.70215e-001,2.80488e+000,-1.30488e+001,-3.73171e+001
1.23705e-004,-1.51064e-006,-1.51367e-002,-1.95313e-002,9.63379e-001,3.47561e+000,-1.13415e+001,-4.01829e+001
7.10002e-005,-3.05486e-005,3.41797e-003,-2.14844e-002,1.00244e+000,3.23171e+000,-1.00610e+001,-4.11585e+001
-3.94446e-005,-1.56100e-005,2.58789e-002,-1.90430e-002,1.04199e+000,3.04878e+000,-4.69512e+000,-4.25610e+001
-8.57710e-005,1.04067e-005,7.47070e-002,-1.07422e-002,1.12891e+000,2.98780e+000,2.25610e+000,-4.24390e+001
-6.59647e-005,4.49836e-005,9.81445e-002,-6.34766e-003,1.17090e+000,3.29268e+000,6.52439e+000,-4.18902e+001
-6.63004e-005,4.04517e-005,1.60156e-001,-2.44141e-003,1.22559e+000,3.71951e+000,1.64634e+001,-3.96951e+001
-5.60616e-005,-4.53193e-006,1.95313e-001,2.44141e-003,1.24902e+000,4.26829e+000,2.26220e+001,-3.90854e+001
-5.11940e-005,6.21042e-006,2.57324e-001,9.27734e-003,1.27197e+000,5.97561e+000,3.68902e+001,-3.76829e+001
-6.16007e-005,4.59907e-005,2.86133e-001,1.36719e-002,1.27100e+000,6.82927e+000,4.35366e+001,-3.70122e+001
-3.47448e-005,5.87472e-005,3.42773e-001,2.00195e-002,1.26367e+000,9.08537e+000,5.42683e+001,-3.67073e+001
2.23239e-005,2.46738e-005,3.55469e-001,2.97852e-002,1.25684e+000,1.01220e+001,5.88415e+001,-3.73780e+001
3.35698e-005,-2.63523e-005,3.16406e-001,5.51758e-002,1.24609e+000,1.25000e+001,6.76220e+001,-3.82317e+001
1.15816e-005,-2.56809e-005,2.91016e-001,6.34766e-002,1.22217e+000,1.41463e+001,7.06098e+001,-3.85976e+001
-3.18914e-006,5.20333e-006,2.40234e-001,7.91016e-002,1.19775e+000,1.76829e+001,7.34146e+001,-3.84146e+001
3.52483e-006,4.01160e-005,1.81641e-001,7.32422e-002,1.21875e+000,1.90244e+001,7.32927e+001,-3.81707e+001
1.52743e-005,3.57519e-005,1.58691e-001,6.29883e-002,1.17676e+000,2.25610e+001,7.57927e+001,-3.58537e+001
2.06455e-005,3.84375e-005,9.42383e-002,3.02734e-002,1.09375e+000,2.39024e+001,7.76220e+001,-3.36585e+001
1.44350e-005,1.82956e-005,5.71289e-002,-1.46484e-003,1.05518e+000,2.72561e+001,8.03049e+001,-2.78659e+001
3.18914e-006,-1.89670e-005,5.85938e-003,-9.61914e-002,9.78516e-001,2.89024e+001,7.92683e+001,-2.40244e+001
7.55322e-006,-1.69528e-005,-1.51367e-002,-1.59180e-001,9.25781e-001,3.25000e+001,6.99390e+001,-1.51220e+001
6.04257e-006,-8.89601e-006,-9.08203e-002,-2.89063e-001,7.13867e-001,3.39024e+001,6.51220e+001,-9.93902e+000
1.24208e-005,-2.03098e-005,-1.11328e-001,-3.40332e-001,6.04004e-001,3.34146e+001,5.50000e+001,-6.70732e-001
2.56809e-005,1.51064e-006,-7.47070e-002,-3.70605e-001,4.56543e-001,3.18902e+001,5.15854e+001,2.13415e+000
3.44091e-005,4.53193e-006,-4.49219e-002,-3.40820e-001,3.95020e-001,2.85976e+001,5.20732e+001,-2.92683e+000
4.22980e-005,-3.02129e-006,-2.97852e-002,-2.11914e-001,4.00879e-001,2.59146e+001,5.56707e+001,-1.74390e+001
1.29244e-005,2.92058e-005,-3.17383e-002,-1.15723e-001,4.79980e-001,2.42683e+001,5.72561e+001,-2.50000e+001
-2.46738e-005,2.38346e-005,-4.83398e-002,1.00098e-001,7.22656e-001,2.07317e+001,6.35366e+001,-3.54268e+001
-6.21042e-005,-2.51774e-005,-7.12891e-002,2.03125e-001,8.40820e-001,1.85366e+001,6.51220e+001,-3.68293e+001
-8.27497e-005,-8.39246e-007,-1.02539e-001,3.64258e-001,9.82422e-001,1.68293e+001,6.02439e+001,-3.31707e+001
-7.10002e-005,4.31373e-005,-1.02051e-001,4.19922e-001,1.01123e+000,1.71951e+001,5.50610e+001,-2.90854e+001
-6.02579e-005,4.02838e-005,-1.10352e-001,4.69238e-001,9.62891e-001,1.82317e+001,3.94512e+001,-2.03659e+001
-3.72625e-005,3.13878e-005,-1.13281e-001,4.60449e-001,9.44824e-001,1.76829e+001,2.96341e+001,-1.71951e+001
5.70687e-006,5.87472e-006,-1.55762e-001,3.70605e-001,9.19434e-001,1.40244e+001,1.20122e+001,-1.35366e+001
1.12459e-005,-2.40024e-005,-1.77246e-001,2.97852e-001,9.12598e-001,1.09756e+001,4.14634e+000,-1.17073e+001
-8.39246e-006,-2.51774e-005,-1.75293e-001,1.25488e-001,9.01367e-001,3.84146e+000,-9.45122e+000,-8.47561e+000
-2.50095e-005,-2.76951e-005,-1.07422e-001,-3.85742e-002,9.04785e-001,6.70732e-001,-1.43293e+001,-7.68293e+000
-2.92058e-005,-6.21042e-006,-6.29883e-002,-1.02051e-001,9.16504e-001,-4.02439e+000,-2.08537e+001,-7.43902e+000
-2.92058e-005,3.60876e-005,3.85742e-002,-1.91406e-001,9.35547e-001,-5.85366e+000,-2.27439e+001,-7.13415e+000
-2.73594e-005,5.85794e-005,8.98438e-002,-2.11426e-001,9.42383e-001,-7.37805e+000,-2.45122e+001,-6.21951e+000
-3.81018e-005,9.11421e-005,1.70410e-001,-2.12402e-001,9.35547e-001,-7.43902e+000,-2.39634e+001,-5.79268e+000
-4.46479e-005,5.05226e-005,1.85059e-001,-1.94824e-001,9.14551e-001,-5.42683e+000,-2.16463e+001,-4.63415e+000
-2.63523e-005,-6.54612e-006,1.72363e-001,-1.43555e-001,8.70117e-001,-3.59756e+000,-2.03049e+001,-3.96341e+000
8.39246e-007,-5.67330e-005,1.45996e-001,-1.10352e-001,8.54004e-001,-5.48781e-001,-1.87195e+001,-4.26829e+000
2.03098e-005,-6.32792e-005,6.88477e-002,-4.00391e-002,8.45703e-001,6.70732e-001,-1.83537e+001,-4.87805e+000
2.66880e-005,-5.92508e-005,2.34375e-002,-8.30078e-003,8.52051e-001,1.82927e+000,-1.71341e+001,-5.73171e+000
2.70237e-005,-4.19623e-006,-4.78516e-002,3.41797e-002,8.27148e-001,1.46341e+000,-1.48780e+001,-6.21951e+000
3.37377e-005,9.11421e-005,-7.03125e-002,4.68750e-002,7.95898e-001,1.70732e+000,-1.39024e+001,-5.85366e+000
2.29953e-005,8.52674e-005,-8.78906e-002,4.54102e-002,6.76270e-001,4.51220e+000,-1.19512e+001,-4.87805e+000
-1.89670e-005,4.88441e-005,-8.00781e-002,2.88086e-002,5.62012e-001,7.37805e+000,-1.10976e+001,-4.57317e+000
-6.21042e-005,2.53452e-005,-5.85938e-002,-1.56250e-002,2.88574e-001,1.35366e+001,-1.23171e+001,-3.84146e+000
-5.11940e-005,-9.56741e-006,-5.12695e-002,-4.73633e-002,1.65527e-001,1.68902e+001,-1.46951e+001,-4.08537e+000
-3.97803e-005,8.39246e-007,-6.78711e-002,-1.06934e-001,-2.92969e-003,2.26220e+001,-2.03049e+001,-6.15854e+000
-4.56550e-005,3.30663e-005,-9.52148e-002,-1.32324e-001,-5.51758e-002,2.50610e+001,-2.26220e+001,-7.13415e+000
-6.27756e-005,1.69528e-005,-1.79199e-001,-1.78711e-001,-7.76367e-002,2.78659e+001,-2.67683e+001,-7.50000e+000
-8.34211e-005,-4.56550e-005,-2.26074e-001,-1.91895e-001,-7.37305e-002,2.86585e+001,-2.83537e+001,-6.76829e+000
-1.09606e-004,-7.93927e-005,-3.23242e-001,-2.00195e-001,-3.41797e-002,2.90854e+001,-3.28659e+001,-4.57317e+000
-8.87923e-005,-3.69268e-005,-4.00879e-001,-1.86035e-001,3.95508e-002,2.85976e+001,-3.58537e+001,-3.47561e+000
-4.68299e-005,3.74304e-005,-4.30176e-001,-1.67969e-001,9.81445e-002,2.68902e+001,-4.29878e+001,-2.74390e+000
-1.76242e-005,1.18334e-004,-4.98535e-001,-1.13770e-001,2.25098e-001,2.50000e+001,-4.69512e+001,-2.80488e+000
-6.54612e-006,4.14588e-005,-5.13184e-001,-7.91016e-002,2.83691e-001,1.89634e+001,-5.39634e+001,-3.04878e+000
-2.19883e-005,-1.29244e-005,-4.99023e-001,-1.12305e-002,4.37012e-001,1.49390e+001,-5.62195e+001,-3.23171e+000
-9.90310e-006,2.42206e-004,-4.64844e-001,1.17188e-002,5.36133e-001,5.91463e+000,-5.89024e+001,-4.57317e+000
3.52483e-005,2.91554e-004,-3.68164e-001,6.00586e-002,7.23633e-001,1.52439e+000,-6.00610e+001,-5.67073e+000
7.85534e-005,7.57000e-005,-3.07129e-001,8.25195e-002,7.96387e-001,-6.64634e+000,-6.36585e+001,-8.41463e+000
8.64424e-005,1.72885e-005,-1.80176e-001,1.31348e-001,8.55469e-001,-1.05488e+001,-6.51829e+001,-9.26829e+000
5.95865e-005,-9.08064e-005,-1.15234e-001,1.54785e-001,8.68164e-001,-1.95122e+001,-6.93902e+001,-1.10976e+001
2.61845e-005,-3.58862e-004,-1.26953e-002,1.87500e-001,8.87695e-001,-2.73171e+001,-7.06707e+001,-1.18293e+001
1.05745e-005,-4.75517e-004,3.22266e-002,1.90918e-001,9.12598e-001,-3.04878e+001,-7.10976e+001,-1.17073e+001
1.09102e-005,-2.21729e-004,1.00586e-001,1.92871e-001,1.02197e+000,-3.32317e+001,-7.04268e+001,-1.12195e+001
-1.07424e-005,-8.22461e-005,1.16699e-001,1.99707e-001,1.06885e+000,-3.39024e+001,-7.00610e+001,-1.06707e+001
-6.74754e-005,-1.25719e-004,1.23535e-001,2.08496e-001,1.15918e+000,-3.45122e+001,-6.55488e+001,-8.96342e+000
-1.00877e-004,-1.60632e-004,1.05469e-001,2.20215e-001,1.20898e+000,-3.46341e+001,-6.25000e+001,-7.68293e+000
-6.69719e-005,-1.27062e-004,9.27734e-002,2.57324e-001,1.33594e+000,-3.67683e+001,-5.51220e+001,-4.81707e+000
-1.76242e-005,-1.94202e-004,9.66797e-002,2.66602e-001,1.42920e+000,-3.78659e+001,-5.00000e+001,-2.98780e+000
3.86053e-006,-1.62982e-004,1.27441e-001,2.91504e-001,1.63623e+000,-4.01220e+001,-3.69512e+001,2.92683e+000
-1.00710e-006,1.93027e-005,1.44531e-001,3.02734e-001,1.72461e+000,-4.07317e+001,-2.84756e+001,6.76829e+000
2.18204e-006,3.81018e-005,1.98730e-001,3.04199e-001,1.81250e+000,-4.19512e+001,-1.15854e+001,1.92683e+001
-6.37827e-006,-6.86503e-005,3.36914e-001,2.82715e-001,1.78027e+000,-4.22561e+001,-4.02439e+000,2.72561e+001
-1.89670e-005,-1.70199e-004,4.20898e-001,2.51465e-001,1.75928e+000,-4.18293e+001,1.51220e+001,4.65854e+001
-2.56809e-005,-3.19249e-004,5.86914e-001,1.67969e-001,1.72119e+000,-4.03659e+001,2.68293e+001,5.70732e+001
-9.23171e-006,-3.31670e-004,6.39160e-001,1.26465e-001,1.74072e+000,-3.66463e+001,5.29878e+001,7.61585e+001
1.30922e-005,-1.67681e-004,6.74316e-001,1.90430e-002,1.79150e+000,-3.25000e+001,6.19512e+001,8.21951e+001
4.19623e-006,7.43572e-005,6.78711e-001,-1.61133e-002,1.73340e+000,-1.24390e+001,6.18293e+001,8.32317e+001
-3.13878e-005,2.41367e-004,5.11719e-001,-3.41797e-003,1.47607e+000,1.34146e+000,5.60366e+001,7.62805e+001
-3.05486e-005,2.68391e-004,3.54004e-001,6.83594e-003,1.31348e+000,2.45122e+001,3.93902e+001,5.75610e+001
-1.77920e-005,2.26596e-004,2.39258e-002,-5.76172e-002,9.97559e-001,3.10366e+001,3.07317e+001,5.04268e+001
-2.48417e-005,2.62013e-004,-1.14746e-001,-1.27930e-001,8.54980e-001,3.34146e+001,1.57927e+001,4.57927e+001
-3.97803e-005,3.09346e-004,-3.26172e-001,-2.71973e-001,7.17773e-001,2.58537e+001,3.47561e+000,4.67683e+001
-4.51514e-005,2.05112e-004,-4.24316e-001,-3.24219e-001,6.96289e-001,2.22561e+001,-2.86585e+000,4.69512e+001
-3.64233e-005,1.22698e-004,-6.04492e-001,-3.47168e-001,7.03125e-001,1.64024e+001,-1.64024e+001,4.53659e+001
1.91348e-005,1.50729e-004,-6.68457e-001,-3.32031e-001,7.13379e-001,1.39634e+001,-2.31707e+001,4.51829e+001
4.61585e-005,1.95712e-004,-6.74805e-001,-2.87109e-001,7.03613e-001,9.08537e+000,-3.34146e+001,4.92683e+001
3.20592e-005,1.33440e-004,-6.06934e-001,-2.62695e-001,6.98242e-001,7.01220e+000,-3.57317e+001,5.20732e+001
4.06195e-005,9.38277e-005,-3.89648e-001,-2.09473e-001,6.84570e-001,2.80488e+000,-3.58537e+001,5.62805e+001
3.59197e-005,8.89601e-006,-2.67578e-001,-1.80176e-001,6.81152e-001,1.52439e+000,-3.55488e+001,5.62805e+001
-1.67849e-007,-5.70687e-005,-5.41992e-002,-1.21094e-001,6.86523e-001,-6.09756e-002,-3.50000e+001,5.32317e+001
-1.89670e-005,-2.63523e-005,2.29492e-002,-9.17969e-002,6.89453e-001,-1.21951e-001,-3.48171e+001,5.01220e+001
-2.85344e-006,-2.73594e-005,1.14746e-001,-3.56445e-002,7.14844e-001,-1.21951e-001,-3.57317e+001,4.28049e+001
-1.34279e-006,-7.80499e-005,1.25488e-001,2.92969e-003,7.50977e-001,6.09756e-001,-3.60366e+001,3.89024e+001
-3.37377e-005,-8.14069e-005,1.08887e-001,1.51367e-002,7.66113e-001,3.17073e+000,-3.68293e+001,3.01220e+001
-3.44091e-005,-6.26078e-005,5.27344e-002,2.29492e-002,8.02246e-001,4.45122e+000,-3.81707e+001,2.61585e+001
-9.06386e-006,-4.24659e-005,2.97852e-002,1.61133e-002,8.21777e-001,8.29268e+000,-3.87195e+001,1.90244e+001
1.67849e-006,-4.98512e-005,-1.12305e-002,3.90625e-003,8.32031e-001,1.10976e+001,-3.83537e+001,1.59146e+001
-3.13878e-005,-5.84115e-005,-3.95508e-002,-5.37109e-003,8.34961e-001,1.51220e+001,-3.60976e+001,8.84146e+000
-5.85794e-005,1.17494e-005,-8.59375e-002,-2.05078e-002,8.40820e-001,1.68902e+001,-3.49390e+001,5.97561e+000
-5.40475e-005,7.73785e-005,-1.01074e-001,-3.12500e-002,8.45703e-001,1.70732e+001,-3.28659e+001,2.19512e+000
-1.87991e-005,1.19173e-004,-9.47266e-002,-5.51758e-002,8.67188e-001,1.71341e+001,-3.12195e+001,1.09756e+000
7.72107e-006,9.78561e-005,-7.12891e-002,-6.68945e-002,8.81348e-001,1.71341e+001,-2.54268e+001,1.21951e+000
-6.37827e-006,4.21302e-005,-1.56250e-002,-6.93359e-002,9.24316e-001,1.67683e+001,-1.79268e+001,3.29268e+000
-1.29244e-005,4.86763e-006,2.39258e-002,-6.44531e-002,9.45313e-001,1.65244e+001,-1.40244e+001,4.51220e+000
-1.67849e-007,-2.03098e-005,1.14258e-001,-4.78516e-002,9.93164e-001,1.65854e+001,-3.90244e+000,6.82927e+000
7.88891e-006,-4.69978e-005,1.50879e-001,-3.56445e-002,1.00488e+000,1.61585e+001,1.40244e+000,7.68293e+000
-1.22530e-005,-4.29694e-005,2.07520e-001,-1.12305e-002,1.01318e+000,1.70732e+001,1.21341e+001,9.87805e+000
-3.05486e-005,-2.56809e-005,2.29980e-001,-2.92969e-003,1.02344e+000,1.78049e+001,1.78049e+001,1.09756e+001
-1.82956e-005,1.98062e-005,2.52441e-001,9.76563e-003,1.02832e+000,1.84756e+001,2.90244e+001,1.20122e+001
-1.40993e-005,3.20592e-005,2.60742e-001,1.61133e-002,1.02246e+000,1.92073e+001,3.46951e+001,1.23171e+001
-4.36408e-005,4.91798e-005,2.60254e-001,2.53906e-002,1.03613e+000,1.89024e+001,4.50000e+001,1.23780e+001
-6.41184e-005,6.37827e-006,2.55371e-001,2.73438e-002,1.04102e+000,1.86585e+001,5.00610e+001,1.20122e+001
-6.17685e-005,-2.90379e-005,2.22168e-001,4.00391e-002,1.06641e+000,1.76220e+001,5.71341e+001,1.11585e+001
-8.07355e-005,-1.54421e-005,1.67480e-001,4.58984e-002,1.08740e+000,1.76220e+001,5.96341e+001,1.07317e+001
-4.39765e-005,-3.79339e-005,1.35742e-001,4.44336e-002,1.08350e+000,1.53049e+001,6.22561e+001,1.01220e+001
3.40734e-005,-2.13169e-005,6.49414e-002,5.12695e-002,1.06641e+000,1.37805e+001,6.23171e+001,9.63415e+000
3.64233e-005,-4.36408e-005,4.00391e-002,5.81055e-002,1.05713e+000,1.05488e+001,6.18902e+001,9.32927e+000
1.05745e-005,2.33310e-005,-5.85938e-003,5.66406e-002,1.02588e+000,8.41463e+000,5.98171e+001,9.02439e+000
1.72885e-005,7.77142e-005,-2.09961e-002,5.71289e-002,1.01416e+000,4.39024e+000,5.55488e+001,7.56098e+000
8.89601e-006,9.65133e-005,-6.15234e-002,4.68750e-002,1.00586e+000,2.80488e+000,5.34146e+001,6.58537e+000
-3.27306e-005,1.05577e-004,-7.32422e-002,3.51563e-002,1.00830e+000,4.87805e-001,4.69512e+001,4.14634e+000
-6.46220e-005,6.09293e-005,-8.54492e-002,2.19727e-002,1.00342e+000,3.65854e-001,4.36585e+001,2.56098e+000
-2.43381e-005,2.53452e-005,-8.69141e-002,1.75781e-002,9.89258e-001,8.53659e-001,4.04268e+001,3.04878e-001
2.19883e-005,7.50286e-005,-7.12891e-002,1.80664e-002,9.58008e-001,-9.75610e-001,3.89634e+001,-2.62195e+000
1.37636e-005,3.05486e-005,-7.42188e-002,2.00195e-002,9.58496e-001,-1.76829e+000,3.85976e+001,-4.32927e+000
-7.55322e-006,-5.32082e-005,-9.37500e-002,2.24609e-002,1.00439e+000,-2.01220e+000,3.43293e+001,-7.01220e+000
4.69978e-006,-8.34211e-005,-1.04980e-001,2.88086e-002,1.02441e+000,-1.28049e+000,3.15854e+001,-8.23171e+000
1.69528e-005,-7.15038e-005,-1.37207e-001,4.00391e-002,1.06396e+000,-8.53659e-001,2.51829e+001,-1.03659e+001
-2.83665e-005,-1.98062e-005,-1.44531e-001,5.02930e-002,1.06592e+000,2.43902e-001,2.22561e+001,-1.14024e+001
-3.60876e-005,3.07164e-005,-1.46973e-001,5.71289e-002,1.04639e+000,3.65854e-001,1.49390e+001,-1.43902e+001
-1.22530e-005,5.69009e-005,-1.45020e-001,6.10352e-002,1.04834e+000,1.21951e-001,1.21951e+001,-1.61585e+001
-4.46479e-005,2.73594e-005,-1.48438e-001,4.00391e-002,1.04443e+000,-1.21951e+000,7.25610e+000,-1.89634e+001
-3.27306e-005,-8.39246e-007,-1.50391e-001,3.07617e-002,1.05176e+000,-1.70732e+000,5.06098e+000,-2.00000e+001
3.86053e-006,-1.99741e-005,-1.58203e-001,6.83594e-003,1.04492e+000,-2.74390e+000,6.09756e-002,-2.03659e+001
9.23171e-006,-5.20333e-006,-1.29883e-001,-9.76563e-003,1.04102e+000,-3.47561e+000,-2.56098e+000,-2.08537e+001
-1.91348e-005,5.60616e-005,-1.18652e-001,-1.22070e-002,1.02393e+000,-4.02439e+000,-4.20732e+000,-2.25610e+001
-6.56291e-005,-9.56741e-006,-1.05469e-001,-1.66016e-002,9.83887e-001,-3.35366e+000,-3.10976e+000,-2.39024e+001
-4.31373e-005,-1.14641e-004,-9.08203e-002,-2.14844e-002,9.69238e-001,-2.19512e+000,-2.43902e-001,-2.56098e+001
2.19883e-005,-2.56809e-005,-6.00586e-002,-3.07617e-002,9.79492e-001,-1.46341e+000,1.46341e+000,-2.61585e+001
5.84115e-005,6.47898e-005,-4.63867e-002,-3.07617e-002,9.87305e-001,6.70732e-001,6.03659e+000,-2.64024e+001
6.09293e-005,1.69528e-005,-1.51367e-002,-3.41797e-002,1.01807e+000,1.03659e+000,7.62195e+000,-2.63415e+001
7.55322e-006,-9.58419e-005,0.00000e+000,-2.78320e-002,1.03711e+000,9.14634e-001,1.13415e+001,-2.61585e+001
-5.00191e-005,-1.32097e-004,1.90430e-002,-1.46484e-002,1.07861e+000,6.70732e-001,1.33537e+001,-2.58537e+001
-6.41184e-005,-1.22698e-004,2.58789e-002,-5.85938e-003,1.08105e+000,-7.31707e-001,1.81707e+001,-2.68902e+001
-6.02579e-005,-1.06920e-004,4.68750e-002,9.76563e-003,1.10303e+000,-2.43902e+000,2.38415e+001,-2.75000e+001
-4.41444e-005,-9.08064e-005,6.59180e-002,1.41602e-002,1.12305e+000,-2.98780e+000,2.62195e+001,-2.74390e+001
-5.72366e-005,-2.83665e-005,1.16211e-001,1.07422e-002,1.15088e+000,-3.96341e+000,3.31707e+001,-2.72561e+001
-6.79789e-005,8.61067e-005,1.40625e-001,1.02539e-002,1.16113e+000,-4.45122e+000,3.68902e+001,-2.77439e+001
-3.37377e-005,1.39818e-004,1.66016e-001,5.37109e-003,1.21191e+000,-4.69512e+000,4.35366e+001,-2.73171e+001
-4.53193e-006,6.47898e-005,1.70898e-001,9.27734e-003,1.23438e+000,-4.32927e+000,4.60366e+001,-2.70122e+001
2.85344e-006,-7.60357e-005,1.56250e-001,2.68555e-002,1.28223e+000,-2.56098e+000,5.19512e+001,-2.67073e+001
2.34989e-005,-1.74563e-004,1.43066e-001,3.02734e-002,1.30225e+000,-1.28049e+000,5.53049e+001,-2.70732e+001
1.71206e-005,-2.10987e-004,1.02539e-001,3.90625e-002,1.23682e+000,2.62195e+000,6.30488e+001,-2.66463e+001
2.76951e-005,-2.05112e-004,8.78906e-002,4.29688e-002,1.18750e+000,4.69512e+000,6.64024e+001,-2.63415e+001
5.33761e-005,-1.60632e-004,6.00586e-002,3.71094e-002,1.11865e+000,1.03659e+001,7.05488e+001,-2.45732e+001
8.05676e-006,-6.59647e-005,2.05078e-002,2.78320e-002,1.08789e+000,1.25610e+001,7.07317e+001,-2.34756e+001
-2.56809e-005,6.68040e-005,-3.41797e-003,1.36719e-002,1.06152e+000,1.67683e+001,6.81707e+001,-2.08537e+001
1.69528e-005,2.29953e-004,-5.46875e-002,-3.51563e-002,9.38965e-001,1.82317e+001,6.59146e+001,-1.85976e+001
5.62295e-005,2.57313e-004,-7.37305e-002,-7.86133e-002,8.32520e-001,2.12195e+001,6.04268e+001,-1.05488e+001
1.22530e-005,1.72717e-004,-1.10840e-001,-2.10449e-001,5.76660e-001,2.20122e+001,5.90244e+001,-5.48780e+000
-8.40925e-005,7.80499e-005,-1.30371e-001,-2.85645e-001,4.38965e-001,2.25610e+001,5.72561e+001,6.46341e+000
-1.37133e-004,1.39315e-005,-1.56738e-001,-4.05273e-001,2.09473e-001,2.27439e+001,5.56098e+001,1.11585e+001
-1.04067e-004,-1.51064e-006,-1.40137e-001,-4.17480e-001,1.55273e-001,2.09756e+001,4.86585e+001,1.27439e+001
-5.27047e-005,-1.12459e-005,-7.37305e-002,-2.92480e-001,2.49023e-001,1.91463e+001,4.40854e+001,7.86585e+000
-1.35958e-005,-2.13169e-005,-4.54102e-002,-1.69434e-001,3.62305e-001,1.50610e+001,3.81707e+001,-9.32927e+000
-2.04776e-005,-3.87732e-005,-6.05469e-002,9.96094e-002,6.31836e-001,1.07317e+001,3.67073e+001,-2.23171e+001
-2.43381e-005,2.73594e-005,-7.66602e-002,2.21191e-001,7.36328e-001,9.14634e+000,3.52439e+001,-2.34146e+001
-2.31632e-005,7.50286e-005,-1.04492e-001,4.03320e-001,8.54492e-001,8.23171e+000,2.81098e+001,-1.74390e+001
7.21752e-006,-4.86763e-006,-1.16699e-001,4.64355e-001,8.77441e-001,8.35366e+000,2.29878e+001,-1.31707e+001
1.32601e-005,-5.23690e-005,-1.52344e-001,5.18066e-001,9.29688e-001,8.41463e+000,8.84146e+000,-8.23171e+000
1.77920e-005,-7.15038e-005,-1.90918e-001,4.98535e-001,9.48242e-001,7.07317e+000,2.13415e+000,-7.98780e+000
3.39055e-005,-9.75204e-005,-2.75391e-001,3.84277e-001,9.94141e-001,2.31707e+000,-1.12195e+001,-9.14634e+000
5.95865e-005,-9.24849e-005,-3.00781e-001,3.01270e-001,1.01416e+000,-5.48781e-001,-1.76829e+001,-9.39024e+000
6.04257e-005,-5.32082e-005,-2.88086e-001,1.14258e-001,1.03955e+000,-6.40244e+000,-2.89634e+001,-9.51220e+000
5.05226e-005,-3.92767e-005,-2.55859e-001,2.39258e-002,1.04443e+000,-8.53659e+000,-3.36585e+001,-9.87805e+000
3.57519e-005,-3.23949e-005,-1.64063e-001,-1.29883e-001,1.03174e+000,-1.19512e+001,-3.84756e+001,-9.75610e+000
-4.51514e-005,2.93736e-005,-5.02930e-002,-2.30469e-001,9.98535e-001,-1.29268e+001,-4.01220e+001,-9.02439e+000
-1.33104e-004,7.33501e-005,4.39453e-003,-2.57813e-001,9.76563e-001,-1.23780e+001,-3.95122e+001,-6.70732e+000
-1.18334e-004,3.47448e-005,8.98438e-002,-2.74414e-001,9.42871e-001,-1.15244e+001,-3.82927e+001,-5.67073e+000
-7.10002e-005,-1.24208e-005,1.10352e-001,-2.59277e-001,9.33594e-001,-8.23171e+000,-3.25610e+001,-3.96341e+000
-2.81987e-005,-4.21302e-005,1.14746e-001,-1.93848e-001,9.17480e-001,-6.03659e+000,-2.90244e+001,-3.29268e+000
7.21752e-006,-5.18654e-005,9.42383e-002,-1.51367e-001,9.16992e-001,-1.52439e+000,-2.20732e+001,-2.62195e+000
2.16526e-005,-2.87022e-005,2.14844e-002,-5.51758e-002,9.23340e-001,4.87805e-001,-1.89634e+001,-2.43902e+000
3.44091e-005,-3.64233e-005,-2.92969e-002,-9.27734e-003,9.27246e-001,3.96341e+000,-1.39024e+001,-3.10976e+000
1.42672e-005,-5.69009e-005,-1.25977e-001,7.61719e-002,9.18945e-001,5.18293e+000,-1.22561e+001,-3.17073e+000
-4.28016e-005,-8.89601e-006,-1.58691e-001,1.09863e-001,9.19434e-001,6.58537e+000,-9.45122e+000,-4.32927e+000
-4.78370e-005,-1.49386e-005,-1.93848e-001,1.43066e-001,9.04785e-001,8.17073e+000,-7.19512e+000,-4.39024e+000
-7.38537e-006,-5.08583e-005,-1.91895e-001,1.36230e-001,8.75000e-001,9.26829e+000,-5.97561e+000,-4.51220e+000
-4.53193e-006,-8.14069e-005,-1.53320e-001,1.00098e-001,7.91992e-001,1.22561e+001,-4.81707e+000,-3.96341e+000
-3.23949e-005,-8.64424e-005,-1.28418e-001,7.56836e-002,7.31445e-001,1.40244e+001,-5.18293e+000,-3.71951e+000
-1.77920e-005,-6.83146e-005,-1.11816e-001,2.34375e-002,5.78125e-001,1.79268e+001,-7.37805e+000,-2.19512e+000
2.51774e-006,-4.38087e-005,-1.11816e-001,-1.12305e-002,4.97559e-001,1.98780e+001,-9.14634e+000,-1.76829e+000
3.13878e-005,-2.66880e-005,-1.10840e-001,-7.42188e-002,3.81836e-001,2.28659e+001,-1.25000e+001,-1.09756e+000
4.21302e-005,1.17494e-006,-1.15234e-001,-1.01563e-001,3.51074e-001,2.46341e+001,-1.35976e+001,-1.21951e+000
3.57519e-005,-7.21752e-006,-1.26465e-001,-1.51855e-001,3.14453e-001,2.81707e+001,-1.50000e+001,-1.46341e+000
1.24208e-005,-2.03098e-005,-1.38672e-001,-1.68945e-001,2.91992e-001,2.96951e+001,-1.59756e+001,-1.95122e+000
-3.02129e-005,-1.00710e-006,-1.71387e-001,-1.73828e-001,2.24609e-001,3.25610e+001,-2.00610e+001,-2.13415e+000
-4.80049e-005,-2.40024e-005,-1.99707e-001,-1.64063e-001,1.69434e-001,3.33537e+001,-2.33537e+001,-2.50000e+000
-3.50805e-005,-7.33501e-005,-2.09961e-001,-1.48926e-001,1.61621e-001,3.37805e+001,-3.35976e+001,-3.78049e+000
-1.49386e-005,-7.06645e-005,-2.45117e-001,-1.04980e-001,1.89941e-001,3.34756e+001,-3.98171e+001,-4.39024e+000
-3.23949e-005,-4.54871e-005,-2.65137e-001,-7.66602e-002,2.26074e-001,3.01220e+001,-5.21951e+001,-4.81707e+000
-5.69009e-005,-5.85794e-005,-2.92969e-001,-2.53906e-002,3.22754e-001,2.73780e+001,-5.72561e+001,-4.02439e+000
-2.06455e-005,-4.38087e-005,-2.91016e-001,-1.46484e-003,3.75977e-001,2.08537e+001,-6.34146e+001,-3.10976e+000
-1.96384e-005,5.03548e-006,-2.65137e-001,2.63672e-002,5.01465e-001,1.69512e+001,-6.38415e+001,-2.86585e+000
-4.11231e-005,-1.76242e-005,-2.41211e-001,3.41797e-002,5.67871e-001,9.69512e+000,-6.12195e+001,-3.23171e+000
-1.66171e-005,-5.74044e-005,-1.70410e-001,5.02930e-002,6.97754e-001,3.29268e+000,-5.48171e+001,-5.12195e+000
3.35698e-007,-1.10781e-005,-1.36230e-001,5.76172e-002,7.54883e-001,5.48781e-001,-5.10366e+001,-6.21951e+000
-5.03548e-006,3.74304e-005,-7.47070e-002,7.66602e-002,8.32031e-001,-4.81707e+000,-4.42683e+001,-8.78049e+000
4.53193e-006,2.09812e-005,-4.54102e-002,8.93555e-002,8.54980e-001,-7.13415e+000,-4.18902e+001,-9.87805e+000
1.17494e-006,2.65202e-005,1.07422e-002,1.04492e-001,8.59863e-001,-8.71951e+000,-3.93293e+001,-1.17073e+001
-1.76242e-005,3.35698e-005,3.32031e-002,1.10840e-001,8.54980e-001,-9.14634e+000,-3.79878e+001,-1.20732e+001
-2.45060e-005,-3.86053e-006,5.02930e-002,1.22070e-001,8.49609e-001,-8.90244e+000,-3.37195e+001,-1.14024e+001
-2.33310e-005,-3.52483e-005,5.22461e-002,1.24023e-001,8.62305e-001,-8.47561e+000,-3.07317e+001,-1.04878e+001
-2.80308e-005,-4.66621e-005,4.58984e-002,1.39648e-001,9.07715e-001,-7.92683e+000,-2.26220e+001,-8.47561e+000
-4.66621e-005,-2.88701e-005,2.63672e-002,1.51855e-001,9.55566e-001,-7.86585e+000,-1.75000e+001,-7.62195e+000
-4.88441e-005,-1.10781e-005,-2.24609e-002,1.82129e-001,1.07813e+000,-8.23171e+000,-7.68293e+000,-6.76829e+000
-4.53193e-006,-1.79599e-005,-5.32227e-002,1.96289e-001,1.14648e+000,-8.53659e+000,-4.20732e+000,-6.09756e+000
3.60876e-005,-2.76951e-005,-1.04980e-001,2.30957e-001,1.22852e+000,-1.00000e+001,-3.04878e-001,-4.45122e+000
2.53452e-005,-2.76951e-005,-1.47949e-001,2.70020e-001,1.30713e+000,-1.15244e+001,2.43902e-001,-3.78049e+000
-1.00710e-006,-2.23239e-005,-1.68457e-001,2.87109e-001,1.35303e+000,-1.45732e+001,2.19512e+000,-1.82927e+000
-1.29244e-005,-9.39956e-006,-1.94824e-001,3.21289e-001,1.43945e+000,-1.59756e+001,4.45122e+000,-3.65854e-001
-8.39246e-007,-5.03548e-007,-2.01172e-001,3.32031e-001,1.46875e+000,-1.98780e+001,1.23780e+001,4.39024e+000
8.39246e-006,-1.51064e-006,-1.74805e-001,3.37891e-001,1.50000e+000,-2.18902e+001,1.64634e+001,7.92683e+000
-2.33310e-005,8.39246e-006,-1.32813e-001,3.26660e-001,1.49023e+000,-2.58537e+001,2.45122e+001,1.71951e+001
-4.09552e-005,1.93027e-005,2.44141e-003,2.68066e-001,1.46436e+000,-2.71341e+001,2.93293e+001,2.30488e+001
-4.04517e-005,3.07164e-005,6.54297e-002,2.22168e-001,1.45068e+000,-2.71341e+001,4.01829e+001,3.55488e+001
-4.31373e-005,4.16266e-005,1.59180e-001,1.42578e-001,1.43311e+000,-2.33537e+001,5.13415e+001,4.64024e+001
-3.84375e-005,3.97803e-005,1.84082e-001,1.01563e-001,1.44141e+000,-1.92073e+001,5.38415e+001,4.86585e+001
-3.70947e-005,3.49126e-005,2.37793e-001,1.01563e-001,1.50293e+000,-9.87805e+000,4.79268e+001,5.09756e+001
-4.78370e-005,4.59907e-005,2.45605e-001,1.35254e-001,1.52344e+000,-4.39024e+000,3.94512e+001,4.95122e+001
-6.00900e-005,5.62295e-005,1.35742e-001,1.77734e-001,1.42920e+000,8.29268e+000,1.69512e+001,4.09146e+001
-5.48867e-005,6.24399e-005,3.61328e-002,1.47461e-001,1.31348e+000,1.43293e+001,7.25610e+000,3.52439e+001
-2.53452e-005,6.96574e-005,-1.52344e-001,-4.19922e-002,1.03125e+000,2.25000e+001,-4.14634e+000,2.50610e+001
-9.56741e-006,6.68040e-005,-2.16309e-001,-1.70410e-001,9.13574e-001,2.27439e+001,-6.95122e+000,2.22561e+001
3.69268e-006,6.27756e-005,-3.05664e-001,-3.62305e-001,7.92480e-001,1.81707e+001,-1.21341e+001,2.15854e+001
1.52743e-005,5.89151e-005,-3.58887e-001,-3.83789e-001,7.84180e-001,1.39024e+001,-1.65244e+001,2.26829e+001
1.04067e-005,6.96574e-005,-4.85352e-001,-3.12012e-001,8.70605e-001,5.42683e+000,-3.23171e+001,2.37195e+001
6.21042e-006,6.22721e-005,-5.26367e-001,-2.47070e-001,9.26758e-001,2.13415e+000,-4.14024e+001,2.52439e+001
-8.39246e-007,3.67590e-005,-5.16113e-001,-1.44043e-001,9.44336e-001,-2.92683e+000,-5.31707e+001,3.07317e+001
-3.52483e-006,4.64942e-005,-3.68652e-001,-1.07910e-001,9.01367e-001,-4.45122e+000,-5.58537e+001,3.35366e+001
-8.56031e-006,4.75013e-005,-2.71484e-001,-1.12793e-001,8.92090e-001,-6.64634e+000,-5.81707e+001,3.62805e+001
-2.06455e-005,5.16976e-005,-1.04004e-001,-1.17676e-001,9.04297e-001,-6.64634e+000,-5.85366e+001,3.62195e+001
-2.16526e-005,4.34730e-005,-4.88281e-002,-1.09375e-001,9.05273e-001,-4.26829e+000,-5.78049e+001,3.32317e+001
-2.03098e-005,2.80308e-005,6.83594e-003,-7.47070e-002,8.81348e-001,-1.70732e+000,-5.66463e+001,3.10976e+001
-1.91348e-005,-1.32601e-005,4.88281e-004,-5.07813e-002,8.64258e-001,2.31707e+000,-5.53049e+001,2.61585e+001
-1.00710e-005,-1.35958e-005,-2.44141e-002,-1.56250e-002,8.68652e-001,4.02439e+000,-5.50610e+001,2.37195e+001
-1.05745e-005,6.83146e-005,-4.24805e-002,-9.76563e-003,8.76465e-001,7.56098e+000,-5.45732e+001,2.16463e+001
-1.12459e-005,1.50225e-004,-8.30078e-002,-4.88281e-004,8.62793e-001,1.18293e+001,-5.37805e+001,2.00000e+001
-4.36408e-006,6.14328e-005,-1.13281e-001,9.27734e-003,8.46680e-001,1.35976e+001,-5.29268e+001,1.91463e+001
-1.86313e-005,-2.29953e-005,-1.59668e-001,7.32422e-003,8.20801e-001,1.59146e+001,-5.07317e+001,1.67073e+001
-4.98512e-005,5.08583e-005,-1.65039e-001,4.39453e-003,8.12500e-001,1.60366e+001,-4.91463e+001,1.51829e+001
-7.16716e-005,4.11231e-005,-1.48926e-001,-4.88281e-003,8.31055e-001,1.68293e+001,-4.42683e+001,1.42073e+001
-6.46220e-005,1.37636e-005,-1.26953e-001,-5.85938e-003,8.46680e-001,1.74390e+001,-4.04878e+001,1.40854e+001
-6.27756e-005,4.38087e-005,-4.93164e-002,-4.39453e-003,8.82813e-001,1.68902e+001,-3.18902e+001,1.64024e+001
-4.85084e-005,5.11940e-005,-8.30078e-003,-3.90625e-003,9.04785e-001,1.65244e+001,-2.68902e+001,1.76829e+001
2.13169e-005,2.92058e-005,7.56836e-002,-4.39453e-003,9.56055e-001,1.65244e+001,-1.73171e+001,1.92683e+001
7.30144e-005,-1.71206e-005,1.16211e-001,-2.92969e-003,9.75098e-001,1.65854e+001,-1.24390e+001,1.95732e+001
5.38796e-005,-4.85084e-005,1.69922e-001,6.83594e-003,1.01221e+000,1.69512e+001,-3.59756e+000,2.04268e+001
2.50095e-005,-5.57259e-005,1.82129e-001,1.12305e-002,1.02490e+000,1.74390e+001,1.82927e-001,2.00610e+001
2.18204e-006,-1.12627e-004,1.85547e-001,2.05078e-002,1.03711e+000,1.82317e+001,7.56098e+000,1.90854e+001
-6.04257e-006,-1.65667e-004,1.58203e-001,2.83203e-002,1.03711e+000,1.84756e+001,1.03049e+001,1.84756e+001
-7.55322e-006,-9.21492e-005,1.35742e-001,3.27148e-002,1.03467e+000,1.77439e+001,1.36585e+001,1.68293e+001
-8.89601e-006,5.15297e-005,7.08008e-002,3.61328e-002,1.01758e+000,1.71951e+001,1.46951e+001,1.60366e+001
3.69268e-006,1.55932e-004,3.95508e-002,3.56445e-002,1.00244e+000,1.48171e+001,1.58537e+001,1.47561e+001
1.71206e-005,1.47707e-004,0.00000e+000,2.88086e-002,9.95117e-001,1.35976e+001,1.59756e+001,1.37195e+001
3.32342e-005,-7.53643e-005,-1.17188e-002,2.58789e-002,9.94629e-001,1.12805e+001,1.65244e+001,1.27439e+001
3.34020e-005,-2.53620e-004,-1.17188e-002,3.12500e-002,9.87793e-001,1.03659e+001,1.78659e+001,1.21951e+001
8.22461e-006,-3.54162e-005,-1.12305e-002,3.41797e-002,9.90234e-001,7.43902e+000,1.93902e+001,1.16463e+001
-7.55322e-006,-6.88182e-006,2.92969e-003,4.54102e-002,1.00635e+000,3.90244e+000,2.03049e+001,1.18293e+001
-1.51064e-006,-9.98703e-005,-9.76563e-004,5.32227e-002,1.01855e+000,2.19512e+000,2.01829e+001,1.12805e+001
2.19883e-005,-8.72816e-006,-3.90625e-003,6.20117e-002,1.03809e+000,-1.15854e+000,1.82317e+001,1.00610e+001
2.65202e-005,1.10277e-004,-1.07422e-002,6.59180e-002,1.04834e+000,-2.68293e+000,1.63415e+001,8.47561e+000
-5.87472e-006,1.49722e-004,-5.02930e-002,6.25000e-002,1.05420e+000,-4.75610e+000,1.12195e+001,4.51220e+000
7.21752e-006,2.15686e-004,-7.42188e-002,6.00586e-002,1.05029e+000,-5.97561e+000,8.23171e+000,2.50000e+000
1.43175e-004,1.99573e-004,-1.17188e-001,5.02930e-002,1.02686e+000,-8.29268e+000,1.03659e+000,-1.28049e+000
2.70909e-004,-3.12200e-005,-1.35742e-001,5.02930e-002,1.01709e+000,-1.00610e+001,-2.80488e+000,-3.29268e+000
3.57855e-004,-3.29320e-004,-1.65039e-001,4.00391e-002,9.89746e-001,-1.28659e+001,-1.04268e+001,-7.07317e+000
3.86725e-004,-1.01549e-004,-1.72852e-001,3.66211e-002,9.80957e-001,-1.47561e+001,-1.34756e+001,-8.53659e+000
2.35157e-004,8.37568e-005,-1.73828e-001,2.58789e-002,9.95605e-001,-1.68902e+001,-1.89634e+001,-1.07317e+001
-2.85344e-006,-3.50805e-005,-1.67480e-001,2.09961e-002,1.00195e+000,-1.77439e+001,-2.23780e+001,-1.23780e+001
-2.06958e-004,-1.38476e-004,-1.60156e-001,1.66016e-002,1.00928e+000,-1.77439e+001,-2.85366e+001,-1.48171e+001
-4.57725e-004,-1.28069e-004,-1.49414e-001,2.00195e-002,1.03223e+000,-1.75610e+001,-3.10366e+001,-1.56707e+001
-6.45716e-004,-8.44282e-005,-1.33789e-001,2.78320e-002,1.03271e+000,-1.76220e+001,-3.54878e+001,-1.68902e+001
-6.13153e-004,-4.53193e-005,-9.81445e-002,3.46680e-002,1.03418e+000,-1.75000e+001,-3.64634e+001,-1.79268e+001
-4.49668e-004,-1.01717e-004,-8.30078e-002,3.95508e-002,1.03369e+000,-1.78659e+001,-3.82317e+001,-2.02439e+001
-2.31800e-004,-2.03098e-005,-5.51758e-002,3.71094e-002,1.02637e+000,-1.74390e+001,-3.90244e+001,-2.18902e+001
-1.87991e-005,1.49218e-004,-4.34570e-002,3.02734e-002,1.01025e+000,-1.72561e+001,-4.02439e+001,-2.50610e+001
3.28985e-004,2.81819e-004,-3.07617e-002,2.92969e-002,9.80957e-001,-1.72561e+001,-4.07927e+001,-2.65854e+001
8.73655e-004,2.28443e-004,-2.53906e-002,1.95313e-002,1.00928e+000,-1.79878e+001,-4.03049e+001,-2.87195e+001
8.54185e-004,2.73594e-005,-3.17383e-002,-5.37109e-003,1.00879e+000,-1.77439e+001,-3.54268e+001,-2.88415e+001
5.69177e-004,-1.82956e-005,-3.41797e-002,-1.70898e-002,9.85352e-001,-1.82317e+001,-3.36585e+001,-2.79878e+001
3.01961e-004,-4.61585e-005,-1.80664e-002,-4.24805e-002,9.76074e-001,-1.79878e+001,-3.16463e+001,-2.82317e+001
-1.50561e-004,5.48867e-005,-1.07422e-002,-5.71289e-002,9.63867e-001,-1.64024e+001,-2.99390e+001,-2.94512e+001
-6.97078e-004,2.71077e-004,-2.44141e-003,-6.20117e-002,9.29688e-001,-1.31098e+001,-2.40854e+001,-3.18293e+001
-1.09186e-003,2.78462e-004,-1.02539e-002,-6.15234e-002,9.16504e-001,-1.21341e+001,-2.05488e+001,-3.23171e+001
-1.15866e-003,-1.81613e-004,-1.70898e-002,-5.46875e-002,9.50195e-001,-1.13415e+001,-1.42683e+001,-3.27439e+001
-7.84695e-004,-3.51308e-004,-7.32422e-003,-4.93164e-002,9.80957e-001,-1.07927e+001,-1.11585e+001,-3.20732e+001
-3.32174e-004,-1.47539e-004,-9.76563e-004,-3.61328e-002,1.06396e+000,-1.10366e+001,-7.07317e+000,-2.95732e+001
9.56741e-006,-2.94240e-004,4.88281e-004,-2.78320e-002,1.10693e+000,-1.09756e+001,-4.32927e+000,-2.79878e+001
1.39315e-004,-3.62722e-004,2.63672e-002,-6.34766e-003,1.17139e+000,-1.18293e+001,9.14634e-001,-2.39634e+001
1.52071e-004,-1.57107e-004,4.00391e-002,5.37109e-003,1.17822e+000,-1.21951e+001,3.65854e+000,-2.25610e+001
5.52224e-005,9.56741e-006,9.61914e-002,2.29492e-002,1.16260e+000,-1.30488e+001,8.71951e+000,-2.06707e+001
-8.40925e-005,6.56291e-005,1.51855e-001,2.44141e-002,1.14014e+000,-1.29878e+001,1.18293e+001,-2.03659e+001
-9.14778e-005,-7.55322e-006,1.75293e-001,2.63672e-002,1.12891e+000,-1.17073e+001,1.95122e+001,-2.08537e+001
-6.37827e-006,-7.15038e-005,1.92871e-001,2.49023e-002,1.12354e+000,-1.10366e+001,2.36585e+001,-2.15244e+001
1.00542e-004,-1.83627e-004,1.91895e-001,2.78320e-002,1.13623e+000,-8.71951e+000,3.15244e+001,-2.36585e+001
1.63653e-004,1.83459e-004,1.80664e-001,3.07617e-002,1.19434e+000,-7.92683e+000,3.44512e+001,-2.49390e+001
2.35492e-004,6.25406e-004,1.60156e-001,3.41797e-002,1.22559e+000,-5.24390e+000,3.90244e+001,-2.75000e+001
4.60746e-004,2.85679e-004,1.09863e-001,2.53906e-002,1.23682e+000,-3.41463e+000,4.04268e+001,-2.77439e+001
4.93141e-004,-1.11284e-004,8.54492e-002,2.19727e-002,1.19824e+000,1.21951e+000,4.15244e+001,-2.76829e+001
3.25292e-004,-1.31762e-004,3.85742e-002,6.83594e-003,1.13232e+000,6.34146e+000,4.36585e+001,-2.57927e+001
1.53918e-004,-2.19883e-005,2.00195e-002,-7.81250e-003,1.09277e+000,9.08537e+000,4.41463e+001,-2.48780e+001
-1.00542e-004,1.54421e-005,2.44141e-003,-4.24805e-002,9.95605e-001,1.49390e+001,4.21341e+001,-2.23780e+001
-2.34150e-004,1.54589e-004,-7.81250e-003,-6.54297e-002,9.24316e-001,1.77439e+001,4.10366e+001,-2.07927e+001
-1.54589e-004,3.44762e-004,-2.83203e-002,-1.30859e-001,7.44141e-001,2.17073e+001,3.76220e+001,-1.60976e+001
1.15312e-004,3.59533e-004,-4.29688e-002,-1.83105e-001,6.44043e-001,2.25000e+001,3.62805e+001,-1.28049e+001
2.20386e-004,2.71077e-004,-6.59180e-002,-3.12500e-001,4.04297e-001,2.31098e+001,3.46951e+001,-4.75610e+000
1.98901e-004,1.64660e-004,-6.88477e-002,-3.64746e-001,2.98340e-001,2.29878e+001,3.38415e+001,-1.40244e+000
1.80438e-004,1.46029e-005,-6.34766e-002,-3.60352e-001,2.46582e-001,2.04878e+001,3.03049e+001,-2.86585e+000
1.53414e-004,-1.16152e-004,-5.07813e-002,-2.97363e-001,3.11035e-001,1.85976e+001,2.89024e+001,-8.71951e+000
-9.78561e-005,-3.23949e-004,-3.36914e-002,-9.81445e-002,5.36133e-001,1.39024e+001,2.89024e+001,-2.48780e+001
-5.13619e-004,-3.90921e-004,-4.19922e-002,1.12305e-002,6.55762e-001,1.22561e+001,2.94512e+001,-3.02439e+001
-6.47059e-004,-3.24788e-004,-7.37305e-002,2.08496e-001,8.17383e-001,1.01829e+001,2.82317e+001,-3.16463e+001
-6.80125e-004,-2.61341e-004,-8.74023e-002,3.44727e-001,8.80859e-001,1.06707e+001,2.59146e+001,-2.78659e+001
-6.43366e-004,6.54612e-006,-8.93555e-002,3.94043e-001,8.93066e-001,1.19512e+001,1.70732e+001,-1.82317e+001
-3.49798e-004,4.28519e-004,-1.16699e-001,4.19922e-001,8.95020e-001,1.20732e+001,1.14024e+001,-1.48780e+001
-8.61067e-005,1.72213e-004,-1.49902e-001,3.95508e-001,9.03320e-001,1.07927e+001,-9.14634e-001,-1.30488e+001
1.38811e-004,-1.99573e-004,-2.28516e-001,2.80273e-001,9.25293e-001,8.84146e+000,-7.80488e+000,-1.30488e+001
2.13840e-004,-7.08324e-005,-2.36816e-001,2.02148e-001,9.41895e-001,2.98780e+000,-2.17683e+001,-1.24390e+001
2.07294e-004,1.91348e-005,-1.82129e-001,3.90625e-002,9.69238e-001,3.65854e-001,-2.71341e+001,-1.21951e+001
2.14343e-004,-1.84802e-004,-1.35254e-001,-3.71094e-002,9.73145e-001,-4.45122e+000,-3.60366e+001,-1.20122e+001
1.33944e-004,-2.57984e-004,-1.80664e-002,-1.57715e-001,9.84863e-001,-6.70732e+000,-4.03049e+001,-1.18902e+001
5.05226e-005,2.66880e-005,4.44336e-002,-1.98730e-001,9.87305e-001,-7.13415e+000,-4.00610e+001,-1.18293e+001
1.91348e-005,9.78561e-005,1.71387e-001,-2.41699e-001,9.84863e-001,-6.09756e+000,-3.58537e+001,-9.57317e+000
5.89151e-005,1.19173e-005,2.19727e-001,-2.44141e-001,9.75098e-001,-4.81707e+000,-3.26220e+001,-8.23171e+000
1.51904e-004,1.85809e-004,2.78809e-001,-2.07520e-001,9.61426e-001,-2.01220e+000,-2.45732e+001,-5.85366e+000
2.36164e-004,2.14679e-004,2.75391e-001,-1.73340e-001,9.57031e-001,-3.65854e-001,-2.02439e+001,-4.45122e+000
2.23072e-004,6.54612e-006,2.11914e-001,-8.39844e-002,9.79980e-001,2.13415e+000,-1.31098e+001,-3.23171e+000
2.36164e-004,-5.82437e-005,1.63574e-001,-3.32031e-002,9.90234e-001,3.35366e+000,-9.39024e+000,-3.17073e+000
3.92599e-004,2.21561e-005,5.76172e-002,5.61523e-002,1.00439e+000,5.12195e+000,-3.53659e+000,-3.96341e+000
4.82231e-004,6.19364e-005,1.02539e-002,9.03320e-002,1.00879e+000,6.34146e+000,-1.28049e+000,-4.51220e+000
3.80850e-004,-8.35889e-005,-5.76172e-002,1.42090e-001,9.97559e-001,7.50000e+000,2.01220e+000,-6.03659e+000
1.95712e-004,2.66880e-005,-8.69141e-002,1.54297e-001,9.81445e-001,7.74390e+000,3.23171e+000,-6.52439e+000
-7.26787e-005,6.36149e-005,-1.06934e-001,1.43555e-001,9.35547e-001,8.17073e+000,3.96341e+000,-6.58537e+000
-2.46403e-004,3.86053e-006,-8.93555e-002,1.04492e-001,8.96973e-001,8.17073e+000,3.17073e+000,-5.36585e+000
-2.18036e-004,8.62745e-005,-7.61719e-002,7.81250e-002,8.71094e-001,9.14634e+000,3.41463e+000,-3.53659e+000
-2.02930e-004,1.28405e-004,-2.88086e-002,-1.95313e-003,7.29492e-001,9.63415e+000,3.78049e+000,-1.89024e+000
-2.37842e-004,4.48157e-005,-1.17188e-002,-4.24805e-002,6.04492e-001,1.31707e+001,4.02439e+000,1.28049e+000
-2.38682e-004,-3.30663e-005,7.32422e-003,-1.18652e-001,3.47168e-001,1.55488e+001,2.19512e+000,2.19512e+000
-8.97993e-005,-8.09033e-005,3.41797e-003,-1.49414e-001,2.59277e-001,2.18902e+001,-2.07317e+000,1.21951e+000
-9.83597e-005,-9.14778e-005,-3.56445e-002,-1.93359e-001,1.63574e-001,2.45122e+001,-5.06098e+000,-1.82927e-001
-2.07630e-004,-7.57000e-005,-7.81250e-002,-2.09473e-001,1.51367e-001,2.94512e+001,-1.12805e+001,-2.80488e+000
-2.10987e-004,3.60876e-005,-1.81152e-001,-2.11914e-001,1.46973e-001,3.21951e+001,-1.82927e+001,-4.63415e+000
-1.22530e-004,1.02388e-005,-2.27051e-001,-2.03613e-001,1.39648e-001,3.34146e+001,-2.18902e+001,-5.36585e+000
1.96551e-004,-1.31762e-004,-3.19824e-001,-1.70898e-001,1.01074e-001,3.39024e+001,-2.93902e+001,-4.93902e+000
4.27848e-004,-4.53193e-006,-3.52051e-001,-1.44531e-001,7.12891e-002,3.36585e+001,-3.31098e+001,-4.69512e+000
3.53323e-004,-4.29694e-005,-3.99902e-001,-1.01074e-001,5.02930e-002,3.00000e+001,-3.98171e+001,-4.81707e+000
2.53620e-004,-2.49592e-004,-4.16504e-001,-8.10547e-002,9.27734e-002,2.75000e+001,-4.25610e+001,-5.06098e+000
1.54757e-004,-1.42168e-004,-4.28711e-001,-3.41797e-002,2.51953e-001,2.22561e+001,-4.48171e+001,-6.09756e+000
2.61845e-005,1.94202e-004,-4.23340e-001,-1.56250e-002,3.54004e-001,1.88415e+001,-4.49390e+001,-6.34146e+000
-2.46571e-004,3.23949e-004,-3.76465e-001,1.70898e-002,5.41992e-001,1.27439e+001,-4.29268e+001,-6.64634e+000
-4.93309e-004,2.61677e-004,-3.21289e-001,3.36914e-002,6.14746e-001,1.02439e+001,-4.21341e+001,-6.89024e+000
-5.08080e-004,9.58419e-005,-1.84082e-001,6.25000e-002,7.13867e-001,5.24390e+000,-4.06707e+001,-8.23171e+000
-3.56680e-004,-5.01869e-005,-1.12793e-001,7.81250e-002,7.35840e-001,2.50000e+000,-4.05488e+001,-8.78049e+000
-1.11116e-004,-7.73785e-005,1.36719e-002,1.01074e-001,7.79297e-001,-3.10976e+000,-3.85976e+001,-9.45122e+000
6.37827e-006,2.36667e-005,1.12305e-001,1.17188e-001,8.43750e-001,-6.52439e+000,-3.66463e+001,-9.39024e+000
-2.76951e-005,3.20592e-005,1.45996e-001,1.20605e-001,8.72559e-001,-1.12195e+001,-3.19512e+001,-8.10976e+000
-1.37636e-005,-2.45060e-005,1.92383e-001,1.28418e-001,9.11621e-001,-1.23171e+001,-2.98171e+001,-7.25610e+000
-1.42504e-004,-8.56031e-005,2.01660e-001,1.38672e-001,9.36523e-001,-1.35366e+001,-2.71951e+001,-5.24390e+000
-1.82452e-004,-1.57275e-004,1.78223e-001,1.58203e-001,1.01416e+000,-1.35976e+001,-2.50000e+001,-4.63415e+000
-8.64424e-005,-1.68856e-004,1.54297e-001,1.68945e-001,1.05566e+000,-1.28659e+001,-1.92683e+001,-3.96341e+000
4.33051e-005,-2.44556e-004,1.07910e-001,1.73828e-001,1.11816e+000,-1.18293e+001,-1.56098e+001,-4.02439e+000
1.59625e-004,-2.27100e-004,8.39844e-002,1.84082e-001,1.16211e+000,-9.20732e+000,-8.41463e+000,-4.51220e+000
1.80438e-004,-7.80499e-005,3.61328e-002,2.09473e-001,1.24854e+000,-7.98780e+000,-2.07317e+000,-4.14634e+000
1.62310e-004,2.31632e-005,2.09961e-002,2.31445e-001,1.31396e+000,-9.45122e+000,1.46341e+000,-2.86585e+000
1.62982e-004,-7.80499e-005,-4.39453e-003,2.59277e-001,1.47607e+000,-1.32317e+001,9.75610e+000,2.62195e+000
1.45190e-004,-2.50095e-005,-4.88281e-003,2.68066e-001,1.53760e+000,-1.53659e+001,1.41463e+001,7.13415e+000
1.48882e-004,4.46479e-005,3.27148e-002,2.65137e-001,1.59521e+000,-1.91463e+001,2.29878e+001,1.79878e+001
1.54925e-004,-3.84375e-005,7.27539e-002,2.54883e-001,1.58447e+000,-2.01829e+001,2.83537e+001,2.37195e+001
1.76410e-004,-3.91089e-005,1.61621e-001,2.05566e-001,1.52100e+000,-2.11585e+001,4.14634e+001,3.46951e+001
1.20348e-004,4.19623e-006,2.24121e-001,1.69434e-001,1.48242e+000,-2.15244e+001,4.98171e+001,4.12195e+001
-5.95865e-005,-2.06455e-005,3.91113e-001,5.76172e-002,1.44336e+000,-2.07927e+001,7.07317e+001,5.74390e+001
-1.00206e-004,9.41634e-005,4.63867e-001,2.92969e-003,1.41455e+000,-1.96951e+001,8.21341e+001,6.58537e+001
-1.55596e-004,2.78798e-004,5.53711e-001,-5.71289e-002,1.43604e+000,-1.51220e+001,1.00427e+002,7.76220e+001
-1.59625e-004,2.48249e-004,5.12695e-001,-2.14844e-002,1.48389e+000,-1.06098e+001,1.01646e+002,7.93293e+001
5.05226e-005,1.67681e-004,2.73438e-001,1.06934e-001,1.66064e+000,-5.48781e-001,7.56707e+001,7.29878e+001
3.28481e-004,-7.46929e-005,-9.96094e-002,2.01660e-001,1.55225e+000,9.69512e+000,5.23171e+001,6.34756e+001
4.32044e-004,-1.07591e-004,-2.86621e-001,2.05078e-001,1.36963e+000,3.04878e+001,9.81707e+000,4.25000e+001
2.25086e-004,1.43175e-004,-4.99023e-001,3.56445e-002,1.03516e+000,3.48780e+001,-3.53659e+000,3.64024e+001
-9.75204e-005,1.33272e-004,-5.31738e-001,-1.02539e-001,9.07715e-001,3.29878e+001,-1.89024e+001,3.44512e+001
-4.47318e-004,7.04967e-005,-5.39551e-001,-3.06641e-001,8.19336e-001,2.78049e+001,-2.48780e+001,3.57317e+001
-6.79454e-004,4.78370e-005,-5.88379e-001,-3.45215e-001,8.30078e-001,1.70122e+001,-3.99390e+001,3.48171e+001
-6.38331e-004,-5.58938e-005,-6.82129e-001,-3.38867e-001,8.24707e-001,1.32317e+001,-4.76220e+001,3.47561e+001
-3.96796e-004,-1.68688e-004,-6.67969e-001,-3.23730e-001,7.89063e-001,8.78049e+000,-5.51829e+001,4.00000e+001
-2.03601e-004,-2.22065e-004,-5.29785e-001,-2.78809e-001,6.69922e-001,5.85366e+000,-5.09756e+001,4.84146e+001
-9.61776e-005,-1.69024e-004,-4.34570e-001,-2.59277e-001,6.15234e-001,4.69512e+000,-4.63415e+001,5.07317e+001
1.20851e-005,-5.55581e-005,-2.56348e-001,-2.07031e-001,5.66406e-001,3.78049e+000,-3.61585e+001,5.04268e+001
5.62295e-005,-6.21042e-006,-1.74805e-001,-1.74805e-001,5.70801e-001,4.69512e+000,-3.06098e+001,4.89024e+001
9.03029e-005,-1.42672e-005,-4.05273e-002,-8.59375e-002,5.99121e-001,6.70732e+000,-2.08537e+001,4.42683e+001
1.11284e-004,-3.32342e-005,5.37109e-003,-3.56445e-002,6.29883e-001,7.86585e+000,-1.68293e+001,4.14024e+001
4.11231e-005,-1.05913e-004,4.49219e-002,5.46875e-002,7.44629e-001,9.63415e+000,-1.15244e+001,3.50000e+001
-3.12200e-005,-2.43214e-004,4.68750e-002,8.39844e-002,8.06641e-001,1.03659e+001,-1.09756e+001,3.18293e+001
2.19883e-005,-3.23781e-004,3.85742e-002,1.22070e-001,8.90137e-001,1.42683e+001,-1.17683e+001,2.68902e+001
3.12200e-005,-1.32601e-004,2.49023e-002,1.25977e-001,9.00391e-001,1.62195e+001,-1.26829e+001,2.40854e+001
-4.12909e-005,6.69719e-005,-2.34375e-002,1.16699e-001,9.15527e-001,1.97561e+001,-1.51220e+001,1.54878e+001
5.08583e-005,4.91798e-005,-4.93164e-002,9.91211e-002,9.11133e-001,2.10366e+001,-1.62195e+001,1.14634e+001
2.48920e-004,4.48157e-005,-9.71680e-002,5.32227e-002,8.82324e-001,2.37195e+001,-1.81707e+001,5.00000e+000
3.25963e-004,-1.05745e-005,-1.30371e-001,1.26953e-002,8.60840e-001,2.43293e+001,-1.82927e+001,1.76829e+000
2.37842e-004,-6.46220e-005,-1.48438e-001,-9.27734e-003,8.63770e-001,2.36585e+001,-1.94512e+001,-2.43902e+000
1.66171e-005,-8.76173e-005,-1.48438e-001,-3.56445e-002,8.71582e-001,2.30488e+001,-1.91463e+001,-3.53659e+000
-2.41535e-004,-8.14069e-005,-1.33301e-001,-3.85742e-002,8.90625e-001,2.10976e+001,-1.78049e+001,-3.53659e+000
-3.57351e-004,5.69009e-005,-8.05664e-002,-3.66211e-002,9.36035e-001,2.03049e+001,-1.67683e+001,-2.62195e+000
-3.22942e-004,1.40154e-004,-4.78516e-002,-3.07617e-002,9.58496e-001,1.87195e+001,-1.31098e+001,3.65854e-001
-1.35790e-004,-1.19173e-005,1.75781e-002,-4.88281e-003,1.00928e+000,1.80488e+001,-1.06098e+001,2.37805e+000
6.63004e-005,6.99931e-005,4.78516e-002,1.51367e-002,1.02930e+000,1.69512e+001,-4.69512e+000,6.03659e+000
1.08598e-004,1.79095e-004,9.76563e-002,4.63867e-002,1.05518e+000,1.69512e+001,2.68293e+000,9.45122e+000
1.09606e-004,4.98512e-005,1.17676e-001,6.29883e-002,1.06836e+000,1.71951e+001,6.95122e+000,1.07927e+001
1.21859e-004,-4.81727e-005,1.55273e-001,7.86133e-002,1.07178e+000,1.77439e+001,1.61585e+001,1.34146e+001
1.10948e-004,-3.40734e-005,1.69434e-001,8.05664e-002,1.07422e+000,1.77439e+001,2.08537e+001,1.40244e+001
1.26558e-004,-1.66171e-005,1.95313e-001,8.05664e-002,1.07227e+000,1.75000e+001,3.07317e+001,1.49390e+001
9.71847e-005,-7.21752e-006,2.00684e-001,7.95898e-002,1.07227e+000,1.78659e+001,3.56098e+001,1.49390e+001
2.93736e-005,-1.35958e-005,1.95313e-001,7.12891e-002,1.07666e+000,1.78659e+001,4.42683e+001,1.39634e+001
2.16526e-005,-9.06386e-006,1.86035e-001,7.22656e-002,1.07666e+000,1.73171e+001,4.76220e+001,1.32317e+001
2.23239e-005,-9.90310e-006,1.55762e-001,6.78711e-002,1.07861e+000,1.58537e+001,5.18902e+001,1.18293e+001
2.53452e-005,1.19173e-005,1.36719e-001,6.54297e-002,1.08154e+000,1.46341e+001,5.28049e+001,1.10366e+001
1.57778e-005,4.17945e-005,7.32422e-002,6.98242e-002,1.07324e+000,1.17683e+001,5.35366e+001,9.02439e+000
4.44800e-005,6.54612e-006,4.24805e-002,6.64063e-002,1.06445e+000,9.63415e+000,5.26829e+001,7.74390e+000
9.28206e-005,-2.80308e-005,-1.95313e-002,6.59180e-002,1.04736e+000,6.76829e+000,4.98171e+001,4.81707e+000
4.14588e-005,-3.65911e-005,-9.52148e-002,6.44531e-002,1.01123e+000,4.75610e+000,4.75000e+001,2.80488e+000
-3.03807e-005,-2.97093e-005,-1.41113e-001,6.93359e-002,1.00342e+000,1.46341e+000,4.30488e+001,-6.09756e-002
-9.23171e-005,-3.94446e-005,-2.21191e-001,7.08008e-002,1.00293e+000,-5.48781e-001,3.90244e+001,-1.70732e+000
-1.37469e-004,-4.64942e-005,-2.48047e-001,6.93359e-002,1.00781e+000,-3.71951e+000,2.75000e+001,-4.81707e+000
-1.07088e-004,-4.61585e-005,-2.83691e-001,6.93359e-002,1.00879e+000,-5.48780e+000,2.17683e+001,-6.76829e+000
-4.24659e-005,-2.29953e-005,-2.86621e-001,6.10352e-002,9.91211e-001,-8.04878e+000,1.26829e+001,-9.87805e+000
-2.03098e-005,-3.18914e-006,-2.76855e-001,4.49219e-002,9.45313e-001,-9.32927e+000,8.84146e+000,-1.20732e+001
-2.06455e-005,4.16266e-005,-2.72461e-001,3.71094e-002,9.26758e-001,-1.03659e+001,1.28049e+000,-1.78049e+001
-6.21042e-006,7.97284e-005,-2.76855e-001,3.36914e-002,9.35059e-001,-1.12805e+001,-8.84146e+000,-2.40854e+001
-3.52483e-006,2.03098e-005,-2.89063e-001,3.46680e-002,9.48242e-001,-1.11585e+001,-1.28659e+001,-2.62195e+001
4.01160e-005,-2.16526e-005,-2.72461e-001,5.12695e-002,9.74609e-001,-1.09146e+001,-2.08537e+001,-2.76220e+001
2.85344e-005,-9.73526e-006,-2.54883e-001,5.51758e-002,9.70215e-001,-1.06098e+001,-2.45732e+001,-2.79878e+001
-2.85344e-005,2.71916e-005,-2.11426e-001,6.64063e-002,9.56055e-001,-1.11585e+001,-3.01220e+001,-2.90244e+001
-8.92958e-005,1.35958e-005,-1.87012e-001,5.90820e-002,9.59473e-001,-1.12195e+001,-3.23171e+001,-3.02439e+001
-8.56031e-005,-3.02129e-006,-1.47461e-001,3.95508e-002,9.70215e-001,-9.75610e+000,-3.62805e+001,-3.40244e+001
-3.34020e-005,-1.98062e-005,-1.42090e-001,3.12500e-002,9.77539e-001,-8.78049e+000,-3.75610e+001,-3.56707e+001
4.11231e-005,-4.38087e-005,-1.33789e-001,2.92969e-002,9.75586e-001,-7.13415e+000,-4.06098e+001,-3.85976e+001
-7.36858e-005,-4.04517e-005,-1.29395e-001,2.53906e-002,1.00195e+000,-7.19512e+000,-4.21341e+001,-3.99390e+001
-2.13001e-004,-2.16526e-005,-1.39648e-001,1.46484e-003,1.02783e+000,-6.52439e+000,-4.39634e+001,-3.97561e+001
-1.84802e-004,-3.27306e-005,-1.32813e-001,-2.92969e-003,9.97559e-001,-5.79268e+000,-4.49390e+001,-3.90854e+001
-1.43175e-004,-2.73594e-005,-1.10352e-001,-6.34766e-003,9.21387e-001,-6.15854e+000,-4.63415e+001,-3.90244e+001
-1.25383e-004,1.72885e-005,-8.15430e-002,-2.00195e-002,8.86719e-001,-5.54878e+000,-4.57927e+001,-3.99390e+001
-3.40734e-005,7.77142e-005,-6.59180e-002,-2.83203e-002,8.78906e-001,-3.47561e+000,-4.09146e+001,-4.20122e+001
1.35454e-004,3.87732e-005,-3.27148e-002,-4.05273e-002,9.13086e-001,-2.62195e+000,-3.67683e+001,-4.27439e+001
1.56268e-004,-1.62814e-005,-1.75781e-002,-4.24805e-002,9.41895e-001,-1.15854e+000,-2.78049e+001,-4.20122e+001
1.12459e-004,-4.22980e-005,3.51563e-002,-3.41797e-002,1.02002e+000,-4.26829e-001,-2.26220e+001,-4.07927e+001
6.52934e-005,-3.10521e-005,6.25000e-002,-2.68555e-002,1.06494e+000,-7.31707e-001,-1.40854e+001,-3.70732e+001
1.19173e-005,-1.51064e-005,1.14258e-001,-4.39453e-003,1.16113e+000,-1.58537e+000,-9.69512e+000,-3.46951e+001
1.24208e-005,-1.98062e-005,1.28418e-001,9.27734e-003,1.19385e+000,-3.41463e+000,-1.95122e+000,-3.04268e+001
3.74304e-005,-3.17235e-005,1.50879e-001,4.29688e-002,1.20801e+000,-4.14634e+000,4.39024e+000,-2.66463e+001
3.59197e-005,-5.70687e-006,1.73828e-001,5.51758e-002,1.19629e+000,-5.12195e+000,7.13415e+000,-2.57927e+001
-1.67849e-007,1.12459e-005,2.07031e-001,6.68945e-002,1.15771e+000,-4.57317e+000,1.45732e+001,-2.49390e+001
-5.35439e-005,2.36667e-005,2.21191e-001,6.73828e-002,1.13672e+000,-4.39024e+000,1.88415e+001,-2.50610e+001
-5.79080e-005,3.65911e-005,2.36328e-001,7.47070e-002,1.13281e+000,-3.23171e+000,2.80488e+001,-2.50000e+001
-1.10781e-005,2.98772e-005,2.27051e-001,7.47070e-002,1.15088e+000,-2.25610e+000,3.19512e+001,-2.50000e+001
9.56741e-006,2.63523e-005,1.81641e-001,8.30078e-002,1.19727e+000,-6.09756e-001,3.66463e+001,-2.56098e+001
-2.18204e-006,4.53193e-005,1.59180e-001,8.59375e-002,1.20947e+000,3.04878e-001,3.87805e+001,-2.57317e+001
-2.06455e-005,4.31373e-005,9.47266e-002,8.83789e-002,1.21924e+000,3.04878e-001,4.37195e+001,-2.51220e+001
-2.66880e-005,2.13169e-005,5.37109e-002,8.54492e-002,1.22070e+000,5.48781e-001,4.73171e+001,-2.45122e+001
-2.83665e-005,5.20333e-006,-3.90625e-003,6.88477e-002,1.18066e+000,3.59756e+000,5.22561e+001,-2.26829e+001
-3.20592e-005,2.63523e-005,-1.02539e-002,5.81055e-002,1.13574e+000,6.09756e+000,5.28659e+001,-2.20732e+001
-2.29953e-005,1.56100e-005,-4.98047e-002,3.95508e-002,1.06836e+000,1.01220e+001,5.27439e+001,-2.03659e+001
-8.22461e-006,4.53193e-006,-1.15723e-001,2.92969e-003,1.04932e+000,1.15244e+001,5.24390e+001,-1.92683e+001
4.19623e-006,-8.22461e-006,-1.40137e-001,-2.83203e-002,9.81445e-001,1.26220e+001,4.79878e+001,-1.49390e+001
7.55322e-006,-4.85084e-005,-1.52832e-001,-1.23535e-001,7.59766e-001,1.37805e+001,4.40854e+001,-1.14634e+001
-5.53903e-006,-4.81727e-005,-1.58691e-001,-1.79688e-001,6.49414e-001,1.65854e+001,3.87195e+001,-3.53659e+000
-1.32601e-005,-9.56741e-006,-2.18750e-001,-3.13965e-001,4.18945e-001,1.67683e+001,3.55488e+001,6.09756e-001
-2.29953e-005,2.73594e-005,-2.27539e-001,-3.71582e-001,3.11523e-001,1.75000e+001,2.84146e+001,9.14634e+000
-4.71656e-005,4.04517e-005,-1.91895e-001,-3.84766e-001,1.66016e-001,1.77439e+001,2.37805e+001,1.00000e+001
-8.76173e-005,2.60166e-005,-1.52344e-001,-3.26660e-001,1.78223e-001,1.60976e+001,1.51829e+001,3.04878e+000
-9.68490e-005,1.86313e-005,-9.52148e-002,-1.33789e-001,3.35938e-001,1.32927e+001,1.28049e+001,-1.30488e+001
-9.33242e-005,-7.55322e-006,-8.78906e-002,-2.19727e-002,4.61914e-001,1.17683e+001,1.39024e+001,-1.95732e+001
-8.14069e-005,-1.12459e-005,-7.81250e-002,1.80176e-001,7.14355e-001,9.08537e+000,1.53049e+001,-2.43293e+001
-4.78370e-005,6.71397e-006,-6.34766e-002,2.54395e-001,8.09570e-001,8.65854e+000,1.39634e+001,-2.22561e+001
-1.49386e-005,8.89601e-006,-1.90430e-002,3.69141e-001,9.05762e-001,1.01829e+001,8.23171e+000,-1.35366e+001
-3.23949e-005,3.18914e-005,-5.37109e-003,3.99902e-001,9.16504e-001,1.11585e+001,3.35366e+000,-1.01829e+001
-5.27047e-005,7.26787e-005,-6.83594e-003,4.05762e-001,9.11621e-001,1.10976e+001,-9.02439e+000,-6.09756e+000
-5.38796e-005,2.80308e-005,-3.32031e-002,3.66699e-001,9.09180e-001,9.69512e+000,-1.57317e+001,-5.97561e+000
-5.74044e-005,-8.89601e-006,-8.69141e-002,2.34375e-001,9.13086e-001,5.24390e+000,-2.89634e+001,-5.85366e+000
-5.72366e-005,-2.18204e-006,-1.00098e-001,1.55273e-001,9.28223e-001,2.43902e+000,-3.40244e+001,-6.09756e+000
-8.39246e-006,-1.59457e-005,-1.05957e-001,-1.41602e-002,9.82910e-001,-1.03659e+000,-4.21341e+001,-7.25610e+000
1.42672e-005,-5.65652e-005,-9.81445e-002,-9.32617e-002,1.00732e+000,-2.43902e+000,-4.50000e+001,-8.04878e+000
7.21752e-006,-7.57000e-005,-5.32227e-002,-2.08008e-001,1.04834e+000,-3.47561e+000,-4.78659e+001,-7.62195e+000
1.19173e-005,-7.33501e-005,1.70898e-002,-2.66602e-001,1.06104e+000,-3.17073e+000,-4.78659e+001,-7.19512e+000
2.40024e-005,3.05486e-005,5.61523e-002,-2.69043e-001,1.05762e+000,-1.58537e+000,-4.49390e+001,-6.09756e+000
2.28275e-005,1.34783e-004,1.18164e-001,-2.45605e-001,1.04883e+000,1.82927e-001,-4.21951e+001,-6.03659e+000
-1.22530e-005,8.24140e-005,1.29395e-001,-2.19238e-001,1.04004e+000,3.41463e+000,-3.62195e+001,-6.58537e+000
-4.71656e-005,3.84375e-005,1.17676e-001,-1.41113e-001,1.01367e+000,5.00000e+000,-3.28659e+001,-6.70732e+000
-4.14588e-005,8.67781e-005,1.04492e-001,-9.91211e-002,9.88281e-001,9.32927e+000,-2.57317e+001,-7.62195e+000
-8.05676e-006,9.18135e-005,7.27539e-002,-1.12305e-002,9.09668e-001,1.13415e+001,-2.23171e+001,-7.92683e+000
2.26596e-005,7.28466e-005,5.07813e-002,3.02734e-002,8.80371e-001,1.45122e+001,-1.61585e+001,-9.39024e+000
3.03807e-005,4.81727e-005,2.44141e-003,9.52148e-002,8.43262e-001,1.76829e+001,-1.07927e+001,-1.12805e+001
6.37827e-006,-3.30663e-005,-2.09961e-002,1.15234e-001,8.32031e-001,1.84146e+001,-8.47561e+000,-1.21951e+001
-1.25887e-005,-7.13359e-005,-5.95703e-002,1.22070e-001,7.84180e-001,2.11585e+001,-4.26829e+000,-1.23171e+001
3.02129e-006,-1.42504e-004,-6.25000e-002,1.15234e-001,7.34375e-001,2.31098e+001,-3.23171e+000,-1.13415e+001
-1.25887e-005,-1.05577e-004,-3.80859e-002,7.91016e-002,5.78613e-001,2.76220e+001,-3.29268e+000,-1.02439e+001
-9.06386e-006,-3.45769e-005,-2.83203e-002,5.07813e-002,4.95117e-001,3.06098e+001,-3.90244e+000,-1.00610e+001
1.00710e-005,1.17494e-005,-3.51563e-002,-2.92969e-003,3.33984e-001,3.45122e+001,-6.70732e+000,-9.93902e+000
1.66171e-005,-3.05486e-005,-5.17578e-002,-3.27148e-002,2.68066e-001,3.64024e+001,-8.23171e+000,-1.01829e+001
3.34020e-005,-7.80499e-005,-9.76563e-002,-8.78906e-002,1.78223e-001,3.81707e+001,-1.29878e+001,-1.04878e+001
2.90379e-005,-9.76883e-005,-1.22559e-001,-1.09375e-001,1.56738e-001,3.88415e+001,-1.57317e+001,-1.09756e+001
2.16526e-005,-9.88632e-005,-1.87988e-001,-1.39160e-001,1.51367e-001,3.92683e+001,-2.18902e+001,-1.21951e+001
1.74563e-005,-1.52239e-004,-2.28027e-001,-1.41113e-001,1.70898e-001,3.87805e+001,-2.48171e+001,-1.30488e+001
-4.69978e-006,-2.57984e-004,-3.02246e-001,-1.23047e-001,2.70508e-001,3.66463e+001,-3.14024e+001,-1.42073e+001
-3.67590e-005,-4.38087e-005,-3.52051e-001,-7.76367e-002,3.80371e-001,3.53049e+001,-3.47561e+001,-1.43293e+001
-4.71656e-005,9.98703e-005,-3.64258e-001,-4.68750e-002,4.36035e-001,3.19512e+001,-4.10976e+001,-1.28049e+001
-5.45510e-005,4.12909e-005,-3.45215e-001,2.24609e-002,5.46875e-001,2.96341e+001,-4.37195e+001,-1.20122e+001
-4.51514e-005,2.60166e-005,-3.17383e-001,5.41992e-002,5.93262e-001,2.42073e+001,-4.67683e+001,-9.57317e+000
-2.87022e-005,6.83146e-005,-2.37793e-001,1.02051e-001,6.49902e-001,2.10976e+001,-4.75000e+001,-8.71951e+000
-1.82956e-005,6.96574e-005,-1.79199e-001,1.20117e-001,6.87988e-001,1.55488e+001,-4.81707e+001,-8.78049e+000
2.01419e-006,3.52483e-006,-5.27344e-002,1.27441e-001,7.72461e-001,1.26220e+001,-4.80488e+001,-9.45122e+000
2.29953e-005,-3.47448e-005,5.85938e-003,1.28418e-001,8.02734e-001,7.98780e+000,-4.69512e+001,-1.12805e+001
6.88182e-006,-6.52934e-005,1.13770e-001,1.27441e-001,8.26172e-001,3.17073e+000,-4.73781e+001,-1.23780e+001
-4.44800e-005,-8.74495e-005,1.54785e-001,1.31348e-001,8.26660e-001,8.53659e-001,-4.79878e+001,-1.21951e+001
-4.09552e-005,-1.08598e-004,2.13867e-001,1.32324e-001,8.20801e-001,-3.90244e+000,-5.00610e+001,-1.09146e+001
-4.19623e-006,-8.44282e-005,2.27051e-001,1.29395e-001,8.21777e-001,-5.60976e+000,-5.08537e+001,-9.32927e+000
5.87472e-006,-1.37636e-005,2.17773e-001,1.30371e-001,8.19824e-001,-8.35366e+000,-5.16463e+001,-6.52439e+000
-1.15816e-005,3.86053e-006,2.03613e-001,1.33789e-001,8.36914e-001,-9.87805e+000,-5.00000e+001,-5.06098e+000
-3.13878e-005,-4.21302e-005,1.59668e-001,1.33789e-001,8.96484e-001,-1.01829e+001,-4.15244e+001,-2.56098e+000
-3.69268e-005,-1.30755e-004,1.37207e-001,1.28418e-001,9.13086e-001,-9.93902e+000,-3.61585e+001,-1.40244e+000
-4.26337e-005,-8.62745e-005,1.02051e-001,1.20117e-001,9.53613e-001,-7.37805e+000,-2.48171e+001,1.03659e+000
-3.64233e-005,5.37118e-006,8.54492e-002,1.22559e-001,9.93652e-001,-6.82927e+000,-1.85366e+001,2.50000e+000
-2.92058e-005,7.50286e-005,6.88477e-002,1.45020e-001,1.09326e+000,-7.98780e+000,-5.06098e+000,7.01220e+000
-4.41444e-005,1.67681e-004,6.83594e-002,1.55273e-001,1.13623e+000,-1.01220e+001,2.62195e+000,9.75610e+000
-4.91798e-005,2.18708e-004,4.88281e-002,1.89941e-001,1.38379e+000,-1.78659e+001,9.93902e+000,1.50610e+001
-5.74044e-005,2.58152e-004,2.53906e-002,2.32422e-001,1.50000e+000,-2.17683e+001,9.26829e+000,1.83537e+001
-4.98512e-005,2.04273e-004,5.12695e-002,2.38281e-001,1.55469e+000,-2.98171e+001,1.06098e+001,2.89024e+001
-9.90310e-006,1.08598e-004,1.59668e-001,2.41211e-001,1.83008e+000,-3.33537e+001,1.26220e+001,3.52439e+001
2.58488e-005,-2.34989e-005,1.80664e-001,2.54395e-001,1.96582e+000,-4.32317e+001,1.47561e+001,4.95732e+001
5.48867e-005,-8.02319e-005,2.51953e-001,2.91016e-001,2.02686e+000,-4.64634e+001,1.43902e+001,6.04268e+001
4.38087e-005,-1.40490e-004,2.89551e-001,3.04199e-001,1.96387e+000,-4.02439e+001,9.39024e+000,7.12195e+001
-1.09102e-005,-7.43572e-005,2.34375e-001,3.14941e-001,1.71582e+000,-3.30488e+001,2.56098e+000,6.60976e+001
-3.05486e-005,4.44800e-005,1.39648e-001,2.92969e-001,1.56494e+000,-1.58537e+001,-1.71341e+001,4.18293e+001
-1.19173e-005,5.72366e-005,-1.17676e-001,1.73828e-001,1.25977e+000,8.53659e-001,-3.59146e+001,2.09146e+001
1.51064e-006,6.81468e-005,-2.34863e-001,7.91016e-002,1.11816e+000,6.03659e+000,-4.20122e+001,1.71341e+001
2.51774e-006,1.33776e-004,-4.04297e-001,-1.19141e-001,9.35059e-001,9.14634e+000,-4.89024e+001,2.12805e+001
5.53903e-006,1.24712e-004,-4.58008e-001,-2.02637e-001,8.91113e-001,7.98780e+000,-5.12805e+001,2.62805e+001
2.38346e-005,7.88891e-005,-5.24414e-001,-2.96875e-001,8.53516e-001,4.87805e+000,-5.40854e+001,3.87195e+001
2.43381e-005,1.12459e-005,-5.22949e-001,-3.22266e-001,8.58887e-001,3.59756e+000,-5.34146e+001,4.50610e+001
1.89670e-005,1.32097e-004,-4.31641e-001,-3.39844e-001,8.77441e-001,2.07317e+000,-4.59146e+001,5.79268e+001
4.33051e-005,8.97993e-005,-3.48145e-001,-3.35938e-001,8.88672e-001,2.07317e+000,-3.99390e+001,6.26829e+001
6.34470e-005,2.03098e-005,-1.37207e-001,-2.87109e-001,8.95996e-001,2.31707e+000,-2.51829e+001,6.95122e+001
-2.04776e-005,2.18204e-005,-2.34375e-002,-2.53906e-001,9.08691e-001,2.74390e+000,-1.79268e+001,7.17683e+001
-9.31563e-005,-4.28016e-005,1.81152e-001,-1.57227e-001,9.10156e-001,4.93902e+000,-3.29268e+000,7.32317e+001
-8.34211e-005,-6.88182e-006,2.62695e-001,-1.04492e-001,9.00391e-001,6.70732e+000,3.04878e+000,7.26220e+001
-4.73335e-005,-9.91989e-005,3.52051e-001,-1.07422e-002,8.66699e-001,9.20732e+000,9.51220e+000,6.75610e+001
-5.62295e-005,-2.13672e-004,3.42773e-001,6.49414e-002,8.19824e-001,1.14024e+001,1.06098e+001,6.37805e+001
-9.75204e-005,-2.23743e-004,2.98828e-001,8.39844e-002,7.89551e-001,1.51829e+001,7.80488e+000,5.43293e+001
-9.75204e-005,-1.94369e-004,1.83105e-001,1.03027e-001,7.37793e-001,1.72561e+001,5.67073e+000,4.96951e+001
-4.78370e-005,-1.63149e-004,1.21582e-001,9.61914e-002,7.20215e-001,2.05488e+001,-2.43902e-001,4.00000e+001
4.86763e-006,-1.50561e-004,1.41602e-002,6.64063e-002,7.08496e-001,2.17073e+001,-2.86585e+000,3.53049e+001
4.64942e-005,-1.56100e-004,-2.88086e-002,5.12695e-002,7.06543e-001,2.34756e+001,-7.86585e+000,2.65854e+001
1.57778e-005,-1.34783e-004,-9.17969e-002,2.97852e-002,7.36816e-001,2.32927e+001,-9.63415e+000,2.25000e+001
-2.78630e-005,-1.15312e-004,-1.11328e-001,1.51367e-002,7.72949e-001,2.11585e+001,-1.36585e+001,1.51829e+001
-5.55581e-005,-7.50286e-005,-1.19629e-001,-9.27734e-003,8.44238e-001,1.71951e+001,-1.62195e+001,1.07927e+001
-5.94186e-005,2.11490e-005,-1.12305e-001,-1.75781e-002,8.75977e-001,1.55488e+001,-1.65854e+001,9.69512e+000
-7.26787e-005,1.63989e-004,-6.54297e-002,-2.34375e-002,9.37500e-001,1.15854e+001,-1.74390e+001,8.78049e+000
-7.53643e-005,1.68688e-004,-3.80859e-002,-2.58789e-002,9.63379e-001,1.02439e+001,-1.71951e+001,8.41463e+000
-3.13878e-005,3.50805e-005,2.58789e-002,-9.27734e-003,1.00342e+000,8.35366e+000,-1.59146e+001,6.58537e+000
-1.52743e-005,6.04257e-006,4.93164e-002,3.41797e-003,1.02051e+000,7.50000e+000,-1.46341e+001,5.73171e+000
-3.05486e-005,5.35439e-005,8.54492e-002,3.27148e-002,1.05420e+000,6.40244e+000,-1.17683e+001,3.59756e+000
2.65202e-005,7.93927e-005,8.59375e-002,4.58984e-002,1.07031e+000,6.09756e+000,-1.01220e+001,2.50000e+000
7.50286e-005,3.34020e-005,8.00781e-002,6.54297e-002,1.08789e+000,5.48780e+000,-6.70732e+000,1.95122e+000
8.32532e-005,5.62295e-005,7.66602e-002,6.73828e-002,1.08936e+000,5.48780e+000,-4.75610e+000,1.95122e+000
7.60357e-005,1.99069e-004,6.93359e-002,6.59180e-002,1.09033e+000,4.57317e+000,3.04878e-001,2.01220e+000
4.61585e-005,2.05280e-004,6.44531e-002,5.76172e-002,1.08887e+000,3.78049e+000,2.80488e+000,1.82927e+000
1.32601e-005,1.14641e-004,6.78711e-002,5.61523e-002,1.08496e+000,2.31707e+000,9.08537e+000,3.41463e+000
1.72885e-005,3.92767e-005,7.17773e-002,4.98047e-002,1.08594e+000,1.15854e+000,1.22561e+001,3.90244e+000
5.84115e-005,-3.77661e-005,7.03125e-002,4.68750e-002,1.08447e+000,-4.87805e-001,1.92683e+001,4.81707e+000
8.50996e-005,-6.61326e-005,7.12891e-002,3.66211e-002,1.05762e+000,-1.03659e+000,2.30488e+001,5.54878e+000
7.60357e-005,-5.18654e-005,6.54297e-002,3.17383e-002,1.05762e+000,-2.01220e+000,2.89024e+001,5.48780e+000
1.22530e-005,2.19883e-005,2.14844e-002,3.90625e-002,1.09277e+000,-2.62195e+000,3.00610e+001,4.51220e+000
-4.54871e-005,7.63714e-005,6.34766e-003,4.78516e-002,1.10840e+000,-2.68293e+000,3.09756e+001,3.96341e+000
-7.70428e-005,1.30083e-004,-1.70898e-002,5.71289e-002,1.08838e+000,-2.86585e+000,3.06707e+001,4.14634e+000
-9.19814e-005,1.15984e-004,-2.29492e-002,5.46875e-002,1.07227e+000,-4.63415e+000,2.95732e+001,4.14634e+000
-7.18395e-005,3.67590e-005,-3.46680e-002,4.83398e-002,1.04834e+000,-6.46341e+000,2.69512e+001,2.92683e+000
-3.70947e-005,-5.70687e-006,-4.00391e-002,4.78516e-002,1.04248e+000,-7.68293e+000,2.50610e+001,1.64634e+000
-8.14069e-005,1.42672e-005,-6.05469e-002,4.54102e-002,1.03076e+000,-9.08537e+000,2.07927e+001,-2.43902e-001
-9.18135e-005,4.53193e-005,-6.83594e-002,4.73633e-002,1.03564e+000,-1.00610e+001,1.76220e+001,-1.21951e+000
-1.09102e-005,1.14137e-005,-8.78906e-002,5.61523e-002,1.03906e+000,-1.14024e+001,1.23780e+001,-2.86585e+000
5.69009e-005,-1.71206e-005,-1.01074e-001,6.00586e-002,1.02979e+000,-1.24390e+001,1.03049e+001,-3.04878e+000
4.01160e-005,2.26596e-005,-1.07910e-001,5.66406e-002,1.05664e+000,-1.31707e+001,5.30488e+000,-4.08537e+000
2.55131e-005,7.03288e-005,-1.01563e-001,5.22461e-002,1.08203e+000,-1.30488e+001,2.50000e+000,-5.06098e+000
2.13169e-005,1.47875e-004,-8.44727e-002,5.41992e-002,1.10400e+000,-1.17683e+001,-1.40244e+000,-7.43902e+000
-3.74304e-005,1.48882e-004,-7.47070e-002,6.20117e-002,1.10449e+000,-1.16463e+001,-2.86585e+000,-8.96342e+000
-1.10948e-004,1.01549e-004,-6.05469e-002,6.34766e-002,1.09131e+000,-1.32317e+001,-6.03659e+000,-1.17683e+001
-1.02724e-004,6.61326e-005,-4.63867e-002,6.10352e-002,1.10742e+000,-1.37805e+001,-7.50000e+000,-1.28049e+001
-5.65652e-005,-2.43381e-005,-4.34570e-002,5.90820e-002,1.10645e+000,-1.34756e+001,-9.57317e+000,-1.60976e+001
-5.35439e-005,-8.64424e-005,-4.10156e-002,5.41992e-002,1.09375e+000,-1.32317e+001,-9.69512e+000,-1.77439e+001
-9.98703e-005,-1.06249e-004,-4.63867e-002,4.49219e-002,1.10693e+000,-1.36585e+001,-9.75610e+000,-2.14634e+001
-1.09102e-004,-1.27398e-004,-5.32227e-002,1.90430e-002,1.11230e+000,-1.29878e+001,-9.20732e+000,-2.29268e+001
-1.12459e-005,-1.70703e-004,-5.32227e-002,9.76563e-003,1.08154e+000,-1.28049e+001,-7.92683e+000,-2.30488e+001
8.24140e-005,-1.69360e-004,-4.83398e-002,-1.46484e-003,1.03613e+000,-1.30488e+001,-7.62195e+000,-2.34756e+001
1.03059e-004,-1.14305e-004,-4.00391e-002,-1.02539e-002,1.01172e+000,-1.28659e+001,-7.37805e+000,-2.57927e+001
1.50225e-004,-1.15816e-005,-2.00195e-002,-2.44141e-002,9.80469e-001,-1.26220e+001,-6.09756e+000,-2.78049e+001
1.42840e-004,6.09293e-005,-2.63672e-002,-3.12500e-002,9.85352e-001,-1.06098e+001,-9.75610e-001,-3.18902e+001
6.73075e-005,6.54612e-006,-1.36719e-002,-2.19727e-002,1.02100e+000,-1.07317e+001,3.23171e+000,-3.33537e+001
3.23949e-005,-7.36858e-005,-9.76563e-003,-1.66016e-002,1.05811e+000,-1.07927e+001,6.64634e+000,-3.32927e+001
4.28016e-005,-8.02319e-005,8.78906e-003,-7.81250e-003,1.11377e+000,-1.20122e+001,1.38415e+001,-3.12805e+001
2.76951e-005,-6.56291e-005,1.80664e-002,1.95313e-003,1.12012e+000,-1.17073e+001,1.74390e+001,-3.00610e+001
-1.06920e-004,-3.84375e-005,6.15234e-002,1.41602e-002,1.09619e+000,-1.14024e+001,2.38415e+001,-2.79878e+001
-1.82116e-004,-3.59197e-005,8.05664e-002,1.56250e-002,1.07617e+000,-9.69512e+000,2.67073e+001,-2.71341e+001
-1.74060e-004,5.20333e-005,1.22559e-001,2.09961e-002,1.04492e+000,-7.92683e+000,3.34756e+001,-2.58537e+001
-1.10948e-004,1.93194e-004,1.38184e-001,2.58789e-002,1.04688e+000,-7.43902e+000,3.73780e+001,-2.52439e+001
-7.40215e-005,1.86816e-004,1.62598e-001,4.15039e-002,1.09082e+000,-6.64634e+000,4.67683e+001,-2.45732e+001
-4.86763e-005,9.85275e-005,1.55762e-001,4.10156e-002,1.11914e+000,-6.34146e+000,5.13415e+001,-2.45732e+001
-4.66621e-005,2.26596e-005,1.33301e-001,5.32227e-002,1.16846e+000,-5.48780e+000,5.88415e+001,-2.34146e+001
-6.37827e-005,-1.42672e-005,1.04492e-001,4.78516e-002,1.21777e+000,-4.81707e+000,6.05488e+001,-2.29268e+001
-5.01869e-005,-2.70237e-005,8.34961e-002,4.98047e-002,1.24707e+000,-3.65854e+000,6.20732e+001,-2.12195e+001
-4.71656e-005,-5.52224e-005,4.78516e-002,3.41797e-002,1.24414e+000,-2.86585e+000,6.21951e+001,-2.01829e+001
-4.29694e-005,-5.40475e-005,4.34570e-002,2.34375e-002,1.20068e+000,9.75610e-001,6.11585e+001,-1.88415e+001
-1.35958e-005,-4.54871e-005,3.36914e-002,1.80664e-002,1.10498e+000,2.31707e+000,6.01829e+001,-1.90854e+001
4.64942e-005,-1.04234e-004,1.17188e-002,1.26953e-002,1.06738e+000,4.81707e+000,6.06098e+001,-2.04878e+001
8.42603e-005,-8.47639e-005,-4.93164e-002,-2.53906e-002,9.80957e-001,6.76829e+000,6.12195e+001,-2.11585e+001
7.33501e-005,-5.25368e-005,-7.91016e-002,-5.61523e-002,9.15527e-001,1.00610e+001,5.85976e+001,-1.90854e+001
3.07164e-005,-5.57259e-005,-1.26953e-001,-1.69922e-001,7.34863e-001,1.20732e+001,5.62195e+001,-1.57317e+001
8.89601e-006,-1.05577e-004,-1.45996e-001,-2.48535e-001,6.45996e-001,1.43902e+001,5.00610e+001,-5.73171e+000
-3.65911e-005,-1.04234e-004,-2.05078e-001,-4.07227e-001,4.32617e-001,1.58537e+001,4.42073e+001,4.87805e+000
-7.28466e-005,-5.05226e-005,-2.16797e-001,-4.61426e-001,3.26660e-001,1.65244e+001,4.00610e+001,8.84146e+000
-3.47448e-005,-5.05226e-005,-1.56738e-001,-4.49707e-001,2.57813e-001,1.75000e+001,3.20122e+001,7.62195e+000
-2.55131e-005,-5.03548e-005,-9.08203e-002,-3.58398e-001,3.22754e-001,1.81707e+001,2.91463e+001,1.82927e-001
-4.01160e-005,-1.84634e-006,4.83398e-002,-4.19922e-002,5.68848e-001,1.82927e+001,3.35366e+001,-2.14024e+001
-9.23171e-006,-1.46029e-005,8.69141e-002,1.35742e-001,7.06543e-001,1.65244e+001,3.89024e+001,-3.10366e+001
9.78561e-005,-6.09293e-005,8.30078e-002,4.14551e-001,8.96484e-001,1.37805e+001,4.59756e+001,-3.89634e+001
1.37469e-004,-1.04570e-004,7.12891e-002,5.02441e-001,9.23828e-001,1.40854e+001,4.57927e+001,-3.70732e+001
9.44991e-005,-7.85534e-005,4.93164e-002,5.73242e-001,8.84277e-001,1.63415e+001,4.07927e+001,-2.65854e+001
5.11940e-005,-1.51064e-005,3.17383e-002,5.65430e-001,8.47168e-001,1.73171e+001,3.56707e+001,-2.12805e+001
5.15297e-005,3.47448e-005,-7.32422e-002,4.63867e-001,7.91992e-001,1.62805e+001,2.31707e+001,-1.47561e+001
4.71656e-005,1.37133e-004,-2.30469e-001,2.78320e-001,7.80273e-001,1.37805e+001,1.59756e+001,-1.35366e+001
5.28725e-005,1.53918e-004,-3.03223e-001,1.70898e-001,7.80273e-001,6.95122e+000,3.04878e-001,-1.18293e+001
-9.06386e-006,7.46929e-005,-3.51074e-001,-4.98047e-002,8.63281e-001,2.68293e+000,-7.86585e+000,-1.16463e+001
-1.04906e-004,3.57519e-005,-3.45215e-001,-1.40625e-001,8.76953e-001,-6.70732e-001,-1.76220e+001,-1.26220e+001
-1.51904e-004,3.30663e-005,-2.80273e-001,-2.77344e-001,8.69141e-001,-1.09756e+000,-2.18293e+001,-1.35976e+001
-1.37972e-004,4.61585e-005,-2.23145e-001,-3.13477e-001,8.64746e-001,-1.15854e+000,-2.93902e+001,-1.45122e+001
-1.06249e-004,4.22980e-005,-8.69141e-002,-3.11523e-001,8.80371e-001,-1.40244e+000,-3.19512e+001,-1.48171e+001
-9.73526e-005,1.52743e-005,-1.85547e-002,-2.81250e-001,8.95996e-001,1.82927e-001,-3.30488e+001,-1.45732e+001
-1.08263e-004,-9.56741e-006,8.00781e-002,-1.89453e-001,9.30176e-001,5.48781e-001,-3.20732e+001,-1.43293e+001
-6.52934e-005,-2.08133e-005,1.07910e-001,-1.32324e-001,9.52637e-001,2.68293e+000,-2.75610e+001,-1.35976e+001
-4.48157e-005,-3.20592e-005,1.17188e-001,-1.90430e-002,9.93652e-001,6.15854e+000,-2.20122e+001,-1.26220e+001
-1.17494e-005,-4.34730e-005,1.04492e-001,3.32031e-002,1.00635e+000,8.23171e+000,-1.90854e+001,-1.21341e+001
5.25368e-005,-3.37377e-005,5.41992e-002,1.24512e-001,1.01074e+000,1.11585e+001,-1.51829e+001,-1.20122e+001
6.81468e-005,-3.97803e-005,2.44141e-002,1.59668e-001,1.00977e+000,1.23780e+001,-1.37195e+001,-1.22561e+001
5.32082e-005,-5.84115e-005,-1.56250e-002,1.94336e-001,1.00781e+000,1.25000e+001,-9.57317e+000,-1.21341e+001
7.21752e-006,-2.78630e-005,-2.34375e-002,1.83105e-001,9.87793e-001,1.25000e+001,-7.50000e+000,-1.16463e+001
-2.80308e-005,-5.55581e-005,-4.39453e-003,1.43066e-001,8.79883e-001,1.28659e+001,-3.59756e+000,-9.63415e+000
-5.74044e-005,-7.13359e-005,1.12305e-002,1.09375e-001,8.23730e-001,1.31707e+001,-2.01220e+000,-9.32927e+000
-5.48867e-005,-9.21492e-005,3.80859e-002,3.80859e-002,7.20215e-001,1.42073e+001,9.14634e-001,-8.90244e+000
-1.59457e-005,-1.44854e-004,3.75977e-002,4.88281e-004,6.63574e-001,1.48171e+001,1.64634e+000,-8.41463e+000
3.18914e-006,-1.37804e-004,4.83398e-002,-7.32422e-002,5.33691e-001,1.72561e+001,1.95122e+000,-7.43902e+000
2.85344e-006,-8.91279e-005,5.37109e-002,-1.31836e-001,3.86230e-001,1.94512e+001,1.28049e+000,-7.31707e+000
-3.10521e-005,-5.35439e-005,4.73633e-002,-1.53809e-001,3.25684e-001,2.44512e+001,8.53659e-001,-8.04878e+000
-4.93477e-005,-6.32792e-005,1.12305e-002,-1.81152e-001,2.48047e-001,2.61585e+001,2.43902e-001,-8.53659e+000
-4.98512e-005,-4.07874e-005,-2.49023e-002,-1.85059e-001,2.33887e-001,2.96341e+001,-6.70732e-001,-9.63415e+000
-4.46479e-005,-2.76951e-005,-1.38184e-001,-1.80664e-001,2.59277e-001,3.09146e+001,-6.09756e-001,-1.00000e+001
-9.23171e-005,-5.28725e-005,-2.01172e-001,-1.70410e-001,2.92480e-001,3.16463e+001,-2.56098e+000,-1.03049e+001
-6.09293e-005,-5.79080e-005,-3.07617e-001,-1.32324e-001,3.72559e-001,3.17073e+001,-3.59756e+000,-1.00000e+001
3.64233e-005,-8.71138e-005,-3.47168e-001,-1.15234e-001,4.09668e-001,3.04268e+001,-6.70732e+000,-9.20732e+000
1.03731e-004,-1.13970e-004,-4.07227e-001,-6.39648e-002,4.76074e-001,3.00000e+001,-8.47561e+000,-8.96342e+000
1.34951e-004,-1.10445e-004,-4.33105e-001,-3.22266e-002,4.93164e-001,2.85976e+001,-1.44512e+001,-9.32927e+000
1.16487e-004,-1.39818e-004,-4.79004e-001,3.51563e-002,5.20996e-001,2.70732e+001,-2.38415e+001,-1.06098e+001
3.92767e-005,-8.97993e-005,-4.97070e-001,5.90820e-002,5.37598e-001,2.56098e+001,-2.97561e+001,-1.19512e+001
-5.84115e-005,4.69978e-006,-4.96582e-001,9.81445e-002,5.25879e-001,2.41463e+001,-4.06098e+001,-1.45122e+001
-9.48348e-005,1.93027e-005,-4.83887e-001,1.06934e-001,5.11230e-001,2.31098e+001,-4.51829e+001,-1.57927e+001
-9.01350e-005,-8.22461e-006,-4.24316e-001,1.03516e-001,5.27832e-001,2.12805e+001,-5.12195e+001,-1.79268e+001
-7.53643e-005,-2.13169e-005,-3.83301e-001,9.42383e-002,5.57617e-001,1.99390e+001,-5.36585e+001,-1.88415e+001
-6.16007e-005,-2.14847e-005,-2.88086e-001,6.83594e-002,6.22559e-001,1.79268e+001,-5.68293e+001,-1.92683e+001
-6.79789e-005,-1.82956e-005,-2.28027e-001,5.71289e-002,6.45996e-001,1.70732e+001,-5.79268e+001,-1.89024e+001
-6.16007e-005,-1.98062e-005,-1.07910e-001,2.92969e-002,7.15820e-001,1.50000e+001,-5.84756e+001,-1.62195e+001
-4.48157e-005,-2.13169e-005,-4.39453e-002,2.05078e-002,7.60254e-001,1.41463e+001,-5.78659e+001,-1.43293e+001
-2.56809e-005,-1.12459e-005,9.22852e-002,0.00000e+000,8.43262e-001,1.13415e+001,-5.40854e+001,-9.02439e+000
-1.19173e-005,-4.19623e-006,2.05566e-001,-9.27734e-003,8.79395e-001,1.07317e+001,-5.05488e+001,-6.40244e+000
2.53452e-005,-8.56031e-006,2.61230e-001,-1.95313e-003,8.91113e-001,8.90244e+000,-4.33537e+001,-1.28049e+000
3.84375e-005,-7.04967e-006,3.49609e-001,1.22070e-002,9.15039e-001,8.53659e+000,-3.91463e+001,4.87805e-001
1.39315e-005,-1.76242e-005,3.73047e-001,2.68555e-002,8.96973e-001,8.78049e+000,-3.01220e+001,2.56098e+000
-1.57778e-005,-2.98772e-005,3.86719e-001,5.71289e-002,7.99805e-001,9.08537e+000,-2.54878e+001,3.10976e+000
-4.01160e-005,-2.26596e-005,3.71094e-001,7.37305e-002,7.51953e-001,9.93902e+000,-1.78049e+001,2.86585e+000
-5.42153e-005,-1.51064e-005,2.90039e-001,1.14258e-001,6.67480e-001,1.02439e+001,-1.32317e+001,2.50000e+000
-6.52934e-005,4.19623e-006,2.32422e-001,1.21582e-001,6.38672e-001,9.63415e+000,-3.59756e+000,2.31707e+000
-4.66621e-005,1.59457e-005,1.16211e-001,1.30859e-001,6.13281e-001,9.51220e+000,1.58537e+000,2.19512e+000
7.21752e-006,4.31373e-005,6.39648e-002,1.32324e-001,6.02051e-001,9.51220e+000,1.17683e+001,2.74390e+000
4.36408e-005,6.05936e-005,-3.36914e-002,1.18652e-001,6.01074e-001,9.69512e+000,2.42073e+001,2.31707e+000
6.10971e-005,3.17235e-005,-7.37305e-002,1.06934e-001,6.17676e-001,9.63415e+000,3.04878e+001,1.64634e+000
3.52483e-005,-5.85794e-005,-1.41113e-001,7.56836e-002,7.17285e-001,9.75610e+000,4.12195e+001,1.21951e-001
7.88891e-006,-2.23239e-005,-1.63574e-001,6.00586e-002,7.78320e-001,1.05488e+001,4.54878e+001,-2.43902e-001
-1.15816e-005,9.23171e-005,-1.96289e-001,3.07617e-002,8.95020e-001,1.18293e+001,4.98781e+001,1.82927e-001
-2.50095e-005,9.23171e-006,-1.98242e-001,2.00195e-002,9.53125e-001,1.18902e+001,5.12805e+001,9.75610e-001
-3.97803e-005,1.17494e-006,-1.83594e-001,1.22070e-002,1.01563e+000,1.09756e+001,4.95122e+001,2.80488e+000
-1.40993e-005,-7.21752e-006,-1.60156e-001,4.88281e-003,1.04834e+000,9.57317e+000,4.82317e+001,3.10976e+000
1.39315e-005,-5.53903e-006,-1.36230e-001,-1.95313e-002,1.15234e+000,5.18293e+000,4.64024e+001,4.20732e+000
-1.89670e-005,1.17327e-004,-1.42090e-001,-7.81250e-003,1.19580e+000,2.80488e+000,4.60976e+001,6.58537e+000
-2.19883e-005,1.20012e-004,-1.72363e-001,7.81250e-002,1.34326e+000,-1.46341e+000,4.35366e+001,1.54268e+001
2.26596e-005,5.35439e-005,-1.60645e-001,2.48535e-001,1.56982e+000,-3.90244e+000,3.97561e+001,2.06707e+001
4.53193e-005,4.39765e-005,-1.62109e-001,3.38379e-001,1.71484e+000,-9.69512e+000,1.76220e+001,2.59146e+001
3.34020e-005,4.24659e-005,-1.88477e-001,4.74609e-001,1.86816e+000,-1.06098e+001,1.21951e+000,2.57317e+001
2.19883e-005,4.91798e-005,-2.15332e-001,5.12695e-001,1.78760e+000,-6.52439e+000,-3.26220e+001,1.96341e+001
1.67849e-007,6.56291e-005,-2.42188e-001,4.66797e-001,1.57568e+000,-4.87805e+000,-4.44512e+001,1.51220e+001
-7.55322e-006,6.46220e-005,-2.17773e-001,3.79395e-001,1.48633e+000,-6.70732e-001,-5.45122e+001,9.75610e+000
-2.38346e-005,3.97803e-005,-1.84082e-001,1.87500e-001,1.35547e+000,1.89024e+000,-5.39024e+001,8.59756e+000
-4.04517e-005,5.79080e-005,-2.03125e-001,1.05957e-001,1.33496e+000,6.40244e+000,-5.22561e+001,7.86585e+000
-6.32792e-005,9.03029e-005,-2.80762e-001,-1.22070e-002,1.25098e+000,9.45122e+000,-5.35976e+001,8.96342e+000
-2.03098e-005,7.41894e-005,-2.94434e-001,-5.76172e-002,1.17188e+000,1.59756e+001,-5.48171e+001,1.85976e+001
6.02579e-005,6.42863e-005,-2.31934e-001,-1.41113e-001,9.72168e-001,2.26220e+001,-4.95122e+001,2.84756e+001
5.53903e-005,2.26596e-005,-1.80664e-001,-1.74316e-001,8.79883e-001,2.52439e+001,-4.33537e+001,3.15244e+001
1.10781e-005,-2.85176e-004,-7.61719e-002,-2.18750e-001,7.59766e-001,2.88415e+001,-2.81098e+001,3.48171e+001
-1.67849e-007,-3.86053e-004,-3.12500e-002,-2.27539e-001,7.41699e-001,2.93902e+001,-2.04268e+001,3.51829e+001
-3.18914e-006,-2.80308e-005,3.51563e-002,-2.12891e-001,7.57324e-001,2.95122e+001,-6.70732e+000,3.60366e+001
-2.23239e-005,2.02594e-004,4.98047e-002,-1.88965e-001,7.90039e-001,2.92683e+001,-1.15854e+000,3.60976e+001
-2.73594e-005,1.51064e-004,3.61328e-002,-1.14746e-001,8.79883e-001,2.75000e+001,6.46341e+000,3.69512e+001
-3.30663e-005,1.09102e-004,1.46484e-002,-7.08008e-002,9.22363e-001,2.68293e+001,7.74390e+000,3.75000e+001
-3.34020e-005,1.69528e-005,-3.56445e-002,2.19727e-002,9.95605e-001,2.63415e+001,6.52439e+000,3.87805e+001
-3.34020e-005,-6.46220e-005,-6.44531e-002,6.88477e-002,1.02539e+000,2.62195e+001,4.20732e+000,3.86585e+001
-1.51064e-006,-5.03548e-007,-1.35742e-001,1.50391e-001,1.03906e+000,2.57927e+001,-2.43902e+000,3.54268e+001
6.96574e-005,1.47539e-004,-2.09961e-001,2.10449e-001,1.02490e+000,2.49390e+001,-6.58537e+000,3.33537e+001
1.19341e-004,4.40604e-004,-2.46582e-001,2.25098e-001,1.01172e+000,2.35976e+001,-1.55488e+001,2.77439e+001
2.18540e-004,4.76524e-004,-3.13477e-001,2.21680e-001,9.90723e-001,2.28049e+001,-2.01220e+001,2.46951e+001
2.60334e-004,1.82788e-004,-3.39844e-001,2.03125e-001,9.83887e-001,2.04878e+001,-2.89634e+001,1.85366e+001
1.87152e-004,4.38087e-005,-3.46191e-001,1.45996e-001,9.84863e-001,1.94512e+001,-3.20122e+001,1.64024e+001
6.63004e-005,1.55261e-004,-3.35938e-001,1.10840e-001,9.90234e-001,1.75610e+001,-3.55488e+001,1.28049e+001
-1.69863e-004,2.35325e-004,-2.91504e-001,4.73633e-002,1.02539e+000,1.65854e+001,-3.54268e+001,1.16463e+001
-4.50172e-004,1.63989e-004,-2.60742e-001,2.19727e-002,1.04346e+000,1.53049e+001,-3.14024e+001,1.13415e+001
-4.69139e-004,3.32342e-005,-1.75781e-001,-1.61133e-002,1.08643e+000,1.43902e+001,-2.85976e+001,1.20732e+001
-3.78164e-004,7.53643e-005,-1.24023e-001,-2.63672e-002,1.10449e+000,1.36585e+001,-2.12195e+001,1.51220e+001
-2.57313e-004,3.74304e-005,-2.29492e-002,-1.41602e-002,1.12695e+000,1.28049e+001,-1.39024e+001,1.92683e+001
-1.15648e-004,-7.58679e-005,2.92969e-002,-2.92969e-003,1.14111e+000,1.28049e+001,-9.75610e+000,2.17683e+001
-2.73594e-005,-1.98230e-004,1.10840e-001,3.07617e-002,1.14600e+000,1.15854e+001,-2.43902e+000,2.51829e+001
3.34020e-005,-3.58022e-004,1.40137e-001,5.51758e-002,1.13428e+000,1.12805e+001,1.21951e+000,2.66463e+001
4.71656e-005,-4.01328e-004,1.80664e-001,1.02051e-001,1.10352e+000,1.04268e+001,8.41463e+000,2.81098e+001
4.07874e-005,-2.81147e-004,1.96289e-001,1.24023e-001,1.08008e+000,1.06707e+001,1.26220e+001,2.84146e+001
1.23033e-004,-1.41833e-004,1.97754e-001,1.56738e-001,1.04639e+000,9.32927e+000,1.99390e+001,2.67683e+001
2.70741e-004,-3.94446e-005,1.91406e-001,1.68457e-001,1.03906e+000,8.10976e+000,2.36585e+001,2.59756e+001
2.42542e-004,-9.78561e-005,1.65527e-001,1.81641e-001,1.02246e+000,5.91463e+000,2.96951e+001,2.27439e+001
1.16655e-004,-6.39506e-005,1.51367e-001,1.84570e-001,1.02393e+000,4.20732e+000,3.21951e+001,2.12195e+001
7.53643e-005,2.38849e-004,1.11328e-001,1.73340e-001,1.06104e+000,1.70732e+000,3.54878e+001,1.81098e+001
1.36126e-004,2.67552e-004,5.95703e-002,1.69434e-001,1.09229e+000,4.26829e-001,3.56098e+001,1.67683e+001
2.43549e-004,8.47639e-005,3.32031e-002,1.62109e-001,1.09570e+000,-2.56098e+000,3.38415e+001,1.46951e+001
2.90043e-004,-9.08064e-005,-1.12305e-002,1.60156e-001,1.12695e+000,-5.60976e+000,3.14634e+001,1.42073e+001
2.19715e-004,-8.37568e-005,-3.02734e-002,1.54297e-001,1.14160e+000,-1.07927e+001,2.51829e+001,1.20122e+001
1.28740e-004,-6.49577e-005,-7.71484e-002,1.29395e-001,1.16797e+000,-1.29878e+001,2.12805e+001,1.07317e+001
-1.29412e-004,-6.02579e-005,-1.03516e-001,1.14746e-001,1.16602e+000,-1.53659e+001,1.32317e+001,7.07317e+000
-4.68132e-004,-4.02838e-005,-1.36230e-001,9.03320e-002,1.13965e+000,-1.59146e+001,9.93902e+000,5.42683e+000
-6.93050e-004,1.44183e-004,-1.49414e-001,8.30078e-002,1.13232e+000,-1.77439e+001,5.48780e+000,1.28049e+000
-7.50790e-004,3.14717e-004,-1.75781e-001,7.81250e-002,1.14258e+000,-1.84756e+001,4.08537e+000,-9.75610e-001
-5.59609e-004,3.06661e-004,-1.93359e-001,8.64258e-002,1.16895e+000,-2.09756e+001,4.87805e-001,-5.06098e+000
-1.99237e-004,3.83871e-004,-2.20703e-001,9.71680e-002,1.22168e+000,-2.41463e+001,-5.30488e+000,-7.62195e+000
2.20722e-004,1.97223e-004,-2.20703e-001,1.08398e-001,1.23096e+000,-2.54268e+001,-9.57317e+000,-8.84146e+000
3.57015e-004,3.69268e-006,-2.09473e-001,1.23535e-001,1.23828e+000,-2.73171e+001,-1.46341e+001,-1.14634e+001
2.00580e-004,-6.09293e-005,-1.99219e-001,1.25000e-001,1.22998e+000,-2.84146e+001,-1.68293e+001,-1.29268e+001
9.73526e-006,8.07355e-005,-1.47461e-001,1.15234e-001,1.20605e+000,-3.02439e+001,-2.03049e+001,-1.60366e+001
-1.52575e-004,2.80812e-004,-1.28906e-001,1.02051e-001,1.19629e+000,-3.01829e+001,-2.13415e+001,-1.76220e+001
-3.40063e-004,1.92187e-004,-9.52148e-002,8.74023e-002,1.19727e+000,-3.06707e+001,-2.32927e+001,-2.07317e+001
-3.88571e-004,-1.77920e-004,-8.88672e-002,8.25195e-002,1.18994e+000,-3.10976e+001,-2.34756e+001,-2.18902e+001
-2.79469e-004,-3.85046e-004,-7.03125e-002,7.03125e-002,1.14404e+000,-3.04878e+001,-2.08537e+001,-2.41463e+001
-2.42878e-004,-2.72923e-004,-4.39453e-002,7.12891e-002,1.12891e+000,-3.09756e+001,-1.93293e+001,-2.46341e+001
-1.40490e-004,-2.44389e-004,4.88281e-003,6.34766e-002,1.15967e+000,-3.25610e+001,-1.41463e+001,-2.55488e+001
5.48867e-005,-1.22362e-004,5.37109e-003,4.88281e-002,1.14600e+000,-3.26220e+001,-1.13415e+001,-2.61585e+001
2.76783e-004,-1.07927e-004,2.92969e-003,4.44336e-002,1.12549e+000,-3.24390e+001,-7.86585e+000,-2.57927e+001
3.33852e-004,-1.12291e-004,3.07617e-002,3.61328e-002,1.09375e+000,-3.26829e+001,-7.01220e+000,-2.48780e+001
2.03937e-004,2.39521e-004,4.63867e-002,2.88086e-002,1.07324e+000,-3.13415e+001,-4.32927e+000,-2.45732e+001
6.78111e-005,6.61158e-004,6.59180e-002,2.49023e-002,1.03076e+000,-3.00610e+001,-2.68293e+000,-2.51829e+001
4.36408e-006,4.14588e-004,7.27539e-002,2.68555e-002,1.02295e+000,-2.71341e+001,2.37805e+000,-2.56098e+001
1.24712e-004,2.51774e-005,8.54492e-002,4.00391e-002,1.06738e+000,-2.59756e+001,5.67073e+000,-2.59146e+001
3.11193e-004,-3.54162e-005,9.66797e-002,4.83398e-002,1.10742e+000,-2.64024e+001,1.31098e+001,-2.56098e+001
4.76188e-004,-1.79263e-004,1.09863e-001,7.12891e-002,1.18945e+000,-2.71341e+001,2.10976e+001,-2.43902e+001
4.00656e-004,-1.31762e-004,1.13281e-001,8.69141e-002,1.21338e+000,-2.72561e+001,2.48171e+001,-2.38415e+001
1.50225e-004,5.03548e-005,1.26953e-001,1.08887e-001,1.19727e+000,-2.67683e+001,3.25000e+001,-2.26829e+001
-1.71206e-005,1.47539e-004,1.42090e-001,1.17676e-001,1.17676e+000,-2.59146e+001,3.80488e+001,-2.17683e+001
-1.17494e-004,3.77661e-005,1.74316e-001,1.19141e-001,1.12891e+000,-2.41463e+001,4.89024e+001,-1.99390e+001
-3.79171e-004,-8.25818e-005,1.93359e-001,1.14746e-001,1.12988e+000,-2.31098e+001,5.42073e+001,-1.93293e+001
-5.88312e-004,-5.05226e-005,2.17773e-001,1.03027e-001,1.13770e+000,-2.01829e+001,6.26220e+001,-1.70122e+001
-4.90120e-004,-1.50561e-004,2.12891e-001,9.66797e-002,1.14111e+000,-1.89024e+001,6.53049e+001,-1.59146e+001
-1.66674e-004,-2.54627e-004,1.50879e-001,9.13086e-002,1.08203e+000,-1.46341e+001,6.90854e+001,-1.54268e+001
7.62036e-005,-7.67071e-005,1.02539e-001,8.98438e-002,1.00342e+000,-1.18293e+001,6.96341e+001,-1.60976e+001
2.52110e-004,1.46029e-004,2.00195e-002,9.13086e-002,8.62793e-001,-6.58537e+000,6.64634e+001,-1.95732e+001
2.56977e-004,1.78088e-004,-2.05078e-002,9.13086e-002,8.31055e-001,-4.20732e+000,6.62195e+001,-2.17683e+001
1.88159e-004,1.15648e-004,-1.18164e-001,6.05469e-002,8.25684e-001,-6.09756e-002,6.64634e+001,-2.42683e+001
1.55596e-004,8.07355e-005,-2.11426e-001,-2.73438e-002,7.95898e-001,1.09756e+000,6.50610e+001,-2.40244e+001
8.07355e-005,-4.75013e-005,-2.46582e-001,-9.42383e-002,7.18262e-001,3.71951e+000,6.04878e+001,-1.63415e+001
9.23171e-006,-1.61471e-004,-2.71973e-001,-2.51465e-001,5.67871e-001,5.18293e+000,5.60976e+001,-1.03049e+001
-1.57946e-004,-8.71138e-005,-2.92480e-001,-3.26660e-001,5.00000e-001,7.13415e+000,4.43293e+001,1.21951e-001
-2.82490e-004,-1.66842e-004,-3.78906e-001,-4.53613e-001,3.90137e-001,7.25610e+000,3.93902e+001,3.78049e+000
-2.87022e-004,-4.28016e-004,-4.02832e-001,-4.90234e-001,3.54004e-001,5.24390e+000,3.15244e+001,5.36585e+000
-1.15984e-004,-2.71748e-004,-3.46680e-001,-4.99023e-001,2.97363e-001,4.93902e+000,3.12195e+001,4.08537e+000
-3.81018e-005,-6.29435e-005,-2.63672e-001,-4.65332e-001,2.60254e-001,7.80488e+000,3.52439e+001,-2.43902e+000
2.63523e-005,1.86313e-005,-3.41797e-002,-3.27637e-001,2.65625e-001,1.46951e+001,4.09756e+001,-1.06098e+001
1.06752e-004,1.39315e-005,1.01563e-001,-2.08008e-001,3.38379e-001,1.75000e+001,4.45122e+001,-1.35976e+001
2.27436e-004,2.25422e-004,3.31055e-001,1.06934e-001,5.60059e-001,1.92073e+001,5.31098e+001,-1.56098e+001
2.70069e-004,3.29992e-004,3.88184e-001,2.64648e-001,6.73828e-001,1.76220e+001,5.59756e+001,-1.59756e+001
1.29076e-004,-1.30922e-005,3.86719e-001,5.09277e-001,8.16406e-001,1.31098e+001,5.34756e+001,-1.35976e+001
-6.26078e-005,-1.70031e-004,3.39844e-001,5.74707e-001,8.37402e-001,1.13415e+001,4.85976e+001,-1.20122e+001
-2.84001e-004,-5.67330e-005,1.94824e-001,6.09863e-001,8.16895e-001,8.04878e+000,3.63415e+001,-9.87805e+000
-2.27771e-004,6.22721e-005,9.08203e-002,5.76660e-001,7.87109e-001,5.67073e+000,2.84756e+001,-1.05488e+001
-5.38796e-005,2.18372e-004,-1.66016e-001,4.24316e-001,7.06543e-001,1.09756e+000,1.23780e+001,-1.32927e+001
-2.85344e-005,2.32471e-004,-2.75879e-001,3.23242e-001,6.66992e-001,-2.01220e+000,3.04878e+000,-1.43902e+001
-6.56291e-005,-1.55932e-004,-4.15527e-001,1.06445e-001,6.25000e-001,-8.29268e+000,-1.60366e+001,-1.73780e+001
-1.46029e-005,-2.97932e-004,-4.41895e-001,2.92969e-003,6.33789e-001,-1.09146e+001,-2.43902e+001,-1.92683e+001
3.87732e-005,-5.95865e-005,-4.28223e-001,-1.63574e-001,7.00684e-001,-1.45122e+001,-3.84146e+001,-2.16463e+001
4.04517e-005,3.67590e-005,-3.40332e-001,-2.54883e-001,8.02734e-001,-1.53049e+001,-4.30488e+001,-2.18293e+001
2.26596e-005,-3.64233e-005,-2.78809e-001,-2.69043e-001,8.59375e-001,-1.65244e+001,-4.75610e+001,-1.98171e+001
9.90310e-006,-2.50599e-004,-1.46484e-001,-2.51953e-001,9.55566e-001,-1.67683e+001,-4.80488e+001,-1.87805e+001
5.03548e-007,-3.81857e-004,-7.95898e-002,-2.30469e-001,9.77051e-001,-1.56098e+001,-4.56707e+001,-1.62195e+001
-5.20333e-006,-5.53903e-006,2.34375e-002,-1.66992e-001,9.74609e-001,-1.38415e+001,-4.26220e+001,-1.53049e+001
7.40215e-005,1.02556e-004,5.66406e-002,-1.37207e-001,9.64844e-001,-1.00610e+001,-3.64024e+001,-1.40244e+001
3.12367e-004,-4.24659e-005,1.03027e-001,-7.22656e-002,9.24805e-001,-7.56098e+000,-3.23780e+001,-1.33537e+001
4.55039e-004,-5.58938e-005,1.18652e-001,-4.58984e-002,8.99902e-001,-3.10976e+000,-2.43293e+001,-1.21951e+001
3.24453e-004,-3.54162e-005,1.24512e-001,5.85938e-003,8.29590e-001,1.40244e+000,-1.59756e+001,-1.12195e+001
2.31128e-004,-8.14069e-005,1.17188e-001,2.49023e-002,7.81250e-001,3.90244e+000,-1.23171e+001,-1.04878e+001
1.10948e-004,-1.14305e-004,8.34961e-002,4.78516e-002,6.81152e-001,8.71951e+000,-6.70732e+000,-9.63415e+000
-1.36965e-004,-8.71138e-005,6.54297e-002,3.95508e-002,6.37695e-001,1.10976e+001,-5.36585e+000,-8.78049e+000
-4.41276e-004,-3.77661e-005,2.14844e-002,7.81250e-003,5.56152e-001,1.55488e+001,-3.59756e+000,-7.62195e+000
-5.20165e-004,1.35622e-004,2.44141e-003,-1.46484e-002,5.20996e-001,1.78659e+001,-2.98780e+000,-7.31707e+000
-2.88029e-004,2.65370e-004,-2.34375e-002,-6.10352e-002,4.61426e-001,2.14024e+001,-2.56098e+000,-7.01220e+000
-1.27901e-004,2.34150e-004,-4.68750e-002,-8.15430e-002,4.24805e-001,2.31098e+001,-3.29268e+000,-6.76829e+000
-7.93927e-005,-7.88891e-006,-1.18164e-001,-1.11816e-001,3.46191e-001,2.62805e+001,-6.70732e+000,-6.15854e+000
1.32265e-004,-1.38811e-004,-1.59180e-001,-1.18652e-001,2.93945e-001,2.77439e+001,-9.20732e+000,-5.30488e+000
1.94537e-004,-1.46700e-004,-2.22656e-001,-1.25488e-001,1.75293e-001,3.07317e+001,-1.47561e+001,-3.90244e+000
1.77081e-004,-1.65331e-004,-2.49023e-001,-1.33301e-001,1.19629e-001,3.18293e+001,-1.79268e+001,-3.84146e+000
1.24376e-004,-6.66362e-005,-3.08105e-001,-1.25977e-001,4.49219e-002,3.33537e+001,-2.54268e+001,-5.67073e+000
5.22011e-005,1.30755e-004,-3.89648e-001,-1.07910e-001,2.97852e-002,3.36585e+001,-2.90244e+001,-7.62195e+000
-8.50996e-005,2.34485e-004,-4.33594e-001,-9.52148e-002,4.10156e-002,3.31707e+001,-3.71951e+001,-1.10366e+001
-1.35958e-004,1.62310e-004,-4.96582e-001,-5.76172e-002,1.01074e-001,3.23171e+001,-4.09146e+001,-1.17683e+001
2.33310e-005,3.91089e-005,-5.10742e-001,-4.78516e-002,1.43555e-001,2.87805e+001,-4.56098e+001,-1.29268e+001
3.79339e-005,-6.94896e-005,-4.85352e-001,-2.97852e-002,2.59766e-001,2.64634e+001,-4.78659e+001,-1.27439e+001
2.53452e-005,-2.13336e-004,-4.54590e-001,-2.39258e-002,3.20313e-001,2.20732e+001,-5.18902e+001,-1.14634e+001
-1.39315e-004,-4.53696e-004,-3.63770e-001,-6.34766e-003,4.12598e-001,2.00610e+001,-5.35976e+001,-1.01220e+001
-3.09346e-004,-5.62631e-004,-3.04688e-001,7.81250e-003,4.52148e-001,1.31098e+001,-5.62195e+001,-7.80488e+000
-2.47242e-004,-2.85512e-004,-1.68945e-001,2.39258e-002,5.23926e-001,7.01220e+000,-5.69512e+001,-5.79268e+000
-1.76745e-004,-7.60357e-005,-1.06445e-001,3.56445e-002,5.54199e-001,4.45122e+000,-5.65854e+001,-4.75610e+000
-1.73724e-004,6.93217e-005,1.17188e-002,5.81055e-002,5.97656e-001,-3.65854e-001,-5.48171e+001,-2.25610e+000
-1.17662e-004,1.34112e-004,5.85938e-002,7.56836e-002,6.18164e-001,-3.10976e+000,-5.28049e+001,-4.87805e-001
-3.30663e-005,9.91989e-005,1.36230e-001,1.04004e-001,7.00195e-001,-7.07317e+000,-4.76220e+001,3.10976e+000
-1.22530e-005,9.48348e-005,1.68945e-001,1.22070e-001,7.58301e-001,-8.71951e+000,-4.47561e+001,5.54878e+000
4.64942e-005,4.31373e-005,2.07520e-001,1.44043e-001,8.91602e-001,-1.03049e+001,-3.68902e+001,9.93902e+000
1.03227e-004,2.85344e-006,2.14844e-001,1.55273e-001,9.54590e-001,-1.10976e+001,-3.35366e+001,1.24390e+001
9.51705e-005,1.62814e-005,2.20703e-001,1.71387e-001,1.04443e+000,-1.17073e+001,-2.73171e+001,1.73171e+001
5.89151e-005,3.62554e-005,2.18262e-001,1.81152e-001,1.09717e+000,-1.15854e+001,-2.51220e+001,1.95122e+001
6.68040e-005,7.30144e-005,2.15820e-001,2.02637e-001,1.25732e+000,-1.25000e+001,-2.04268e+001,2.27439e+001
8.40925e-005,1.60296e-004,2.03125e-001,2.14355e-001,1.35107e+000,-1.35976e+001,-1.77439e+001,2.32317e+001
6.37827e-006,2.54124e-004,1.74805e-001,2.50000e-001,1.55322e+000,-1.79878e+001,-1.31098e+001,2.60976e+001
-1.93027e-005,-1.62814e-005,1.70410e-001,2.82227e-001,1.70850e+000,-2.10366e+001,-1.18902e+001,2.78049e+001
3.54162e-005,-3.12535e-004,1.87012e-001,2.86133e-001,1.75684e+000,-2.89024e+001,-1.12195e+001,3.21951e+001
-4.80049e-005,-1.23705e-004,2.30469e-001,2.86133e-001,1.78516e+000,-3.21341e+001,-1.03049e+001,3.37805e+001
-7.92248e-005,-1.44183e-004,2.53418e-001,2.78809e-001,1.75635e+000,-3.85366e+001,-6.52439e+000,3.60976e+001
5.95865e-005,-2.07965e-004,3.31543e-001,2.05566e-001,1.70068e+000,-4.12805e+001,-2.50000e+000,3.79268e+001
1.19005e-004,-6.24399e-005,4.10156e-001,1.41602e-001,1.68066e+000,-4.29268e+001,1.14024e+001,4.38415e+001
8.02319e-005,-4.54871e-005,4.70215e-001,5.56641e-002,1.77686e+000,-4.30488e+001,2.27439e+001,4.72561e+001
4.71656e-005,-5.23690e-005,4.26758e-001,2.24609e-002,1.92822e+000,-4.37195e+001,3.45122e+001,5.36585e+001
-3.60876e-005,6.05936e-005,2.29980e-001,5.22461e-002,2.07568e+000,-2.25000e+001,1.26829e+001,4.34146e+001
-1.21355e-004,1.63317e-004,-2.39258e-002,1.17188e-001,1.98975e+000,-7.74390e+000,-4.81707e+000,2.87195e+001
-1.89334e-004,1.88495e-004,-5.38574e-001,1.77734e-001,1.70166e+000,1.28659e+001,-3.76220e+001,7.07317e+000
-1.64660e-004,2.08637e-004,-6.78223e-001,1.10352e-001,1.50879e+000,1.82927e+001,-4.87195e+001,5.18293e+000
-5.06905e-005,2.74266e-004,-7.63184e-001,-1.27930e-001,1.07422e+000,2.02439e+001,-5.97561e+001,1.32927e+001
9.11421e-005,1.64324e-004,-8.08594e-001,-2.29980e-001,9.15527e-001,1.70122e+001,-6.45732e+001,1.76220e+001
1.72885e-004,4.41444e-005,-9.15039e-001,-3.43750e-001,7.44629e-001,7.37805e+000,-7.30488e+001,2.59756e+001
1.38476e-004,3.59197e-005,-8.93555e-001,-3.76953e-001,6.92383e-001,4.14634e+000,-7.13415e+001,3.26829e+001
2.73594e-005,3.45769e-005,-6.85059e-001,-4.15527e-001,6.02051e-001,2.37805e+000,-5.54268e+001,4.91463e+001
-5.01869e-005,-2.18204e-006,-5.31250e-001,-4.10645e-001,5.63477e-001,3.78049e+000,-4.31098e+001,5.65854e+001
-1.40490e-004,-7.83856e-005,-1.79688e-001,-3.52051e-001,5.60059e-001,7.07317e+000,-1.94512e+001,6.67073e+001
-1.13298e-004,-6.94896e-005,-9.27734e-003,-2.87598e-001,6.00098e-001,9.81707e+000,-7.86585e+000,6.94512e+001
-6.46220e-005,-1.29244e-005,2.24121e-001,-1.29395e-001,7.52441e-001,1.35366e+001,1.21341e+001,6.83537e+001
-9.09743e-005,-3.91089e-005,3.22754e-001,1.51367e-002,9.25293e-001,1.42683e+001,1.96951e+001,6.62805e+001
-6.69719e-005,-1.22698e-004,3.24707e-001,6.05469e-002,9.93652e-001,1.65244e+001,2.62805e+001,6.12195e+001
3.87732e-005,-1.23033e-004,2.66602e-001,1.06934e-001,1.05127e+000,1.81707e+001,2.54878e+001,5.83537e+001
1.56603e-004,-6.56291e-005,2.20215e-001,1.17188e-001,1.02881e+000,2.32927e+001,1.88415e+001,4.95122e+001
1.89166e-004,-1.89837e-004,7.61719e-002,1.11816e-001,9.45313e-001,2.66463e+001,1.50610e+001,4.30488e+001
1.83795e-004,-2.61006e-004,-1.46484e-002,1.06934e-001,9.02344e-001,3.12195e+001,7.13415e+000,2.96951e+001
1.28740e-004,-2.64027e-004,-1.78223e-001,8.10547e-002,8.21777e-001,3.29268e+001,2.50000e+000,2.35976e+001
-7.08324e-005,-2.34821e-004,-2.39746e-001,6.20117e-002,7.88574e-001,3.48171e+001,-3.96341e+000,1.50000e+001
-1.93530e-004,-2.87022e-005,-3.20801e-001,2.58789e-002,7.67578e-001,3.30488e+001,-9.32927e+000,9.57317e+000
-1.36126e-004,2.71077e-004,-3.32520e-001,6.83594e-003,7.75391e-001,3.14024e+001,-1.08537e+001,8.10976e+000
-8.49317e-005,4.12741e-004,-3.02734e-001,-1.85547e-002,8.23242e-001,2.65854e+001,-1.21951e+001,7.07317e+000
-9.81918e-005,2.37842e-004,-2.70996e-001,-1.95313e-002,8.57422e-001,2.39024e+001,-1.21951e+001,7.31707e+000
-1.16991e-004,3.15221e-004,-1.84082e-001,-1.61133e-002,9.20898e-001,1.98780e+001,-1.13415e+001,8.04878e+000
-1.85473e-004,2.55802e-004,-1.34766e-001,2.44141e-003,9.53613e-001,1.82927e+001,-1.04268e+001,8.59756e+000
-1.54589e-004,7.01610e-005,-4.98047e-002,3.17383e-002,1.00830e+000,1.56707e+001,-9.26829e+000,8.59756e+000
-4.66621e-005,-6.88182e-005,-1.07422e-002,5.56641e-002,1.02881e+000,1.48780e+001,-8.53659e+000,8.71951e+000
3.54162e-005,-1.22026e-004,4.44336e-002,9.17969e-002,1.05371e+000,1.32927e+001,-6.40244e+000,7.80488e+000
9.18135e-005,-8.61067e-005,5.81055e-002,1.07910e-001,1.05957e+000,1.30488e+001,-5.30488e+000,7.01220e+000
6.56291e-005,-5.18654e-005,6.93359e-002,1.20117e-001,1.07227e+000,1.26220e+001,-2.56098e+000,4.81707e+000
4.54871e-005,-5.08583e-005,6.10352e-002,1.25977e-001,1.08105e+000,1.23780e+001,-1.03659e+000,3.53659e+000
2.11490e-005,2.50095e-005,4.44336e-002,1.15234e-001,1.10156e+000,1.14024e+001,2.19512e+000,2.50000e+000
-7.88891e-006,2.23239e-005,2.92969e-002,9.96094e-002,1.08545e+000,1.12805e+001,4.57317e+000,2.43902e+000
-8.39246e-006,-9.55062e-005,1.31836e-002,9.81445e-002,1.07959e+000,9.02439e+000,8.17073e+000,4.87805e-001
-3.77661e-005,-1.28069e-004,-2.00195e-002,8.44727e-002,1.06738e+000,7.62195e+000,9.75610e+000,1.82927e-001
-1.10781e-005,-1.80774e-004,-2.53906e-002,8.49609e-002,1.06934e+000,3.47561e+000,1.29268e+001,1.46341e+000
6.96574e-005,-1.49889e-004,-3.75977e-002,7.81250e-002,1.09424e+000,1.70732e+000,1.45122e+001,1.89024e+000
2.23239e-005,-6.63004e-005,-3.71094e-002,7.51953e-002,1.11328e+000,-1.76829e+000,1.70122e+001,3.53659e+000
-7.26787e-005,-1.51064e-006,-1.70898e-002,7.42188e-002,1.13916e+000,-3.10976e+000,1.81707e+001,4.45122e+000
-4.33051e-005,8.22461e-006,-5.37109e-003,7.42188e-002,1.13525e+000,-5.36585e+000,1.83537e+001,4.81707e+000
1.19173e-005,-4.11231e-005,-5.37109e-003,7.17773e-002,1.12988e+000,-7.07317e+000,1.56707e+001,2.80488e+000
-1.19173e-005,-8.72816e-006,-2.24609e-002,6.59180e-002,1.12500e+000,-7.62195e+000,1.32927e+001,1.82927e+000
-1.39315e-005,9.90310e-006,-4.39453e-002,5.61523e-002,1.09863e+000,-9.20732e+000,9.39024e+000,1.15854e+000
-8.39246e-007,7.21752e-006,-4.88281e-002,5.61523e-002,1.08691e+000,-1.01220e+001,8.47561e+000,9.14634e-001
-1.44350e-005,2.60166e-005,-7.42188e-002,5.66406e-002,1.09131e+000,-1.25000e+001,5.97561e+000,4.87805e-001
-1.59457e-005,8.35889e-005,-8.39844e-002,6.10352e-002,1.10742e+000,-1.36585e+001,5.00000e+000,1.21951e-001
-1.69528e-005,-1.39315e-005,-9.03320e-002,6.49414e-002,1.13428e+000,-1.54268e+001,2.37805e+000,4.87805e-001
-2.63523e-005,-8.03998e-005,-8.25195e-002,7.08008e-002,1.12207e+000,-1.56707e+001,1.15854e+000,3.65854e-001
-1.62814e-005,-8.56031e-005,-6.59180e-002,6.93359e-002,1.10205e+000,-1.77439e+001,-4.26829e-001,-1.09756e+000
-2.34989e-006,-3.07164e-005,-5.07813e-002,6.00586e-002,1.12598e+000,-1.77439e+001,-1.03659e+000,-2.07317e+000
-4.02838e-006,7.46929e-005,-2.58789e-002,3.71094e-002,1.14209e+000,-1.61585e+001,-3.59756e+000,-5.48780e+000
-3.23949e-005,7.16716e-005,-2.05078e-002,3.17383e-002,1.14209e+000,-1.57927e+001,-4.57317e+000,-7.50000e+000
-5.38796e-005,4.54871e-005,-2.00195e-002,4.00391e-002,1.11572e+000,-1.48171e+001,-5.85366e+000,-1.03659e+001
-5.90829e-005,1.32769e-004,-1.85547e-002,4.15039e-002,1.06592e+000,-1.45732e+001,-5.79268e+000,-1.18293e+001
-6.76432e-005,1.18669e-004,-1.41602e-002,4.15039e-002,1.04443e+000,-1.61585e+001,-6.52439e+000,-1.46951e+001
-5.35439e-005,4.44800e-005,-1.46484e-002,4.05273e-002,1.01025e+000,-1.64634e+001,-7.43902e+000,-1.66463e+001
-2.38346e-005,7.55322e-006,-1.12305e-002,4.24805e-002,9.87793e-001,-1.66463e+001,-9.45122e+000,-2.10976e+001
-3.35698e-007,1.02388e-005,-3.90625e-002,2.97852e-002,9.86328e-001,-1.70732e+001,-9.69512e+000,-2.30488e+001
-1.15816e-005,5.27047e-005,-5.81055e-002,2.44141e-002,9.93164e-001,-1.73780e+001,-1.15854e+001,-2.57927e+001
7.21752e-006,2.04776e-005,-1.09863e-001,3.41797e-003,9.90234e-001,-1.75000e+001,-1.24390e+001,-2.71951e+001
4.46479e-005,-3.64233e-005,-1.16699e-001,-6.34766e-003,9.78516e-001,-1.82317e+001,-1.55488e+001,-2.62805e+001
5.92508e-005,-4.71656e-005,-1.10840e-001,-2.83203e-002,9.39941e-001,-1.83537e+001,-1.82927e+001,-2.53049e+001
6.32792e-005,-4.07874e-005,-1.09375e-001,-3.41797e-002,9.03320e-001,-1.79268e+001,-1.95732e+001,-2.62805e+001
3.74304e-005,-1.86313e-005,-1.10352e-001,-4.93164e-002,8.38379e-001,-1.65244e+001,-2.18902e+001,-3.00610e+001
1.19173e-005,2.75273e-005,-1.09863e-001,-5.27344e-002,8.28125e-001,-1.61585e+001,-2.26829e+001,-3.20732e+001
1.32601e-005,1.99741e-005,-1.09375e-001,-4.73633e-002,8.99414e-001,-1.62195e+001,-2.34146e+001,-3.57317e+001
3.60876e-005,-2.23239e-005,-1.10352e-001,-4.05273e-002,9.48730e-001,-1.59756e+001,-2.28659e+001,-3.64634e+001
3.67590e-005,-9.56741e-006,-1.20117e-001,-3.07617e-002,1.02441e+000,-1.60366e+001,-2.02439e+001,-3.62195e+001
-2.03098e-005,8.22461e-006,-1.16211e-001,-2.34375e-002,1.05566e+000,-1.62805e+001,-1.89634e+001,-3.54268e+001
-5.52224e-005,-1.98062e-005,-8.25195e-002,-1.56250e-002,1.07861e+000,-1.49390e+001,-1.56707e+001,-3.31098e+001
-2.76951e-005,2.53452e-005,-4.78516e-002,-1.17188e-002,1.06348e+000,-1.37805e+001,-1.29268e+001,-3.18293e+001
-5.80758e-005,1.00877e-004,3.27148e-002,-6.34766e-003,1.02881e+000,-1.09756e+001,-2.92683e+000,-2.94512e+001
-9.09743e-005,9.44991e-005,8.05664e-002,-2.44141e-003,1.01563e+000,-9.63415e+000,2.80488e+000,-2.84756e+001
-9.70169e-005,3.60876e-005,1.45996e-001,9.76563e-004,1.05713e+000,-6.76829e+000,1.65244e+001,-2.72561e+001
-1.07927e-004,-6.59647e-005,1.69434e-001,1.17188e-002,1.11670e+000,-5.42683e+000,2.26220e+001,-2.73171e+001
-1.31762e-004,-8.24140e-005,1.59180e-001,1.51367e-002,1.13770e+000,-2.37805e+000,3.19512e+001,-2.74390e+001
-1.35958e-004,3.55840e-005,1.37695e-001,1.90430e-002,1.17871e+000,-3.65854e-001,3.51829e+001,-2.71341e+001
-1.18669e-004,4.81727e-005,1.28418e-001,2.24609e-002,1.18799e+000,2.92683e+000,4.28049e+001,-2.54268e+001
-6.79789e-005,2.50095e-005,1.01563e-001,6.83594e-003,1.11963e+000,5.42683e+000,4.68902e+001,-2.45122e+001
-1.37636e-005,3.20592e-005,9.27734e-002,-1.95313e-003,1.05762e+000,1.22561e+001,5.30488e+001,-2.26220e+001
1.59457e-005,5.15297e-005,7.91016e-002,-2.92969e-002,9.76074e-001,1.56098e+001,5.58537e+001,-2.17683e+001
5.03548e-006,9.56741e-006,5.71289e-002,-5.02930e-002,9.55566e-001,2.22561e+001,5.99390e+001,-1.90854e+001
-4.58228e-005,-7.38537e-006,1.02539e-002,-1.29395e-001,8.59375e-001,2.79268e+001,6.04268e+001,-1.25000e+001
-6.32792e-005,-1.67849e-007,-1.90430e-002,-1.91406e-001,8.02246e-001,2.93902e+001,5.89024e+001,-7.01220e+000
-5.22011e-005,-2.85344e-006,-8.49609e-002,-3.40332e-001,6.03516e-001,3.17073e+001,5.35366e+001,5.60976e+000
-1.39315e-005,-6.04257e-006,-1.00586e-001,-4.07715e-001,5.09766e-001,3.17073e+001,5.01220e+001,1.08537e+001
5.42153e-005,-4.51514e-005,-7.81250e-002,-4.87305e-001,3.75977e-001,3.15244e+001,4.74390e+001,1.49390e+001
7.70428e-005,-6.88182e-005,-4.73633e-002,-4.84375e-001,3.04199e-001,3.35976e+001,4.82317e+001,1.29878e+001
7.63714e-005,-5.80758e-005,6.88477e-002,-3.76953e-001,2.45117e-001,3.85366e+001,5.19512e+001,7.31707e-001
6.63004e-005,-3.23949e-005,1.38184e-001,-2.64648e-001,3.15430e-001,4.03659e+001,5.49390e+001,-7.56098e+000
5.08583e-005,-2.63523e-005,2.36816e-001,4.73633e-002,5.91797e-001,3.97561e+001,6.54268e+001,-2.37805e+001
3.35698e-007,-4.53193e-006,2.38770e-001,2.13379e-001,7.31934e-001,3.76220e+001,7.00000e+001,-2.95122e+001
-3.86053e-005,4.19623e-005,1.53320e-001,4.74121e-001,9.04297e-001,3.34756e+001,7.05488e+001,-3.26829e+001
-7.20073e-005,6.68040e-005,9.37500e-002,5.58105e-001,9.14551e-001,3.29878e+001,6.67683e+001,-3.04268e+001
-8.27497e-005,7.06645e-005,-3.07617e-002,6.32324e-001,8.54004e-001,3.27439e+001,5.16463e+001,-2.17073e+001
-4.78370e-005,6.89860e-005,-1.94336e-001,5.71777e-001,7.69043e-001,3.17683e+001,4.27439e+001,-1.81707e+001
-1.32601e-005,-6.21042e-006,-2.91992e-001,4.92188e-001,7.43164e-001,2.57317e+001,2.19512e+001,-1.41463e+001
1.86313e-005,-8.87923e-005,-4.43848e-001,2.87109e-001,7.08008e-001,2.08537e+001,1.09146e+001,-1.25610e+001
2.53452e-005,-1.05913e-004,-4.65820e-001,1.65039e-001,7.67090e-001,8.29268e+000,-1.11585e+001,-1.09146e+001
1.12459e-005,-7.83856e-005,-4.58496e-001,-5.66406e-002,8.27637e-001,5.54878e+000,-1.66463e+001,-1.09146e+001
-2.90379e-005,3.59197e-005,-4.22363e-001,-1.37207e-001,8.36426e-001,8.53659e-001,-2.85366e+001,-1.21341e+001
-4.98512e-005,1.09606e-004,-2.74414e-001,-2.50000e-001,8.62793e-001,-7.31707e-001,-3.35976e+001,-1.27439e+001
-8.02319e-005,9.85275e-005,-1.92383e-001,-2.73926e-001,8.71582e-001,-2.01220e+000,-3.87805e+001,-1.18293e+001
-8.03998e-005,8.44282e-005,-3.56445e-002,-2.67090e-001,8.74023e-001,-1.82927e+000,-3.90244e+001,-1.10976e+001
-8.89601e-006,1.79599e-005,1.95313e-002,-2.48047e-001,8.77930e-001,-1.09756e+000,-3.72561e+001,-1.08537e+001
3.10521e-005,-5.06905e-005,8.54492e-002,-1.83594e-001,8.79883e-001,1.76829e+000,-3.27439e+001,-1.10976e+001
7.20073e-005,-6.99931e-005,8.98438e-002,-1.43555e-001,8.80371e-001,3.29268e+000,-2.98171e+001,-1.16463e+001
1.38979e-004,-6.09293e-005,5.90820e-002,-5.22461e-002,8.86230e-001,6.70732e+000,-2.39634e+001,-1.29878e+001
1.18334e-004,-4.85084e-005,2.19727e-002,-2.44141e-003,9.06250e-001,8.04878e+000,-2.17073e+001,-1.41463e+001
7.13359e-005,-3.79339e-005,-6.44531e-002,9.76563e-002,9.50195e-001,9.20732e+000,-1.82927e+001,-1.46951e+001
3.23949e-005,2.18204e-006,-1.04004e-001,1.39648e-001,9.65820e-001,9.14634e+000,-1.73171e+001,-1.44512e+001
5.03548e-006,5.95865e-005,-1.55762e-001,1.86035e-001,9.83398e-001,8.65854e+000,-1.53659e+001,-1.28049e+001
-3.47448e-005,9.55062e-005,-1.54785e-001,1.90918e-001,9.82910e-001,7.98780e+000,-1.49390e+001,-1.13415e+001
-5.32082e-005,8.71138e-005,-1.23047e-001,1.60645e-001,9.69727e-001,7.68293e+000,-1.45122e+001,-7.25610e+000
-8.03998e-005,5.22011e-005,-8.59375e-002,1.27930e-001,9.48242e-001,7.80488e+000,-1.48171e+001,-5.91463e+000
-1.05241e-004,8.57710e-005,-1.56250e-002,4.98047e-002,8.78418e-001,9.08537e+000,-1.45122e+001,-3.96341e+000
-1.03899e-004,1.50561e-004,3.56445e-002,-2.78320e-002,7.77344e-001,1.04268e+001,-1.45122e+001,-3.41463e+000
-7.83856e-005,8.49317e-005,5.17578e-002,-6.54297e-002,7.05078e-001,1.42073e+001,-1.40244e+001,-3.59756e+000
-3.79339e-005,-7.16716e-005,5.56641e-002,-1.26465e-001,5.27832e-001,1.65854e+001,-1.31707e+001,-3.65854e+000
-9.23171e-006,-3.54162e-005,3.66211e-002,-1.53320e-001,4.33105e-001,2.20122e+001,-1.19512e+001,-4.39024e+000
-4.36408e-006,5.58938e-005,-2.97852e-002,-1.89941e-001,2.74414e-001,2.45122e+001,-1.16463e+001,-5.06098e+000
-1.99741e-005,1.00710e-004,-8.00781e-002,-1.96289e-001,2.25586e-001,2.92683e+001,-1.39634e+001,-7.13415e+000
-5.18654e-005,-2.73594e-005,-2.16797e-001,-1.96289e-001,1.66016e-001,3.17683e+001,-1.59146e+001,-8.41463e+000
-6.27756e-005,-2.20386e-004,-3.00781e-001,-1.87500e-001,1.31348e-001,3.66463e+001,-2.31098e+001,-1.06707e+001
-2.51774e-005,-2.70069e-004,-4.60938e-001,-1.59668e-001,6.59180e-002,4.18293e+001,-3.35976e+001,-1.23171e+001
-1.59457e-005,-3.11025e-004,-5.34180e-001,-1.34766e-001,3.36914e-002,4.32927e+001,-4.04878e+001,-1.32927e+001
-4.12909e-005,-3.83200e-004,-6.68945e-001,-8.30078e-002,1.36719e-002,4.37805e+001,-5.38415e+001,-1.50610e+001
-6.14328e-005,-2.13672e-004,-7.19727e-001,-5.61523e-002,3.12500e-002,4.29268e+001,-6.00610e+001,-1.57317e+001
-2.33310e-005,8.19104e-005,-7.89063e-001,-1.90430e-002,1.14258e-001,3.87805e+001,-7.01220e+001,-1.67683e+001
1.99741e-005,2.37171e-004,-7.99805e-001,-3.41797e-003,1.77734e-001,3.59756e+001,-7.38415e+001,-1.67073e+001
8.14069e-005,7.26787e-005,-7.41211e-001,2.14844e-002,3.17383e-001,3.06098e+001,-7.96951e+001,-1.54878e+001
1.31426e-004,-3.60876e-005,-6.72363e-001,3.27148e-002,3.93066e-001,2.72561e+001,-8.20732e+001,-1.44512e+001
1.22026e-004,-4.31373e-005,-4.82910e-001,5.71289e-002,5.12207e-001,2.10366e+001,-8.46341e+001,-1.25610e+001
1.16991e-004,5.53903e-005,-3.73047e-001,7.08008e-002,5.55176e-001,1.73780e+001,-8.56098e+001,-1.17683e+001
1.44183e-004,5.45510e-005,-1.57227e-001,1.02539e-001,6.66992e-001,9.45122e+000,-8.62195e+001,-1.07927e+001
1.50225e-004,-6.07614e-005,-6.15234e-002,1.19629e-001,7.29004e-001,5.54878e+000,-8.61585e+001,-1.04878e+001
1.22698e-004,-1.22362e-004,1.10352e-001,1.49414e-001,8.36426e-001,-1.58537e+000,-8.37195e+001,-8.53659e+000
6.56291e-005,-1.16152e-004,2.32910e-001,1.88477e-001,8.77930e-001,-4.63415e+000,-8.16463e+001,-7.07317e+000
-8.05676e-006,-1.40322e-004,2.76855e-001,2.08984e-001,8.75000e-001,-9.69512e+000,-7.82927e+001,-3.96341e+000
-6.09293e-005,-1.45525e-004,3.27148e-001,2.44629e-001,8.89648e-001,-1.20732e+001,-7.65244e+001,-2.86585e+000
-1.28740e-004,-2.90379e-005,3.39355e-001,2.55859e-001,9.11621e-001,-1.57317e+001,-7.10976e+001,-7.92683e-001
-1.62982e-004,8.03998e-005,3.21289e-001,2.70996e-001,9.47754e-001,-1.62195e+001,-6.60366e+001,-7.31707e-001
-1.81445e-004,1.49218e-004,3.06152e-001,2.74414e-001,9.93652e-001,-1.64634e+001,-5.24390e+001,0.00000e+000
-1.88159e-004,1.80270e-004,2.78809e-001,2.68066e-001,1.11133e+000,-1.59146e+001,-4.43902e+001,9.14634e-001
-1.50896e-004,1.09270e-004,2.67578e-001,2.66113e-001,1.17676e+000,-1.41463e+001,-2.73171e+001,3.47561e+000
-7.30144e-005,5.69009e-005,2.53418e-001,2.57324e-001,1.31836e+000,-1.31707e+001,-1.07927e+001,7.43902e+000
-1.51064e-006,5.01869e-005,2.67578e-001,2.61230e-001,1.39893e+000,-1.32927e+001,-3.59756e+000,1.04268e+001
-1.10781e-005,3.52483e-006,3.00781e-001,2.61719e-001,1.56055e+000,-1.73171e+001,9.08537e+000,1.85976e+001
-5.11940e-005,-7.57000e-005,3.17383e-001,2.67090e-001,1.63330e+000,-2.05488e+001,1.40244e+001,2.34146e+001
-4.81727e-005,-1.00710e-006,3.46191e-001,2.89063e-001,1.72363e+000,-2.63415e+001,1.90244e+001,3.28049e+001
-5.16976e-005,1.83795e-004,3.60840e-001,2.93945e-001,1.73291e+000,-2.97561e+001,2.09146e+001,3.66463e+001
-6.96574e-005,2.55802e-004,4.16992e-001,2.63184e-001,1.73145e+000,-3.31707e+001,2.70122e+001,4.52439e+001
-4.51514e-005,4.26337e-005,4.64355e-001,2.25098e-001,1.72119e+000,-3.42683e+001,3.17683e+001,5.03659e+001
-1.29244e-005,-3.47616e-004,5.44434e-001,1.50879e-001,1.69873e+000,-3.53659e+001,4.87805e+001,5.95732e+001
-6.04257e-006,-4.86931e-004,5.25391e-001,1.32813e-001,1.79932e+000,-3.68293e+001,5.28659e+001,6.15854e+001
-1.93027e-005,2.76951e-005,3.76953e-001,1.09375e-001,2.01270e+000,-2.54268e+001,3.71951e+001,5.31707e+001
-3.12200e-005,4.01160e-004,1.87988e-001,1.31836e-001,1.96777e+000,-1.17073e+001,1.96951e+001,3.98780e+001
-2.81987e-005,3.90417e-004,-2.49023e-001,1.88477e-001,1.61816e+000,1.26220e+001,-1.48171e+001,1.56707e+001
-3.40734e-005,2.92897e-004,-4.38965e-001,3.80859e-002,1.25635e+000,1.73780e+001,-2.60366e+001,1.04878e+001
-2.63523e-005,2.07294e-004,-4.70703e-001,-8.78906e-002,1.09863e+000,1.85366e+001,-3.85366e+001,1.39634e+001
4.24659e-005,1.63989e-004,-5.75195e-001,-2.75879e-001,9.81934e-001,1.55488e+001,-4.54268e+001,1.77439e+001
6.09293e-005,2.08133e-005,-6.40625e-001,-3.41309e-001,9.67773e-001,7.25610e+000,-5.98781e+001,2.53049e+001
2.76951e-005,-1.54757e-004,-6.16211e-001,-4.06738e-001,8.67188e-001,5.24390e+000,-6.25610e+001,3.19512e+001
1.39315e-005,-1.84802e-004,-5.17578e-001,-4.16504e-001,7.85156e-001,4.08537e+000,-5.19512e+001,4.73781e+001
5.08583e-005,-1.55093e-004,-2.47559e-001,-3.99414e-001,6.49414e-001,4.32927e+000,-4.02439e+001,5.43293e+001
1.06752e-004,-1.44183e-004,-1.01074e-001,-3.66211e-001,6.32324e-001,5.30488e+000,-1.49390e+001,6.31098e+001
7.21752e-005,-1.24376e-004,1.49414e-001,-2.46094e-001,6.98730e-001,7.98780e+000,6.95122e+000,6.43902e+001
1.67849e-007,-6.86503e-005,2.27539e-001,-1.58203e-001,7.59277e-001,8.96342e+000,1.48780e+001,6.20122e+001
-4.38087e-005,-1.62814e-005,2.55859e-001,1.26953e-002,8.85254e-001,1.04878e+001,2.44512e+001,5.37805e+001
-5.22011e-005,3.05486e-005,2.17285e-001,7.37305e-002,9.29688e-001,1.07317e+001,2.48780e+001,5.00000e+001
-2.76951e-005,4.91798e-005,1.02051e-001,1.37695e-001,9.63867e-001,1.25610e+001,1.93902e+001,4.32317e+001
6.54612e-006,9.56741e-006,3.66211e-002,1.45996e-001,9.64844e-001,1.43902e+001,1.42683e+001,3.95732e+001
2.40024e-005,-3.59197e-005,-9.81445e-002,1.42578e-001,9.36523e-001,1.90854e+001,1.28049e+000,3.00000e+001
4.07874e-005,-1.08598e-004,-1.71875e-001,1.31836e-001,9.16504e-001,2.11585e+001,-5.54878e+000,2.49390e+001
4.49836e-005,-1.68353e-004,-3.11035e-001,1.04492e-001,8.50098e-001,2.34146e+001,-1.89024e+001,1.64634e+001
1.62814e-005,-1.73388e-004,-3.56445e-001,8.10547e-002,8.16895e-001,2.33537e+001,-2.47561e+001,1.35976e+001
-5.62295e-005,-1.32433e-004,-3.76953e-001,3.80859e-002,7.88086e-001,2.07927e+001,-3.37195e+001,1.02439e+001
-8.27497e-005,-1.00206e-004,-3.57910e-001,1.61133e-002,7.95410e-001,1.89634e+001,-3.63415e+001,9.69512e+000
-5.85794e-005,-8.34211e-005,-2.66602e-001,-1.70898e-002,8.51074e-001,1.40244e+001,-3.79268e+001,1.03659e+001
-9.34920e-005,5.62295e-005,-1.27930e-001,-2.53906e-002,9.27734e-001,1.22561e+001,-3.67683e+001,1.15854e+001
-9.65133e-005,2.14679e-004,-5.81055e-002,-1.85547e-002,9.65332e-001,9.14634e+000,-3.21341e+001,1.39024e+001
-7.93927e-005,2.00244e-004,7.76367e-002,6.34766e-003,1.04346e+000,7.74390e+000,-2.85366e+001,1.46341e+001
-5.45510e-005,1.38476e-004,1.31348e-001,2.29492e-002,1.07129e+000,6.46341e+000,-2.04878e+001,1.64634e+001
-3.70947e-005,6.29435e-005,1.99219e-001,5.17578e-002,1.10547e+000,6.40244e+000,-1.57927e+001,1.64634e+001
-1.93027e-005,-1.49386e-005,2.17285e-001,6.83594e-002,1.10986e+000,7.92683e+000,-6.40244e+000,1.63415e+001
7.55322e-006,-8.22461e-006,2.12891e-001,9.42383e-002,1.10498e+000,8.65854e+000,-2.07317e+000,1.57317e+001
1.59457e-005,2.75273e-005,2.00195e-001,1.00586e-001,1.09619e+000,1.02439e+001,6.34146e+000,1.48780e+001
1.67849e-006,3.07164e-005,1.48926e-001,1.12793e-001,1.08691e+000,1.06098e+001,1.19512e+001,1.42073e+001
3.03807e-005,5.82437e-005,1.24023e-001,1.17188e-001,1.08350e+000,1.04878e+001,1.44512e+001,1.45732e+001
7.04967e-006,1.28740e-004,8.30078e-002,1.13281e-001,1.07959e+000,8.59756e+000,1.88415e+001,1.52439e+001
-4.98512e-005,1.66674e-004,6.73828e-002,1.10840e-001,1.08252e+000,7.56098e+000,2.06098e+001,1.62195e+001
-6.86503e-005,1.01213e-004,6.20117e-002,9.71680e-002,1.10254e+000,4.63415e+000,2.43902e+001,1.79268e+001
-5.48867e-005,1.51064e-006,6.73828e-002,9.37500e-002,1.10547e+000,3.17073e+000,2.67683e+001,1.92683e+001
1.94705e-005,-6.88182e-005,7.81250e-002,8.15430e-002,1.09521e+000,6.09756e-001,3.14634e+001,1.98171e+001
1.06584e-004,-9.36599e-005,6.83594e-002,8.74023e-002,1.08154e+000,-1.03659e+000,3.34756e+001,1.96341e+001
1.48882e-004,-8.40925e-005,3.56445e-002,9.52148e-002,1.09473e+000,-5.48780e+000,3.50000e+001,1.88415e+001
1.13970e-004,-6.79789e-005,2.68555e-002,9.91211e-002,1.10693e+000,-7.80488e+000,3.54268e+001,1.93293e+001
8.94636e-005,-1.05913e-004,3.07617e-002,9.76563e-002,1.10303e+000,-1.10976e+001,3.64024e+001,2.12195e+001
5.95865e-005,-1.25216e-004,3.56445e-002,9.76563e-002,1.10107e+000,-1.29878e+001,3.67683e+001,2.09756e+001
-1.46029e-005,-3.79339e-005,1.56250e-002,8.83789e-002,1.10205e+000,-1.68902e+001,3.65244e+001,1.96341e+001
-6.68040e-005,-7.21752e-006,-2.49023e-002,8.15430e-002,1.09424e+000,-1.81707e+001,3.61585e+001,1.86585e+001
-6.79789e-005,-3.79339e-005,-5.51758e-002,8.64258e-002,1.08252e+000,-2.13415e+001,3.34756e+001,1.70732e+001
-9.83597e-005,-5.50546e-005,-1.24023e-001,8.10547e-002,1.05322e+000,-2.29268e+001,3.16463e+001,1.61585e+001
-1.01717e-004,-2.38346e-005,-1.42090e-001,7.03125e-002,1.03320e+000,-2.64024e+001,2.60366e+001,1.42683e+001
-2.36667e-005,4.44800e-005,-1.64551e-001,4.24805e-002,9.70703e-001,-2.70122e+001,2.26829e+001,1.22561e+001
1.51064e-006,6.22721e-005,-1.68457e-001,3.27148e-002,9.43848e-001,-2.78659e+001,1.90854e+001,8.96342e+000
-3.81018e-005,4.61585e-005,-1.70898e-001,1.75781e-002,9.20410e-001,-2.75610e+001,1.81707e+001,7.43902e+000
-7.40215e-005,5.48867e-005,-1.66992e-001,1.36719e-002,9.09180e-001,-2.69512e+001,1.53049e+001,4.26829e+000
-7.60357e-005,1.03059e-004,-1.55273e-001,1.41602e-002,8.97461e-001,-2.50000e+001,1.21951e+001,6.09756e-002
-8.15747e-005,1.07759e-004,-1.55762e-001,1.66016e-002,8.93555e-001,-2.46341e+001,1.04268e+001,-2.13415e+000
-9.34920e-005,7.10002e-005,-1.57715e-001,2.34375e-002,8.87695e-001,-2.32317e+001,5.79268e+000,-6.03659e+000
-5.57259e-005,-3.50805e-005,-1.63574e-001,2.68555e-002,8.90137e-001,-2.21951e+001,3.23171e+000,-7.80488e+000
-1.22530e-005,-7.40215e-005,-1.87012e-001,1.46484e-002,8.76953e-001,-1.89024e+001,-4.57317e+000,-1.23780e+001
-9.56741e-006,-3.74304e-005,-1.89453e-001,9.27734e-003,8.58398e-001,-1.67073e+001,-8.78049e+000,-1.46951e+001
-1.05745e-005,-2.43381e-005,-2.17773e-001,-4.88281e-004,8.26660e-001,-1.43902e+001,-1.37805e+001,-1.92683e+001
-5.40475e-005,-8.22461e-006,-2.23145e-001,-1.95313e-003,8.16406e-001,-1.37805e+001,-1.59146e+001,-2.10976e+001
-4.14588e-005,-4.19623e-006,-2.17773e-001,-3.90625e-003,8.22266e-001,-1.36585e+001,-2.04878e+001,-2.35366e+001
3.13878e-005,-8.86244e-005,-2.09961e-001,-9.27734e-003,8.38379e-001,-1.31098e+001,-2.25610e+001,-2.43902e+001
5.35439e-005,-1.14977e-004,-1.87500e-001,0.00000e+000,8.72559e-001,-1.35366e+001,-2.81098e+001,-2.50610e+001
2.34989e-005,-9.55062e-005,-1.77734e-001,3.90625e-003,8.97461e-001,-1.42683e+001,-3.01829e+001,-2.50610e+001
6.21042e-006,-1.00877e-004,-1.48926e-001,1.17188e-002,9.56055e-001,-1.54268e+001,-3.39024e+001,-2.38415e+001
3.87732e-005,-8.14069e-005,-1.26465e-001,1.36719e-002,1.04883e+000,-1.59146e+001,-3.65244e+001,-2.35366e+001
5.32082e-005,1.10781e-005,-1.23047e-001,-4.88281e-003,1.06445e+000,-1.51220e+001,-4.05488e+001,-2.33537e+001
4.85084e-005,6.73075e-005,-6.54297e-002,-3.12500e-002,1.02393e+000,-1.37805e+001,-4.10976e+001,-2.23780e+001
5.15297e-005,5.08583e-005,-3.90625e-002,-4.88281e-002,1.00000e+000,-1.23780e+001,-4.03049e+001,-2.17073e+001
4.51514e-005,-5.70687e-006,-1.95313e-003,-7.47070e-002,9.53125e-001,-1.09146e+001,-3.91463e+001,-2.28049e+001
1.17494e-005,3.86053e-006,1.36719e-002,-7.95898e-002,9.41406e-001,-7.19512e+000,-3.55488e+001,-2.53659e+001
-2.19883e-005,6.42863e-005,5.02930e-002,-7.08008e-002,9.52148e-001,-5.79268e+000,-3.28659e+001,-2.66463e+001
-4.28016e-005,1.02724e-004,7.17773e-002,-6.34766e-002,9.70215e-001,-3.71951e+000,-2.46951e+001,-2.74390e+001
-1.11620e-004,6.36149e-005,1.13770e-001,-4.88281e-002,1.01270e+000,-1.34146e+000,-1.42073e+001,-2.69512e+001
-1.31594e-004,-1.22530e-005,1.30859e-001,-4.05273e-002,1.02734e+000,6.09756e-002,-8.23171e+000,-2.64024e+001
-1.19677e-004,-2.16526e-005,1.76270e-001,-2.58789e-002,1.04980e+000,2.68293e+000,4.93902e+000,-2.58537e+001
-7.85534e-005,9.23171e-006,1.93359e-001,-1.90430e-002,1.05566e+000,4.32927e+000,1.17683e+001,-2.60976e+001
-5.42153e-005,1.52743e-005,2.33398e-001,-1.46484e-003,1.05518e+000,6.03659e+000,2.40854e+001,-2.68293e+001
-3.25628e-005,5.28725e-005,2.41211e-001,4.39453e-003,1.05420e+000,7.86585e+000,3.05488e+001,-2.75000e+001
-3.91089e-005,5.69009e-005,2.40723e-001,2.53906e-002,1.04053e+000,1.08537e+001,4.20732e+001,-2.92683e+001
-2.97093e-005,1.05745e-005,2.33398e-001,4.73633e-002,1.03955e+000,1.17073e+001,4.75610e+001,-3.05488e+001
-1.17494e-006,-1.12459e-005,1.87012e-001,7.27539e-002,1.08398e+000,1.26829e+001,5.84146e+001,-3.22561e+001
2.14847e-005,-4.51514e-005,1.58691e-001,8.25195e-002,1.12256e+000,1.34146e+001,6.22561e+001,-3.30488e+001
2.97093e-005,-5.30404e-005,9.47266e-002,8.98438e-002,1.19434e+000,1.49390e+001,6.77439e+001,-3.36585e+001
5.03548e-007,-6.05936e-005,6.64063e-002,9.52148e-002,1.20947e+000,1.62195e+001,6.93902e+001,-3.29268e+001
-2.19883e-005,-5.38796e-005,1.85547e-002,9.47266e-002,1.20166e+000,1.85366e+001,7.27439e+001,-3.07927e+001
-5.03548e-007,-5.75723e-005,-9.27734e-003,8.00781e-002,1.15723e+000,1.96951e+001,7.39634e+001,-2.94512e+001
6.44541e-005,-8.87923e-005,-1.56250e-002,6.05469e-002,1.12500e+000,2.28659e+001,7.62805e+001,-2.59756e+001
7.13359e-005,-5.11940e-005,-3.75977e-002,1.17188e-002,1.05371e+000,2.46951e+001,7.66463e+001,-2.39634e+001
4.33051e-005,-1.62814e-005,-5.51758e-002,-1.80664e-002,1.01758e+000,2.68902e+001,7.65854e+001,-1.85366e+001
2.19883e-005,-6.39506e-005,-8.00781e-002,-1.16699e-001,9.07715e-001,2.81707e+001,7.63415e+001,-1.45732e+001
-2.38346e-005,-6.96574e-005,-7.86133e-002,-1.91406e-001,8.18359e-001,3.06098e+001,7.49390e+001,-3.78049e+000
-7.43572e-005,5.20333e-006,-6.64063e-002,-3.23730e-001,5.99121e-001,3.21951e+001,7.27439e+001,1.70732e+000
-1.01717e-004,5.35439e-005,-6.34766e-002,-3.78418e-001,4.88281e-001,3.40244e+001,6.67683e+001,9.57317e+000
-9.18135e-005,5.48867e-005,-1.12305e-002,-3.86230e-001,3.35938e-001,3.37195e+001,6.06098e+001,8.59756e+000
-8.30854e-005,1.05745e-005,3.32031e-002,-3.32031e-001,3.10059e-001,3.32317e+001,5.82317e+001,3.17073e+000
-7.13359e-005,-4.78370e-005,1.14258e-001,-1.22559e-001,4.14063e-001,3.17683e+001,5.84756e+001,-1.49390e+001
-4.34730e-005,-6.39506e-005,1.32324e-001,4.39453e-003,5.16602e-001,3.04268e+001,6.16463e+001,-2.43902e+001
1.51064e-006,-9.71847e-005,1.07910e-001,2.35352e-001,7.21680e-001,2.84756e+001,6.84756e+001,-3.64634e+001
2.45060e-005,-1.33944e-004,8.34961e-002,3.22754e-001,7.88086e-001,2.84146e+001,6.99390e+001,-3.82317e+001
1.42672e-005,-1.31929e-004,1.41602e-002,4.37988e-001,8.29102e-001,3.03659e+001,6.44512e+001,-3.43293e+001
4.98512e-005,-1.32601e-004,-1.56250e-002,4.53613e-001,8.19336e-001,3.15854e+001,5.84756e+001,-3.05488e+001
5.28725e-005,-1.25048e-004,-9.27734e-002,4.23340e-001,7.80273e-001,3.18293e+001,4.28659e+001,-2.28659e+001
1.79599e-005,-8.91279e-005,-1.45508e-001,3.74023e-001,7.64160e-001,3.09146e+001,3.45122e+001,-1.95122e+001
-2.01419e-006,-4.90120e-005,-2.51465e-001,2.29980e-001,7.69043e-001,2.70122e+001,2.01220e+001,-1.41463e+001
-2.28275e-005,-4.12909e-005,-2.82227e-001,1.48438e-001,7.77832e-001,2.46951e+001,1.46341e+001,-1.21341e+001
-2.26596e-005,-6.73075e-005,-2.87109e-001,9.76563e-004,8.04199e-001,1.96341e+001,4.20732e+000,-1.13415e+001
4.19623e-006,-6.83146e-005,-2.36816e-001,-9.91211e-002,8.53516e-001,1.73171e+001,-1.82927e-001,-1.21951e+001
1.82956e-005,-2.87022e-005,-1.95801e-001,-1.35254e-001,8.77930e-001,1.34756e+001,-7.37805e+000,-1.56707e+001
1.39315e-005,-1.87991e-005,-1.19629e-001,-1.61621e-001,9.01855e-001,1.17073e+001,-1.05488e+001,-1.73780e+001
1.76242e-005,-1.62814e-005,-7.81250e-002,-1.61133e-001,9.07227e-001,1.06707e+001,-1.47561e+001,-1.90854e+001
1.42672e-005,-5.18654e-005,-1.22070e-002,-1.48926e-001,9.07715e-001,1.03049e+001,-1.67073e+001,-1.92683e+001
-9.23171e-006,-6.21042e-005,3.90625e-003,-1.34277e-001,9.14063e-001,1.15854e+001,-1.81098e+001,-1.82317e+001
-2.33310e-005,-3.44091e-005,0.00000e+000,-1.00586e-001,9.07227e-001,1.20122e+001,-1.86585e+001,-1.72561e+001
-2.97093e-005,-2.60166e-005,-2.05078e-002,-7.61719e-002,8.80371e-001,1.25610e+001,-2.19512e+001,-1.51829e+001
-2.73594e-005,-2.98772e-005,-8.59375e-002,-2.49023e-002,8.18359e-001,1.21341e+001,-2.70732e+001,-1.21951e+001
-2.46738e-005,-3.13878e-005,-1.25977e-001,-1.95313e-003,7.94922e-001,1.18902e+001,-2.92073e+001,-1.08537e+001
-1.05745e-005,-1.29244e-005,-1.80176e-001,2.78320e-002,7.14355e-001,1.07927e+001,-3.21951e+001,-8.29268e+000
5.03548e-007,4.02838e-006,-1.97754e-001,3.32031e-002,6.61133e-001,1.07317e+001,-3.20122e+001,-7.50000e+000
-5.87472e-006,4.53193e-006,-2.23633e-001,2.78320e-002,5.55176e-001,1.19512e+001,-3.33537e+001,-5.97561e+000
-8.89601e-006,1.37636e-005,-2.35840e-001,2.58789e-002,4.92188e-001,1.37805e+001,-3.51220e+001,-6.03659e+000
-3.17235e-005,2.11490e-005,-2.68066e-001,2.09961e-002,3.83301e-001,1.69512e+001,-3.90854e+001,-6.95122e+000
-6.46220e-005,2.03098e-005,-2.93945e-001,9.76563e-003,3.56445e-001,1.74390e+001,-4.15854e+001,-7.68293e+000
-7.23430e-005,2.29953e-005,-3.55957e-001,-5.85938e-003,3.41797e-001,1.85366e+001,-4.78659e+001,-7.86585e+000
-4.58228e-005,2.09812e-005,-3.90137e-001,-1.07422e-002,3.54004e-001,1.82317e+001,-5.14024e+001,-7.74390e+000
-2.61845e-005,1.69528e-005,-4.51660e-001,1.95313e-003,3.91113e-001,1.69512e+001,-5.71341e+001,-6.28049e+000
-4.36408e-006,1.25887e-005,-5.00488e-001,1.17188e-002,4.08691e-001,1.58537e+001,-5.98781e+001,-5.30488e+000
-1.25887e-005,7.21752e-006,-5.12207e-001,2.09961e-002,4.14063e-001,1.38415e+001,-6.23171e+001,-2.13415e+000
-2.18204e-005,4.53193e-006,-4.99512e-001,3.17383e-002,4.43359e-001,1.21951e+001,-6.34756e+001,-9.75610e-001
-1.81277e-005,1.00710e-006,-4.80469e-001,3.66211e-002,4.67285e-001,9.26829e+000,-6.46951e+001,9.75610e-001
7.55322e-006,1.84634e-006,-4.31641e-001,4.93164e-002,5.15137e-001,8.04878e+000,-6.45732e+001,1.28049e+000
1.76242e-005,6.88182e-006,-3.97461e-001,5.81055e-002,5.37109e-001,5.30488e+000,-6.60976e+001,1.58537e+000
-1.52743e-005,2.56809e-005,-3.17383e-001,8.49609e-002,5.79102e-001,3.35366e+000,-6.74390e+001,1.89024e+000
-5.25368e-005,7.77142e-005,-2.74414e-001,1.00586e-001,6.08887e-001,-1.64634e+000,-6.79878e+001,2.01220e+000
-5.43832e-005,1.08095e-004,-2.03613e-001,1.30371e-001,6.75293e-001,-4.39024e+000,-6.78049e+001,1.82927e+000
-2.43381e-005,8.81209e-005,-1.60156e-001,1.41113e-001,7.10938e-001,-9.81707e+000,-6.87805e+001,1.28049e+000
1.96384e-005,3.77661e-005,-8.83789e-002,1.51855e-001,7.75391e-001,-1.31707e+001,-6.94512e+001,7.92683e-001
4.90120e-005,7.63714e-005,-5.32227e-002,1.53809e-001,8.14453e-001,-1.43902e+001,-6.87805e+001,9.14634e-001
2.60166e-005,9.90311e-005,1.90430e-002,1.53809e-001,8.76465e-001,-1.51829e+001,-6.50000e+001,1.40244e+000
-2.51774e-006,8.29175e-005,4.98047e-002,1.50879e-001,9.02832e-001,-1.49390e+001,-6.17683e+001,1.82927e+000
-3.12200e-005,5.15297e-005,1.13770e-001,1.43555e-001,9.27734e-001,-1.42683e+001,-5.35366e+001,3.35366e+000
-3.34020e-005,-3.18914e-006,1.38184e-001,1.37695e-001,9.44824e-001,-1.37195e+001,-4.84756e+001,4.26829e+000
-1.69528e-005,-4.81727e-005,1.79688e-001,1.37207e-001,1.03516e+000,-1.40854e+001,-3.60366e+001,7.92683e+000
3.35698e-007,-6.22721e-005,2.08984e-001,1.32324e-001,1.12598e+000,-1.40854e+001,-2.93902e+001,1.04878e+001
-2.70237e-005,1.44350e-005,2.67578e-001,1.24512e-001,1.28760e+000,-1.25610e+001,-1.39634e+001,1.69512e+001
2.23239e-005,6.02579e-005,2.97363e-001,1.32324e-001,1.34766e+000,-1.18902e+001,-6.89024e+000,2.11585e+001
4.81727e-005,-2.61845e-005,3.41797e-001,1.55762e-001,1.45557e+000,-1.30488e+001,4.81707e+000,2.90854e+001
-1.89670e-005,-9.76883e-005,3.74512e-001,1.75293e-001,1.49512e+000,-1.39024e+001,1.03659e+001,3.26829e+001
-5.69009e-005,-1.10948e-004,3.95020e-001,1.80664e-001,1.47998e+000,-1.49390e+001,2.44512e+001,3.98780e+001
-4.26337e-005,-2.11490e-005,4.54590e-001,1.37207e-001,1.44531e+000,-1.54878e+001,3.28049e+001,4.26829e+001
-1.17494e-006,8.67781e-005,4.98535e-001,1.02539e-001,1.43506e+000,-1.34146e+001,5.09756e+001,4.82317e+001
2.51774e-006,5.06905e-005,5.96680e-001,3.56445e-002,1.41748e+000,-1.12805e+001,5.96951e+001,5.12195e+001
-1.02388e-005,2.51774e-006,6.00098e-001,3.07617e-002,1.44531e+000,-9.57317e+000,7.04268e+001,5.90854e+001
-1.62814e-005,7.33501e-005,5.53223e-001,6.39648e-002,1.58252e+000,-1.00000e+001,6.84756e+001,6.31707e+001
-1.62814e-005,1.29412e-004,4.44824e-001,9.86328e-002,1.63379e+000,-5.54878e+000,4.54268e+001,5.90854e+001
-4.36408e-006,5.45510e-005,4.39453e-003,1.88965e-001,1.56836e+000,6.09756e-001,2.60976e+001,4.85976e+001
3.52483e-006,-5.37118e-005,-2.11914e-001,1.87012e-001,1.51270e+000,1.18902e+001,-1.34146e+001,2.73780e+001
-2.03098e-005,-8.40925e-005,-5.32715e-001,8.78906e-002,1.24561e+000,1.64024e+001,-4.25000e+001,2.02439e+001
-2.83665e-005,-5.38796e-005,-6.41113e-001,1.51367e-002,1.11572e+000,1.51829e+001,-5.43902e+001,1.84146e+001
-1.82956e-005,-1.33776e-004,-8.56445e-001,-9.96094e-002,9.93652e-001,7.50000e+000,-8.24390e+001,1.32317e+001
-5.70687e-006,-6.86503e-005,-9.49707e-001,-1.42578e-001,9.66309e-001,4.20732e+000,-9.56098e+001,1.08537e+001
2.33310e-005,4.01160e-005,-1.02686e+000,-2.12891e-001,8.52051e-001,3.65854e-001,-1.08537e+002,1.52439e+001
5.05226e-005,3.69268e-005,-9.91699e-001,-2.45605e-001,7.68066e-001,6.09756e-002,-1.07561e+002,2.17073e+001
4.58228e-005,2.80476e-004,-7.71484e-001,-2.81250e-001,6.23535e-001,-1.21951e+000,-9.65854e+001,3.83537e+001
5.84115e-005,5.03380e-004,-6.01563e-001,-2.79785e-001,5.94727e-001,-2.92683e+000,-8.87805e+001,4.60366e+001
7.63714e-005,3.25460e-004,-2.46582e-001,-2.21191e-001,6.31348e-001,-4.75610e+000,-6.92683e+001,5.52439e+001
5.28725e-005,9.85275e-005,-8.69141e-002,-1.66016e-001,6.90430e-001,-5.54878e+000,-5.82317e+001,5.75000e+001
-1.72885e-005,4.09552e-005,1.67480e-001,-5.66406e-002,8.24219e-001,-5.00000e+000,-3.59756e+001,5.99390e+001
-3.57519e-005,5.89151e-005,3.70605e-001,2.19727e-002,9.30664e-001,-4.69512e+000,-2.62805e+001,6.08537e+001
4.11231e-005,6.42863e-005,4.49707e-001,5.07813e-002,9.67285e-001,-1.09756e+000,-1.06098e+001,6.07317e+001
1.37804e-004,6.22721e-005,5.40039e-001,9.66797e-002,9.89746e-001,2.13415e+000,-4.69512e+000,5.91463e+001
8.81209e-005,-7.62036e-005,5.40039e-001,1.11328e-001,9.68262e-001,9.39024e+000,1.89024e+000,4.98171e+001
-4.81727e-005,-2.48585e-004,4.27246e-001,1.36719e-001,9.02344e-001,1.28049e+001,3.41463e+000,4.28659e+001
-1.25216e-004,-4.33051e-005,3.23242e-001,1.36719e-001,8.74023e-001,1.82317e+001,1.82927e+000,2.65244e+001
-9.83597e-005,-1.12459e-005,1.00098e-001,1.25977e-001,8.56934e-001,2.03049e+001,6.09756e-002,1.93293e+001
-5.08583e-005,-2.73426e-004,3.90625e-003,1.15234e-001,8.45215e-001,2.22561e+001,-4.63415e+000,9.45122e+000
-5.11940e-005,-2.95247e-004,-1.34766e-001,7.91016e-002,8.22754e-001,2.31098e+001,-6.03659e+000,6.28049e+000
-1.14641e-004,-3.61715e-004,-1.79199e-001,6.05469e-002,8.21777e-001,2.02439e+001,-9.81707e+000,1.09756e+000
-1.51568e-004,-2.20722e-004,-2.21680e-001,1.22070e-002,8.49121e-001,1.62195e+001,-1.21951e+001,-2.43902e+000
-2.05447e-004,2.21393e-004,-2.23145e-001,-4.39453e-003,8.69141e-001,1.37805e+001,-1.28659e+001,-2.92683e+000
-2.58991e-004,4.04685e-004,-1.96289e-001,-1.80664e-002,9.20898e-001,9.02439e+000,-1.24390e+001,-2.25610e+000
-2.17029e-004,1.90845e-004,-1.68945e-001,-8.78906e-003,9.53125e-001,6.34146e+000,-1.23171e+001,-9.14634e-001
-5.95865e-005,2.46235e-004,-8.49609e-002,2.00195e-002,1.01221e+000,2.50000e+000,-9.45122e+000,2.43902e+000
4.68299e-005,4.27512e-004,-3.95508e-002,4.34570e-002,1.03711e+000,1.28049e+000,-8.04878e+000,3.65854e+000
6.83146e-005,2.13504e-004,5.41992e-002,8.69141e-002,1.07568e+000,-9.14634e-001,-3.96341e+000,5.48780e+000
1.32769e-004,4.64942e-005,8.83789e-002,1.00098e-001,1.08594e+000,-1.52439e+000,-7.92683e-001,5.85366e+000
1.95880e-004,-6.86503e-005,1.27930e-001,1.23047e-001,1.07178e+000,-1.09756e+000,5.97561e+000,5.00000e+000
1.29747e-004,-1.68017e-004,1.20605e-001,1.30859e-001,1.05859e+000,-1.15854e+000,8.90244e+000,3.84146e+000
-6.74754e-005,-1.22362e-004,7.37305e-002,1.30859e-001,1.04199e+000,-1.70732e+000,1.37195e+001,2.13415e+000
-2.15183e-004,-1.19173e-004,3.56445e-002,1.18164e-001,1.06396e+000,-2.56098e+000,1.54268e+001,1.52439e+000
-1.62982e-004,-2.01251e-004,2.68555e-002,1.03516e-001,1.06201e+000,-2.80488e+000,1.88415e+001,2.37805e+000
1.28740e-004,-2.69230e-004,8.78906e-003,8.59375e-002,1.04834e+000,-2.43902e+000,2.10976e+001,2.74390e+000
4.28687e-004,-2.19715e-004,-5.37109e-003,7.86133e-002,1.04639e+000,-4.57317e+000,2.32927e+001,2.43902e+000
4.52689e-004,-6.83146e-005,-4.98047e-002,6.15234e-002,1.04492e+000,-5.91463e+000,2.38415e+001,2.19512e+000
2.99779e-004,1.40658e-004,-6.78711e-002,5.85938e-002,1.03955e+000,-8.53659e+000,2.34756e+001,2.01220e+000
1.13970e-004,1.65835e-004,-1.06934e-001,6.29883e-002,1.02930e+000,-1.03049e+001,2.28659e+001,2.13415e+000
-1.64660e-004,1.32433e-004,-1.23535e-001,6.44531e-002,1.02588e+000,-1.25610e+001,2.13415e+001,2.62195e+000
-4.58732e-004,1.07591e-004,-1.36719e-001,6.39648e-002,1.01025e+000,-1.40854e+001,2.03659e+001,2.80488e+000
-6.82643e-004,1.45525e-004,-1.41602e-001,6.83594e-002,1.00195e+000,-1.65854e+001,1.70732e+001,3.41463e+000
-8.92454e-004,2.84169e-004,-1.49902e-001,6.73828e-002,9.76563e-001,-1.84146e+001,1.36585e+001,3.23171e+000
-5.71862e-004,2.08972e-004,-1.56250e-001,6.73828e-002,9.61426e-001,-1.92683e+001,1.19512e+001,3.41463e+000
5.53903e-006,2.16526e-005,-1.63574e-001,6.98242e-002,9.28223e-001,-2.14024e+001,8.41463e+000,3.41463e+000
3.00618e-004,1.11620e-004,-1.67480e-001,7.03125e-002,9.14063e-001,-2.25610e+001,5.85366e+000,3.96341e+000
4.10056e-004,4.04517e-005,-1.69434e-001,6.54297e-002,9.08691e-001,-2.46341e+001,1.28049e+000,4.32927e+000
3.16060e-004,-9.91989e-005,-1.74316e-001,6.25000e-002,9.08691e-001,-2.47561e+001,-9.75610e-001,4.20732e+000
8.24140e-005,-3.06828e-004,-1.75293e-001,5.76172e-002,9.10156e-001,-2.60976e+001,-5.73171e+000,4.57317e+000
-1.29915e-004,-4.21469e-004,-1.74805e-001,5.61523e-002,9.13086e-001,-2.63415e+001,-7.92683e+000,4.69512e+000
-1.50561e-004,-2.38514e-004,-1.52832e-001,4.93164e-002,9.30664e-001,-2.70732e+001,-1.20122e+001,5.67073e+000
-8.76173e-005,-7.21752e-005,-1.46973e-001,5.02930e-002,9.40430e-001,-2.75000e+001,-1.41463e+001,5.48780e+000
-1.01884e-004,1.32769e-004,-1.17676e-001,4.78516e-002,9.54102e-001,-2.82317e+001,-1.89024e+001,5.24390e+000
-1.05913e-004,2.68391e-004,-8.59375e-002,3.46680e-002,9.65820e-001,-2.92683e+001,-2.12805e+001,5.24390e+000
-3.84375e-005,3.16060e-004,-6.68945e-002,2.83203e-002,9.71191e-001,-2.96951e+001,-2.37805e+001,5.24390e+000
-8.03998e-005,2.92226e-004,-1.56250e-002,8.30078e-003,9.74121e-001,-2.95732e+001,-2.43902e+001,4.75610e+000
-2.50935e-004,1.91180e-004,5.85938e-003,2.92969e-003,9.79492e-001,-2.81707e+001,-2.32927e+001,3.71951e+000
-2.60670e-004,1.36797e-004,5.81055e-002,-9.76563e-004,9.80469e-001,-2.67683e+001,-2.20732e+001,3.29268e+000
-8.07355e-005,7.28466e-005,7.76367e-002,1.95313e-003,9.85840e-001,-2.52439e+001,-1.86585e+001,1.76829e+000
3.23949e-005,-4.44800e-005,9.96094e-002,-1.41602e-002,9.97559e-001,-2.39634e+001,-1.70732e+001,9.14634e-001
6.39506e-005,-5.92508e-005,1.08398e-001,-1.95313e-002,9.90234e-001,-2.10976e+001,-1.31707e+001,-6.70732e-001
4.22980e-005,2.56641e-004,1.21582e-001,-2.19727e-002,9.87305e-001,-1.95732e+001,-1.06707e+001,-1.09756e+000
4.07874e-005,3.11696e-004,1.25977e-001,-1.26953e-002,9.77051e-001,-1.68902e+001,-4.75610e+000,-2.56098e+000
1.54589e-004,-6.47898e-005,1.26465e-001,1.31836e-002,9.37500e-001,-1.62805e+001,5.48781e-001,-4.69512e+000
2.24414e-004,-1.22698e-004,1.17188e-001,2.88086e-002,9.34570e-001,-1.68293e+001,2.62195e+000,-5.30488e+000
2.17197e-004,-1.66339e-004,9.17969e-002,3.71094e-002,9.61426e-001,-1.67073e+001,7.62195e+000,-5.54878e+000
2.22065e-004,-2.45899e-004,7.56836e-002,3.46680e-002,9.77051e-001,-1.65244e+001,9.51220e+000,-5.36585e+000
2.62684e-004,-3.34524e-004,6.25000e-002,2.14844e-002,1.02344e+000,-1.46341e+001,1.21951e+001,-5.91463e+000
2.06622e-004,-3.42916e-004,5.51758e-002,1.46484e-002,1.01855e+000,-1.31098e+001,1.30488e+001,-6.58537e+000
6.52934e-005,-2.33143e-004,4.19922e-002,9.27734e-003,9.71680e-001,-8.71951e+000,1.56707e+001,-6.70732e+000
-4.54871e-005,-2.35157e-004,2.97852e-002,6.34766e-003,9.57520e-001,-7.68293e+000,1.73171e+001,-7.31707e+000
-5.75723e-005,-2.27771e-004,-1.61133e-002,-2.49023e-002,9.66797e-001,-6.82927e+000,1.96341e+001,-8.84146e+000
-8.54353e-005,-2.98772e-005,-5.85938e-003,-4.58984e-002,9.59473e-001,-5.97561e+000,2.01220e+001,-7.92683e+000
-6.22721e-005,3.27306e-005,-2.88086e-002,-3.75977e-002,9.39453e-001,-3.23171e+000,1.93293e+001,-9.87805e+000
1.02388e-005,1.08598e-004,-8.88672e-002,-3.51563e-002,8.91113e-001,-1.40244e+000,1.92683e+001,-1.17683e+001
8.61067e-005,1.98230e-004,-1.16211e-001,-3.66211e-002,8.56934e-001,1.15854e+000,1.98780e+001,-1.32317e+001
9.08064e-005,1.00542e-004,-1.18652e-001,-3.36914e-002,8.21289e-001,2.07317e+000,1.96951e+001,-1.32927e+001
2.40024e-005,5.45510e-005,-1.04980e-001,-2.97852e-002,8.24707e-001,2.92683e+000,1.99390e+001,-1.31707e+001
3.70947e-005,8.03998e-005,-8.54492e-002,-2.53906e-002,8.44238e-001,3.23171e+000,2.04878e+001,-1.31707e+001
3.65911e-005,8.89601e-005,-6.73828e-002,-2.09961e-002,8.45215e-001,4.39024e+000,1.95732e+001,-1.31707e+001
-1.11620e-004,2.19379e-004,-5.17578e-002,-6.83594e-003,8.54492e-001,5.48780e+000,1.99390e+001,-1.29268e+001
-1.76913e-004,2.49592e-004,-5.37109e-002,-4.88281e-004,8.67188e-001,6.76829e+000,1.92073e+001,-1.27439e+001
-9.38277e-005,-2.17365e-004,-6.44531e-002,-7.81250e-003,8.85742e-001,7.62195e+000,1.76220e+001,-1.32927e+001
-3.60876e-005,-2.23072e-004,-6.29883e-002,-2.09961e-002,8.96973e-001,9.57317e+000,1.51220e+001,-1.48780e+001
8.54353e-005,1.41665e-004,-5.85938e-002,-4.68750e-002,9.12109e-001,1.20732e+001,1.43293e+001,-1.64024e+001
1.11620e-004,2.17868e-004,-3.90625e-002,-5.41992e-002,9.15527e-001,1.34146e+001,1.43293e+001,-1.67683e+001
4.54871e-005,-1.10445e-004,-1.12305e-002,-5.27344e-002,8.99902e-001,1.51220e+001,1.62195e+001,-1.75000e+001
2.98772e-005,-4.98177e-004,-1.07422e-002,-5.17578e-002,9.00391e-001,1.54878e+001,1.75610e+001,-1.84146e+001
-5.18654e-005,-2.78798e-004,-8.30078e-003,-5.61523e-002,8.89160e-001,1.67073e+001,1.78659e+001,-1.95732e+001
4.78370e-005,3.94614e-004,-9.27734e-003,-5.17578e-002,8.84766e-001,1.71341e+001,1.74390e+001,-1.93293e+001
1.81109e-004,4.25498e-004,-5.85938e-003,-3.36914e-002,8.94043e-001,1.75610e+001,1.50610e+001,-1.86585e+001
1.30083e-004,1.10613e-004,-8.78906e-003,-2.63672e-002,9.14063e-001,1.70122e+001,1.37195e+001,-1.81098e+001
4.54871e-005,-1.19677e-004,-3.02734e-002,-2.05078e-002,9.60449e-001,1.57927e+001,1.15244e+001,-1.75610e+001
9.13100e-005,-2.39857e-004,-4.24805e-002,-2.24609e-002,9.80957e-001,1.54268e+001,1.00000e+001,-1.79268e+001
9.51705e-005,-2.68727e-004,-6.05469e-002,-4.29688e-002,1.00830e+000,1.53659e+001,7.98780e+000,-1.86585e+001
1.05745e-005,-2.51270e-004,-6.05469e-002,-6.44531e-002,1.03320e+000,1.51220e+001,7.13415e+000,-1.91463e+001
-1.42672e-004,-1.79767e-004,-5.32227e-002,-7.47070e-002,1.03516e+000,1.58537e+001,8.23171e+000,-1.95122e+001
-1.63317e-004,-1.69696e-004,-3.36914e-002,-7.66602e-002,1.03760e+000,1.62195e+001,8.71951e+000,-1.95732e+001
-2.43549e-004,-9.14778e-005,-2.24609e-002,-7.86133e-002,1.05469e+000,1.62195e+001,1.00610e+001,-1.96341e+001
-5.02541e-004,-4.28016e-005,2.44141e-003,-8.05664e-002,1.08984e+000,1.64634e+001,1.12195e+001,-1.98780e+001
-5.29229e-004,3.54162e-005,1.07422e-002,-7.56836e-002,1.10742e+000,1.65854e+001,1.31707e+001,-2.01220e+001
-3.62722e-004,8.82887e-005,3.51563e-002,-5.95703e-002,1.14160e+000,1.55488e+001,1.43293e+001,-1.98780e+001
-2.32135e-004,1.80270e-004,4.19922e-002,-4.98047e-002,1.15137e+000,1.37805e+001,1.73171e+001,-1.89634e+001
-8.56031e-005,3.50805e-005,5.61523e-002,-2.53906e-002,1.17432e+000,1.27439e+001,1.76829e+001,-1.83537e+001
2.40024e-005,-4.69978e-006,5.66406e-002,-1.22070e-002,1.18604e+000,9.75610e+000,1.94512e+001,-1.71951e+001
1.15145e-004,-4.33051e-005,5.02930e-002,-1.17188e-002,1.21436e+000,7.80488e+000,2.17683e+001,-1.67073e+001
1.67681e-004,-2.62013e-004,5.07813e-002,-1.22070e-002,1.21533e+000,7.13415e+000,2.31707e+001,-1.62195e+001
1.85641e-004,-4.62760e-004,6.64063e-002,-1.26953e-002,1.20605e+000,7.31707e+000,2.76220e+001,-1.43293e+001
2.63355e-004,-1.82452e-004,7.03125e-002,-1.75781e-002,1.18994e+000,7.68293e+000,3.07317e+001,-1.34146e+001
2.07630e-004,9.50027e-005,9.57031e-002,-1.90430e-002,1.14453e+000,8.59756e+000,3.76829e+001,-1.20122e+001
4.31373e-005,2.11994e-004,9.91211e-002,-1.66016e-002,1.12256e+000,9.26829e+000,4.03049e+001,-1.10976e+001
-8.10712e-005,2.11994e-004,1.28906e-001,-9.76563e-004,1.07910e+000,1.11585e+001,4.37805e+001,-1.02439e+001
-1.09606e-004,3.61379e-004,1.35742e-001,9.27734e-003,1.05371e+000,1.20732e+001,4.42073e+001,-9.93902e+000
-2.93568e-004,4.62760e-004,1.44531e-001,2.58789e-002,1.01855e+000,1.43902e+001,4.43293e+001,-1.04268e+001
-2.49592e-004,3.32509e-004,1.39648e-001,3.32031e-002,1.00244e+000,1.62195e+001,4.34146e+001,-1.07927e+001
1.31762e-004,9.88632e-005,1.01074e-001,5.07813e-002,9.56055e-001,1.82317e+001,4.23171e+001,-1.08537e+001
3.35531e-004,-1.41161e-004,5.32227e-002,4.05273e-002,9.18945e-001,1.85366e+001,4.18902e+001,-1.12195e+001
3.10018e-004,-2.83497e-004,2.00195e-002,3.22266e-002,8.92578e-001,1.95122e+001,4.07927e+001,-1.04878e+001
2.00244e-004,-2.81651e-004,-1.07422e-002,1.85547e-002,8.66211e-001,1.99390e+001,3.90854e+001,-1.05488e+001
-6.22721e-005,-3.08003e-004,-2.24609e-002,6.34766e-003,8.52051e-001,1.89634e+001,3.43293e+001,-1.16463e+001
-2.04440e-004,-2.50263e-004,-3.17383e-002,1.95313e-003,8.53516e-001,1.88415e+001,3.09756e+001,-1.26220e+001
-1.46197e-004,-2.60166e-005,-3.71094e-002,6.83594e-003,8.44727e-001,1.79878e+001,2.33537e+001,-1.53659e+001
-2.92058e-005,8.89601e-006,-3.80859e-002,2.19727e-002,8.53516e-001,1.78049e+001,1.93293e+001,-1.67073e+001
1.19173e-005,2.62348e-004,-4.44336e-002,3.22266e-002,8.53027e-001,1.64634e+001,1.16463e+001,-1.87805e+001
8.56031e-005,1.58953e-004,-4.54102e-002,4.24805e-002,8.58398e-001,1.54878e+001,8.35366e+000,-1.96341e+001
3.59701e-004,-3.82696e-005,-4.63867e-002,4.39453e-002,8.54492e-001,1.39634e+001,3.04878e+000,-2.09146e+001
3.62051e-004,-7.75463e-005,-4.78516e-002,3.66211e-002,8.45215e-001,1.32317e+001,-2.31707e+000,-2.06707e+001
1.34112e-004,-1.51064e-006,-4.78516e-002,3.27148e-002,8.43750e-001,1.29878e+001,-4.87805e+000,-2.06098e+001
-1.11788e-004,-7.35180e-005,-5.56641e-002,1.70898e-002,8.38867e-001,1.27439e+001,-1.12195e+001,-1.98780e+001
-3.03304e-004,-2.11658e-004,-6.05469e-002,8.78906e-003,8.45215e-001,1.24390e+001,-1.46341e+001,-1.95732e+001
-4.05692e-004,-2.47242e-004,-6.78711e-002,-3.90625e-003,9.02344e-001,1.09146e+001,-2.27439e+001,-1.98171e+001
-4.29191e-004,-3.03304e-004,-7.56836e-002,-8.30078e-003,9.50195e-001,1.00000e+001,-2.66463e+001,-2.02439e+001
-2.77623e-004,2.78462e-004,-1.04492e-001,-4.88281e-003,1.03955e+000,8.29268e+000,-3.43293e+001,-2.15854e+001
-8.54353e-005,3.62387e-004,-1.16699e-001,-9.76563e-004,1.06201e+000,7.37805e+000,-3.80488e+001,-2.20122e+001
1.86313e-005,1.82956e-005,-1.31348e-001,1.36719e-002,1.09326e+000,5.79268e+000,-4.63415e+001,-2.28659e+001
7.70428e-005,-8.74495e-005,-1.32324e-001,2.49023e-002,1.09668e+000,4.45122e+000,-5.06707e+001,-2.31707e+001
1.34112e-004,-9.55062e-005,-1.40137e-001,4.15039e-002,1.11621e+000,7.92683e-001,-5.80488e+001,-2.33537e+001
1.10277e-004,-6.51255e-005,-1.35742e-001,4.88281e-002,1.10010e+000,-3.04878e-001,-6.13415e+001,-2.32927e+001
1.16991e-004,-7.87213e-005,-1.30371e-001,4.19922e-002,1.05176e+000,3.04878e-001,-6.55488e+001,-2.18293e+001
1.25048e-004,-1.13970e-004,-1.08887e-001,2.49023e-002,8.94531e-001,1.03659e+000,-6.73171e+001,-2.12195e+001
2.68559e-006,-3.17235e-005,-9.86328e-002,6.34766e-003,8.06641e-001,4.20732e+000,-6.85976e+001,-1.92683e+001
-1.50225e-004,1.55261e-004,-8.00781e-002,-3.75977e-002,6.19141e-001,6.89024e+000,-6.85366e+001,-1.82927e+001
-1.44350e-004,7.23430e-005,-7.51953e-002,-6.20117e-002,5.15137e-001,1.23171e+001,-6.93902e+001,-1.66463e+001
-3.23949e-005,-5.87472e-005,-8.88672e-002,-1.06934e-001,2.91016e-001,1.48780e+001,-6.92683e+001,-1.60976e+001
9.16457e-005,1.13634e-004,-1.17188e-001,-1.29395e-001,1.84570e-001,2.02439e+001,-6.85366e+001,-1.56098e+001
1.94202e-004,2.50263e-004,-1.78223e-001,-1.86523e-001,3.32031e-002,2.36585e+001,-6.98171e+001,-1.57317e+001
2.18204e-004,1.49722e-004,-2.12402e-001,-2.08008e-001,-8.30078e-003,3.21341e+001,-7.12195e+001,-1.80488e+001
1.35454e-004,5.89151e-005,-3.14941e-001,-2.30469e-001,-3.32031e-002,4.07927e+001,-6.64634e+001,-2.16463e+001
1.64492e-005,1.93027e-005,-3.77441e-001,-2.34863e-001,-2.97852e-002,4.44512e+001,-6.41463e+001,-2.32317e+001
-1.02220e-004,-4.17945e-005,-4.93652e-001,-2.10449e-001,-4.19922e-002,5.18293e+001,-6.04878e+001,-2.57317e+001
-1.39315e-004,-1.11788e-004,-5.57129e-001,-1.87500e-001,-4.78516e-002,5.38415e+001,-5.91463e+001,-2.61585e+001
-1.13802e-004,-1.19844e-004,-6.42578e-001,-1.33301e-001,3.90625e-003,5.62195e+001,-5.51829e+001,-2.43293e+001
-1.37469e-004,-4.81727e-005,-6.62109e-001,-9.86328e-002,5.22461e-002,5.66463e+001,-5.28049e+001,-2.23171e+001
-1.32265e-004,-2.11490e-005,-6.36719e-001,-4.24805e-002,1.50391e-001,5.61585e+001,-4.75000e+001,-1.53659e+001
-1.03899e-004,8.39246e-007,-5.89355e-001,-1.80664e-002,2.04102e-001,5.58537e+001,-4.56098e+001,-1.10976e+001
-8.30854e-005,3.32342e-005,-4.37012e-001,3.61328e-002,2.80762e-001,5.44512e+001,-4.39634e+001,-2.62195e+000
-6.88182e-005,3.84375e-005,-3.43262e-001,6.39648e-002,3.09082e-001,5.29268e+001,-4.27439e+001,5.48781e-001
-1.98062e-005,5.06905e-005,-1.41113e-001,1.08398e-001,4.04785e-001,4.80488e+001,-3.85976e+001,4.45122e+000
1.46029e-005,4.68299e-005,5.90820e-002,1.31348e-001,5.16113e-001,4.47561e+001,-3.59146e+001,5.24390e+000
1.54421e-005,1.98062e-005,1.57715e-001,1.39160e-001,5.89355e-001,3.78659e+001,-2.75610e+001,6.40244e+000
1.84634e-005,-4.19623e-006,3.41309e-001,1.38672e-001,7.56348e-001,3.46951e+001,-2.35976e+001,6.52439e+000
2.58488e-005,-1.56100e-005,4.16016e-001,1.37695e-001,8.17383e-001,2.88415e+001,-1.75000e+001,5.85366e+000
4.78370e-005,-5.70687e-006,5.25879e-001,1.47461e-001,8.44727e-001,2.58537e+001,-1.62195e+001,5.12195e+000
7.21752e-005,-1.02388e-005,5.63965e-001,1.59180e-001,8.54980e-001,1.77439e+001,-1.92073e+001,2.86585e+000
5.97543e-005,-2.08133e-005,5.51270e-001,1.82129e-001,9.10645e-001,1.29878e+001,-2.17683e+001,8.53659e-001
2.03098e-005,-3.77661e-005,5.20508e-001,1.93359e-001,9.38965e-001,3.65854e+000,-3.02439e+001,-2.31707e+000
-3.55840e-005,-5.38796e-005,4.30176e-001,2.18262e-001,9.79980e-001,-5.30488e+000,-3.74390e+001,-4.45122e+000
-6.47898e-005,-4.11231e-005,3.71094e-001,2.30957e-001,9.76563e-001,-9.57317e+000,-3.94512e+001,-5.54878e+000
-1.01884e-004,-3.27306e-005,2.45117e-001,2.48535e-001,9.46777e-001,-1.78049e+001,-4.00000e+001,-6.21951e+000
-8.77852e-005,-4.63264e-005,1.82617e-001,2.45605e-001,9.52637e-001,-2.03049e+001,-3.77439e+001,-5.97561e+000
5.70687e-006,-4.75013e-005,6.39648e-002,2.26563e-001,9.99512e-001,-2.25610e+001,-2.92683e+001,-3.84146e+000
6.02579e-005,-2.33310e-005,1.75781e-002,2.09473e-001,1.03955e+000,-2.18902e+001,-2.31098e+001,-1.58537e+000
7.77142e-005,2.40024e-005,-1.36719e-002,1.68945e-001,1.12646e+000,-1.91463e+001,-8.84146e+000,6.89024e+000
4.54871e-005,4.68299e-005,-1.02539e-002,1.47461e-001,1.15088e+000,-1.84146e+001,-6.09756e-001,1.25610e+001
3.32342e-005,7.55322e-006,3.56445e-002,1.31836e-001,1.27002e+000,-2.21951e+001,1.07317e+001,2.64024e+001
1.38979e-004,-1.62814e-005,6.10352e-002,1.45996e-001,1.36475e+000,-2.56707e+001,1.23171e+001,3.29878e+001
2.12329e-004,-7.21752e-006,7.66602e-002,2.30957e-001,1.66211e+000,-3.56098e+001,1.95122e+000,4.18293e+001
2.22904e-004,-4.46479e-005,7.42188e-002,2.73926e-001,1.80615e+000,-3.96341e+001,-1.08537e+001,4.39024e+001
7.53643e-005,-2.61845e-005,-1.36719e-002,3.52539e-001,1.87109e+000,-3.89024e+001,-3.90854e+001,3.93902e+001
-1.23705e-004,3.42412e-005,-1.74805e-001,3.62305e-001,1.70605e+000,-3.65244e+001,-5.13415e+001,3.58537e+001
-2.58656e-004,5.92508e-005,-2.03125e-001,3.19336e-001,1.59668e+000,-3.15854e+001,-6.49390e+001,3.19512e+001
-2.14511e-004,5.75723e-005,-2.23145e-001,1.66504e-001,1.43213e+000,-2.87195e+001,-6.68293e+001,2.99390e+001
-1.82956e-004,3.54162e-005,-2.54883e-001,9.27734e-002,1.41895e+000,-2.48171e+001,-7.24390e+001,2.18902e+001
-1.57275e-004,2.66880e-005,-3.97461e-001,-1.36719e-002,1.41064e+000,-2.37805e+001,-7.62805e+001,1.80488e+001
-8.87923e-005,-3.20592e-005,-4.37988e-001,-6.54297e-002,1.36670e+000,-2.04268e+001,-7.86585e+001,2.06707e+001
-1.00877e-004,-7.23430e-005,-3.68164e-001,-1.79688e-001,1.17773e+000,-1.76220e+001,-7.50000e+001,2.76220e+001
-1.16487e-004,-5.13619e-005,-2.81738e-001,-2.31445e-001,1.05859e+000,-1.07927e+001,-5.81098e+001,4.59756e+001
-3.64233e-005,-2.58488e-005,-6.25000e-002,-3.10547e-001,8.45703e-001,-4.75610e+000,-3.32927e+001,6.12805e+001
-2.21561e-005,-3.18914e-006,5.51758e-002,-3.28613e-001,7.88574e-001,-2.43902e+000,-1.97561e+001,6.72561e+001
-4.46479e-005,1.62814e-005,2.81250e-001,-3.17871e-001,7.61230e-001,7.31707e-001,7.19512e+000,7.43293e+001
-3.99481e-005,-1.51064e-005,3.68164e-001,-2.85156e-001,7.84668e-001,2.25610e+000,1.98780e+001,7.54878e+001
-9.86954e-005,-4.06195e-005,4.58984e-001,-2.05078e-001,8.63281e-001,4.08537e+000,4.10366e+001,7.40244e+001
-1.51736e-004,-4.58228e-005,4.70703e-001,-1.59668e-001,9.03809e-001,5.12195e+000,4.90244e+001,7.28049e+001
-2.67048e-004,-4.01160e-005,4.37500e-001,-7.32422e-002,9.55566e-001,8.84146e+000,5.73171e+001,6.90854e+001
-2.64027e-004,-4.14588e-005,4.00879e-001,-3.51563e-002,9.60449e-001,1.04878e+001,5.79878e+001,6.61585e+001
-9.80240e-005,-2.98772e-005,2.90527e-001,5.02930e-002,9.30664e-001,1.58537e+001,5.55488e+001,5.69512e+001
1.01717e-004,-2.83665e-005,2.21191e-001,8.78906e-002,9.04785e-001,1.76829e+001,5.18293e+001,5.14634e+001
2.15686e-004,-3.37377e-005,4.15039e-002,1.51367e-001,8.51074e-001,2.09146e+001,4.14634e+001,3.96341e+001
2.57649e-004,-2.76951e-005,-5.37109e-002,1.66504e-001,8.34961e-001,2.17073e+001,3.54878e+001,3.36585e+001
1.98230e-004,-1.51064e-006,-2.18262e-001,1.71875e-001,8.20313e-001,2.20122e+001,2.26829e+001,2.21951e+001
9.11421e-005,3.97803e-005,-3.39355e-001,1.51855e-001,8.33496e-001,2.14634e+001,1.67073e+001,1.73171e+001
2.73594e-005,6.73075e-005,-3.78418e-001,1.36230e-001,8.53516e-001,1.88415e+001,5.06098e+000,9.63415e+000
7.88891e-006,5.84115e-005,-4.09668e-001,9.22852e-002,8.97461e-001,1.68293e+001,-1.82927e-001,6.58537e+000
4.91798e-005,2.13169e-005,-4.03809e-001,6.73828e-002,9.21875e-001,1.21951e+001,-8.17073e+000,1.95122e+000
5.75723e-005,8.56031e-006,-3.59375e-001,4.10156e-002,9.65820e-001,1.06098e+001,-1.12195e+001,8.53659e-001
3.70947e-005,1.39315e-005,-3.32520e-001,2.63672e-002,9.84375e-001,5.79268e+000,-1.53659e+001,-6.09756e-002
4.68299e-005,1.42672e-005,-2.56348e-001,2.19727e-002,1.01416e+000,3.53659e+000,-1.66463e+001,-3.65854e-001
3.77661e-005,2.97093e-005,-2.14355e-001,2.68555e-002,1.02734e+000,4.26829e-001,-1.84756e+001,-7.92683e-001
2.66880e-005,1.35958e-005,-1.36719e-001,4.24805e-002,1.04004e+000,-2.01220e+000,-1.93902e+001,-1.82927e+000
2.08133e-005,2.68559e-006,-1.02539e-001,5.07813e-002,1.04004e+000,-2.80488e+000,-1.89024e+001,-2.31707e+000
4.19623e-006,7.21752e-006,-5.07813e-002,7.37305e-002,1.05127e+000,-3.53659e+000,-1.72561e+001,-3.78049e+000
-1.66171e-005,2.51774e-006,-3.41797e-002,8.15430e-002,1.05225e+000,-3.41463e+000,-1.57927e+001,-4.20732e+000
-4.86763e-006,4.53193e-006,-1.22070e-002,1.06445e-001,1.03662e+000,-3.84146e+000,-1.10366e+001,-4.20732e+000
-5.53903e-006,-4.36408e-006,1.46484e-003,1.16211e-001,1.04785e+000,-4.39024e+000,-8.65854e+000,-4.02439e+000
-3.92767e-005,-3.57519e-005,1.46484e-003,1.19141e-001,1.09229e+000,-4.81707e+000,-5.97561e+000,-3.59756e+000
-6.16007e-005,-4.88441e-005,5.37109e-003,1.23535e-001,1.10059e+000,-4.81707e+000,-4.75610e+000,-2.37805e+000
-6.09293e-005,-2.93736e-005,4.10156e-002,1.07910e-001,1.10449e+000,-4.87805e+000,-8.53659e-001,-8.53659e-001
-4.85084e-005,-3.02129e-006,6.10352e-002,9.81445e-002,1.10547e+000,-5.00000e+000,1.09756e+000,-3.65854e-001
-2.83665e-005,-1.51064e-005,7.27539e-002,7.37305e-002,1.09326e+000,-3.96341e+000,5.60976e+000,2.43902e-001
-1.49386e-005,-3.91089e-005,8.30078e-002,6.73828e-002,1.08643e+000,-3.78049e+000,7.62195e+000,6.09756e-002
-1.00710e-005,-3.84375e-005,7.47070e-002,6.88477e-002,1.07959e+000,-4.32927e+000,1.15854e+001,3.04878e-001
-1.93027e-005,5.03548e-006,6.39648e-002,6.15234e-002,1.08545e+000,-4.51220e+000,1.35366e+001,3.65854e-001
-4.64942e-005,3.86053e-005,5.85938e-002,5.56641e-002,1.08301e+000,-4.26829e+000,1.38415e+001,-3.65854e-001
-6.12650e-005,3.25628e-005,5.81055e-002,5.85938e-002,1.08057e+000,-3.59756e+000,1.48780e+001,-4.26829e-001
-6.54612e-005,3.20592e-005,5.37109e-002,6.25000e-002,1.09082e+000,-2.62195e+000,1.79878e+001,-3.65854e-001
-6.93217e-005,4.44800e-005,5.95703e-002,6.83594e-002,1.11475e+000,-2.37805e+000,1.98171e+001,-5.48781e-001
-8.67781e-005,4.44800e-005,6.93359e-002,6.83594e-002,1.11328e+000,-7.92683e-001,2.50610e+001,-1.58537e+000
-8.56031e-005,3.13878e-005,6.34766e-002,7.17773e-002,1.11621e+000,-6.09756e-002,2.64634e+001,-3.04878e+000
-5.32082e-005,6.88182e-006,5.07813e-002,7.61719e-002,1.12646e+000,-8.53659e-001,2.71341e+001,-5.48780e+000
-3.37377e-005,-3.52483e-006,7.32422e-003,8.64258e-002,1.13379e+000,-2.80488e+000,2.52439e+001,-7.19512e+000
-5.25368e-005,1.22530e-005,-9.27734e-003,8.64258e-002,1.13818e+000,-4.69512e+000,2.29878e+001,-7.80488e+000
-7.50286e-005,1.15816e-005,-4.39453e-002,8.83789e-002,1.16406e+000,-7.74390e+000,1.86585e+001,-8.47561e+000
-6.99931e-005,9.23171e-006,-5.17578e-002,8.54492e-002,1.18018e+000,-8.71951e+000,1.64634e+001,-8.84146e+000
-5.60616e-005,5.70687e-006,-5.07813e-002,7.51953e-002,1.17969e+000,-1.04268e+001,1.32317e+001,-9.08537e+000
-3.91089e-005,-3.02129e-006,-4.98047e-002,7.71484e-002,1.17041e+000,-1.23780e+001,1.25610e+001,-9.14634e+000
-3.52483e-005,1.34279e-005,-3.46680e-002,6.88477e-002,1.16016e+000,-1.40854e+001,1.14024e+001,-1.01829e+001
-1.86313e-005,8.72816e-006,-3.12500e-002,6.59180e-002,1.16406e+000,-1.53049e+001,1.07317e+001,-1.09756e+001
3.27306e-005,-3.67590e-005,-3.85742e-002,3.32031e-002,1.26172e+000,-1.71951e+001,7.50000e+000,-1.27439e+001
8.84566e-005,-5.70687e-005,-3.46680e-002,1.22070e-002,1.25342e+000,-1.65244e+001,5.60976e+000,-1.21341e+001
9.48348e-005,-6.86503e-005,0.00000e+000,-9.76563e-004,1.18262e+000,-1.54878e+001,3.90244e+000,-1.17683e+001
5.08583e-005,-4.95155e-005,6.83594e-003,-8.30078e-003,1.13770e+000,-1.52439e+001,3.96341e+000,-1.39634e+001
8.72816e-006,2.16526e-005,2.09961e-002,-2.24609e-002,1.06396e+000,-1.40244e+001,5.06098e+000,-1.98780e+001
1.62814e-005,2.23239e-005,3.51563e-002,-2.88086e-002,1.03955e+000,-1.30488e+001,7.19512e+000,-2.27439e+001
3.27306e-005,-3.03807e-005,3.22266e-002,-2.68555e-002,1.04053e+000,-1.14634e+001,1.25000e+001,-2.77439e+001
1.84634e-005,-5.03548e-006,3.36914e-002,-2.39258e-002,1.04248e+000,-1.01829e+001,1.59756e+001,-2.92073e+001
1.91348e-005,3.59197e-005,3.61328e-002,-1.61133e-002,1.04688e+000,-8.17073e+000,2.28049e+001,-3.07317e+001
4.75013e-005,7.55322e-005,4.68750e-002,-1.80664e-002,1.06055e+000,-6.95122e+000,2.60366e+001,-3.09756e+001
4.66621e-005,5.60616e-005,5.76172e-002,-1.46484e-002,1.06006e+000,-4.63415e+000,3.20732e+001,-3.10366e+001
1.17494e-006,4.11231e-005,8.74023e-002,-9.76563e-003,1.04834e+000,-3.47561e+000,3.53659e+001,-3.06707e+001
-2.26596e-005,3.03807e-005,9.47266e-002,-8.78906e-003,1.03613e+000,-1.34146e+000,4.32927e+001,-2.94512e+001
-3.81018e-005,-1.67849e-007,1.18164e-001,-8.30078e-003,1.02832e+000,6.09756e-001,4.97561e+001,-2.91463e+001
-6.21042e-005,1.89670e-005,1.19629e-001,-7.32422e-003,1.02637e+000,1.76829e+000,5.29268e+001,-2.95732e+001
-8.47639e-005,2.80308e-005,9.61914e-002,5.37109e-003,1.05615e+000,3.23171e+000,6.04878e+001,-3.08537e+001
-1.07591e-004,-3.77661e-005,7.56836e-002,6.83594e-003,1.09033e+000,3.41463e+000,6.40244e+001,-3.12195e+001
-8.67781e-005,-7.46929e-005,4.19922e-002,1.56250e-002,1.15430e+000,4.63415e+000,6.85976e+001,-3.17073e+001
-5.85794e-005,-6.54612e-005,3.61328e-002,1.51367e-002,1.16211e+000,5.60976e+000,6.95732e+001,-3.18902e+001
-6.29435e-005,-6.05936e-005,2.92969e-002,2.44141e-002,1.15137e+000,6.95122e+000,6.93293e+001,-3.13415e+001
-4.44800e-005,-5.23690e-005,2.34375e-002,2.05078e-002,1.12451e+000,8.04878e+000,6.82927e+001,-3.07927e+001
-1.05745e-005,1.35958e-005,8.78906e-003,5.37109e-003,1.07568e+000,1.00000e+001,6.43902e+001,-2.93902e+001
1.51064e-006,7.60357e-005,-5.85938e-003,-1.46484e-003,1.06445e+000,1.12805e+001,6.26829e+001,-2.85976e+001
2.33310e-005,9.86954e-005,-4.49219e-002,-2.92969e-002,1.04395e+000,1.29268e+001,6.06707e+001,-2.62805e+001
4.41444e-005,2.60334e-004,-6.83594e-002,-5.37109e-002,1.02832e+000,1.36585e+001,6.01220e+001,-2.47561e+001
2.88701e-005,1.61639e-004,-9.52148e-002,-1.22070e-001,9.17480e-001,1.73171e+001,5.59146e+001,-2.00610e+001
2.46738e-005,-2.73091e-004,-9.42383e-002,-2.04590e-001,7.35352e-001,1.89634e+001,5.39634e+001,-1.64024e+001
3.15557e-005,-3.75982e-004,-8.25195e-002,-2.52930e-001,6.46484e-001,2.15854e+001,5.02439e+001,-9.69512e+000
4.85084e-005,-2.99947e-004,-4.58984e-002,-3.28125e-001,4.72656e-001,2.21951e+001,4.81098e+001,-7.25610e+000
3.64233e-005,-1.78088e-004,-9.76563e-003,-3.37402e-001,4.03320e-001,2.44512e+001,4.53659e+001,-5.30488e+000
1.37636e-005,-3.57519e-005,7.71484e-002,-2.56836e-001,4.13574e-001,2.49390e+001,4.60366e+001,-7.92683e+000
-1.67849e-005,2.68559e-006,1.14746e-001,-1.71875e-001,4.74121e-001,2.64024e+001,5.28049e+001,-2.04878e+001
-5.05226e-005,5.15297e-005,1.27441e-001,3.56445e-002,6.38184e-001,2.69512e+001,5.73781e+001,-2.83537e+001
-7.20073e-005,-1.52743e-005,1.08887e-001,1.29395e-001,7.19727e-001,2.84146e+001,6.48171e+001,-3.99390e+001
-4.95155e-005,1.05074e-004,4.73633e-002,2.74902e-001,7.81250e-001,3.12805e+001,6.82927e+001,-3.99390e+001
-4.95155e-005,-2.01419e-006,1.70898e-002,3.22754e-001,7.56836e-001,3.28659e+001,6.76220e+001,-3.58537e+001
-7.67071e-005,-2.56306e-004,-3.61328e-002,3.74512e-001,6.98730e-001,3.38415e+001,6.02439e+001,-2.61585e+001
-9.75204e-005,-9.58419e-005,-6.98242e-002,3.82324e-001,6.94824e-001,3.34146e+001,5.46341e+001,-2.23171e+001
-5.45510e-005,1.05913e-004,-1.61133e-001,3.37402e-001,7.20215e-001,3.06098e+001,4.29268e+001,-1.79878e+001
-1.91348e-005,4.68299e-005,-2.08984e-001,2.91504e-001,7.45117e-001,2.76829e+001,3.71341e+001,-1.63415e+001
-3.52483e-006,2.85344e-005,-2.71484e-001,1.93359e-001,8.06152e-001,2.04268e+001,2.48780e+001,-1.45122e+001
1.59457e-005,3.34020e-005,-2.73926e-001,1.50391e-001,8.27637e-001,1.71951e+001,1.85976e+001,-1.43293e+001
3.67590e-005,-8.47639e-005,-2.42676e-001,7.08008e-002,8.32031e-001,1.14634e+001,6.70732e+000,-1.43293e+001
3.20592e-005,-1.16487e-004,-2.02148e-001,3.27148e-002,8.27637e-001,8.96342e+000,1.09756e+000,-1.45732e+001
1.57778e-005,-1.17494e-005,-1.04980e-001,-2.34375e-002,7.91016e-001,5.91463e+000,-7.37805e+000,-1.42683e+001
-1.99741e-005,-2.80308e-005,-6.29883e-002,-4.29688e-002,7.63184e-001,5.00000e+000,-1.05488e+001,-1.36585e+001
-6.83146e-005,-8.07355e-005,-9.27734e-003,-7.08008e-002,7.27051e-001,3.23171e+000,-1.65244e+001,-1.20732e+001
-1.05913e-004,-7.20073e-005,-1.22070e-002,-8.64258e-002,7.17285e-001,2.68293e+000,-1.87195e+001,-1.14024e+001
-1.21019e-004,8.24140e-005,-3.56445e-002,-8.78906e-002,7.30469e-001,1.82927e+000,-2.28659e+001,-1.00610e+001
-5.82437e-005,-3.52483e-006,-9.27734e-002,-7.51953e-002,7.31934e-001,1.34146e+000,-2.51829e+001,-1.00000e+001
5.52224e-005,-1.42000e-004,-1.18164e-001,-6.49414e-002,7.14355e-001,1.76829e+000,-2.85976e+001,-1.06098e+001
1.58618e-004,-1.35958e-004,-1.82129e-001,-4.00391e-002,6.12305e-001,2.86585e+000,-2.94512e+001,-1.15244e+001
1.78424e-004,-1.49722e-004,-2.19727e-001,-2.53906e-002,5.47363e-001,4.32927e+000,-3.32317e+001,-1.29268e+001
9.95346e-005,-9.68490e-005,-2.95410e-001,2.44141e-003,4.23828e-001,5.85366e+000,-3.58537e+001,-1.34146e+001
3.82696e-005,4.44800e-005,-3.27637e-001,9.27734e-003,3.78418e-001,7.56098e+000,-4.29878e+001,-1.35366e+001
1.27565e-005,2.16526e-005,-3.82324e-001,1.31836e-002,3.20313e-001,8.96342e+000,-4.88415e+001,-1.25000e+001
1.19173e-005,3.74304e-005,-4.01367e-001,4.88281e-003,3.03711e-001,9.02439e+000,-5.17073e+001,-1.20732e+001
-1.49386e-005,1.12123e-004,-4.26758e-001,-8.78906e-003,3.01758e-001,9.26829e+000,-5.54878e+001,-1.01220e+001
-6.16007e-005,1.27733e-004,-4.29688e-001,-1.36719e-002,3.16406e-001,9.32927e+000,-5.66463e+001,-9.02439e+000
-8.67781e-005,6.69719e-005,-4.06250e-001,-2.63672e-002,3.38867e-001,8.90244e+000,-5.80488e+001,-6.09756e+000
-1.33104e-004,-1.62814e-005,-3.87207e-001,-2.78320e-002,3.29102e-001,9.32927e+000,-5.79878e+001,-4.57317e+000
-1.62310e-004,6.88182e-006,-3.25195e-001,-2.68555e-002,2.99316e-001,8.53659e+000,-5.95732e+001,-1.40244e+000
-8.47639e-005,2.18204e-006,-2.84668e-001,-2.44141e-002,3.11523e-001,8.29268e+000,-5.93293e+001,-6.09756e-001
-1.96384e-005,-9.56741e-006,-1.93848e-001,-3.71094e-002,3.91602e-001,6.40244e+000,-5.65244e+001,1.76829e+000
2.43381e-005,1.08934e-004,-1.36230e-001,-3.75977e-002,4.50195e-001,5.91463e+000,-5.36585e+001,2.62195e+000
7.26787e-005,1.20684e-004,-2.83203e-002,-3.36914e-002,5.57617e-001,4.69512e+000,-4.75000e+001,4.63415e+000
5.72366e-005,1.46029e-005,2.88086e-002,-3.07617e-002,6.02051e-001,3.71951e+000,-4.49390e+001,5.30488e+000
3.34020e-005,4.07874e-005,1.24023e-001,-8.30078e-003,6.37695e-001,1.28049e+000,-4.16463e+001,6.70732e+000
1.30922e-005,2.40864e-004,2.08008e-001,2.24609e-002,6.67969e-001,-2.43902e-001,-4.03049e+001,6.95122e+000
6.71397e-007,4.16938e-004,2.30469e-001,3.61328e-002,6.85547e-001,-3.59756e+000,-3.75000e+001,5.91463e+000
-1.77920e-005,2.53284e-004,2.59766e-001,6.20117e-002,6.89453e-001,-4.75610e+000,-3.59146e+001,5.06098e+000
-6.79789e-005,-2.51774e-006,2.57813e-001,7.47070e-002,6.71875e-001,-6.82927e+000,-3.29268e+001,2.68293e+000
-1.53750e-004,1.59457e-005,2.12891e-001,9.61914e-002,6.08398e-001,-8.10976e+000,-3.23780e+001,1.58537e+000
-1.62310e-004,1.34783e-004,1.78711e-001,1.04492e-001,5.90820e-001,-9.93902e+000,-3.12195e+001,-1.34146e+000
-9.48348e-005,8.94636e-005,6.64063e-002,1.14746e-001,6.18652e-001,-1.09756e+001,-3.01220e+001,-2.92683e+000
-1.02388e-005,3.99481e-005,-5.37109e-003,1.23535e-001,6.50879e-001,-1.04268e+001,-2.61585e+001,-5.60976e+000
3.20592e-005,-3.97803e-005,-1.29395e-001,1.18652e-001,7.74902e-001,-9.32927e+000,-2.07927e+001,-7.13415e+000
2.40024e-005,7.73785e-005,-1.80176e-001,1.16699e-001,8.71582e-001,-7.74390e+000,-1.78049e+001,-7.68293e+000
2.06455e-005,1.06081e-004,-2.48047e-001,1.38672e-001,1.08740e+000,-5.91463e+000,-1.15244e+001,-7.43902e+000
4.53193e-005,-3.92767e-005,-2.70996e-001,1.55273e-001,1.19385e+000,-6.21951e+000,-8.78049e+000,-5.97561e+000
3.97803e-005,-5.77401e-005,-2.64648e-001,1.80664e-001,1.38818e+000,-8.78049e+000,-6.15854e+000,-1.82927e-001
2.13169e-005,2.51774e-006,-2.40234e-001,2.04102e-001,1.45313e+000,-1.04268e+001,-6.34146e+000,3.29268e+000
2.40024e-005,-2.16526e-005,-1.58691e-001,2.46094e-001,1.49268e+000,-1.43293e+001,-5.97561e+000,1.04268e+001
1.96384e-005,-2.80308e-005,-1.01074e-001,2.56348e-001,1.47363e+000,-1.64024e+001,-4.14634e+000,1.39634e+001
-1.67849e-006,4.95155e-005,2.63672e-002,2.58301e-001,1.40479e+000,-1.89024e+001,4.32927e+000,1.93902e+001
1.59457e-005,9.65133e-005,1.02539e-001,2.31445e-001,1.35889e+000,-1.88415e+001,1.12805e+001,2.20122e+001
1.22530e-005,7.16716e-005,2.67578e-001,1.40137e-001,1.31494e+000,-1.62805e+001,2.83537e+001,2.90244e+001
-4.19623e-006,1.77920e-005,3.64258e-001,8.05664e-002,1.31641e+000,-1.36585e+001,3.73171e+001,3.28659e+001
1.64492e-005,-8.22461e-006,5.28809e-001,-4.88281e-003,1.41797e+000,-7.56098e+000,5.05488e+001,4.13415e+001
-1.89670e-005,-9.56741e-006,5.16602e-001,1.12305e-002,1.58984e+000,-4.51220e+000,5.29878e+001,4.42683e+001
-5.25368e-005,-2.46738e-005,4.42871e-001,4.54102e-002,1.65479e+000,4.02439e+000,4.00610e+001,4.59146e+001
-2.73594e-005,-4.17945e-005,2.34863e-001,8.93555e-002,1.61182e+000,1.03659e+001,2.48780e+001,4.34756e+001
2.31632e-005,-5.13619e-005,7.56836e-002,8.93555e-002,1.46143e+000,2.64634e+001,-1.34146e+000,3.19512e+001
4.07874e-005,-6.09293e-005,-1.83594e-001,1.46484e-003,1.11816e+000,3.26220e+001,-8.71951e+000,2.65854e+001
-4.24659e-005,-7.31823e-005,-2.57324e-001,-8.05664e-002,9.67773e-001,3.76220e+001,-1.60366e+001,2.13415e+001
-1.64660e-004,3.86053e-006,-4.11621e-001,-2.04590e-001,8.19824e-001,3.66463e+001,-1.93293e+001,1.97561e+001
-1.32769e-004,9.56741e-006,-5.27344e-001,-2.21680e-001,8.12500e-001,3.29268e+001,-3.20122e+001,1.46341e+001
-7.20073e-005,-3.54162e-005,-7.40234e-001,-2.09961e-001,7.95410e-001,2.95122e+001,-4.56707e+001,1.43293e+001
-3.75982e-005,-1.72885e-005,-7.68555e-001,-1.99219e-001,7.72949e-001,2.77439e+001,-4.89024e+001,1.80488e+001
-1.59457e-005,2.78630e-005,-6.77734e-001,-1.78223e-001,7.19238e-001,2.12195e+001,-4.73781e+001,2.92683e+001
-7.55322e-006,5.79080e-005,-5.77637e-001,-1.61133e-001,7.17773e-001,1.73780e+001,-4.58537e+001,3.39634e+001
2.83665e-005,3.35698e-005,-3.57910e-001,-1.06934e-001,7.77832e-001,1.12195e+001,-4.56098e+001,3.90244e+001
3.20592e-005,2.19883e-005,-2.61719e-001,-7.12891e-002,8.24707e-001,1.03659e+001,-4.53659e+001,3.92683e+001
-4.69978e-006,8.24140e-005,-1.30859e-001,5.85938e-003,8.87207e-001,9.57317e+000,-4.41463e+001,3.72561e+001
-2.26596e-005,1.42840e-004,-9.03320e-002,4.00391e-002,8.94531e-001,9.93902e+000,-4.39024e+001,3.57317e+001
5.87472e-006,3.39055e-005,-4.63867e-002,7.42188e-002,9.22363e-001,1.06098e+001,-4.56098e+001,3.19512e+001
-2.36667e-005,-1.89670e-005,-3.85742e-002,7.51953e-002,9.40430e-001,1.13415e+001,-4.70732e+001,2.95122e+001
-1.98062e-005,-4.41444e-005,-5.66406e-002,8.05664e-002,9.53125e-001,1.35366e+001,-5.06707e+001,2.37805e+001
1.17494e-005,-1.03059e-004,-7.32422e-002,7.86133e-002,9.43848e-001,1.53049e+001,-5.17073e+001,2.07317e+001
-1.19173e-005,-9.58419e-005,-1.09375e-001,6.34766e-002,9.07227e-001,1.87195e+001,-5.14634e+001,1.51220e+001
4.53193e-006,-4.95155e-005,-1.36719e-001,5.02930e-002,8.92578e-001,1.92073e+001,-5.15244e+001,1.27439e+001
2.73594e-005,3.05486e-005,-1.47949e-001,4.15039e-002,9.00879e-001,1.95732e+001,-5.07927e+001,8.41463e+000
1.15816e-005,7.16716e-005,-1.37695e-001,4.05273e-002,9.16504e-001,1.89024e+001,-5.00610e+001,7.25610e+000
4.53193e-006,1.67849e-006,-1.22559e-001,3.46680e-002,9.21387e-001,1.81707e+001,-4.67683e+001,7.01220e+000
1.67849e-006,6.54612e-006,-8.15430e-002,2.73438e-002,9.42383e-001,1.71951e+001,-4.53659e+001,6.70732e+000
-4.54871e-005,-5.65652e-005,-5.76172e-002,2.53906e-002,9.53613e-001,1.53049e+001,-4.12805e+001,6.21951e+000
-6.37827e-005,-1.91852e-004,-1.46484e-002,3.22266e-002,9.77539e-001,1.47561e+001,-3.87805e+001,5.97561e+000
-8.22461e-006,-1.67010e-004,7.81250e-003,3.56445e-002,9.88770e-001,1.42683e+001,-3.30488e+001,6.15854e+000
6.24399e-005,-1.11620e-004,5.27344e-002,5.27344e-002,1.00586e+000,1.37805e+001,-2.71341e+001,6.34146e+000
8.17426e-005,-5.03548e-006,7.27539e-002,6.10352e-002,1.01465e+000,1.36585e+001,-2.40244e+001,6.21951e+000
1.02052e-004,9.58419e-005,9.37500e-002,7.08008e-002,1.02832e+000,1.32927e+001,-1.76829e+001,6.40244e+000
7.97284e-005,6.79789e-005,1.04492e-001,7.22656e-002,1.03125e+000,1.29878e+001,-1.50610e+001,6.76829e+000
7.43572e-005,-2.09812e-005,1.15234e-001,7.91016e-002,1.05664e+000,1.23780e+001,-8.35366e+000,7.13415e+000
1.99741e-005,-6.12650e-005,1.19141e-001,7.86133e-002,1.06787e+000,1.21951e+001,-5.60976e+000,7.37805e+000
-4.59907e-005,-2.56809e-005,1.14746e-001,8.25195e-002,1.08838e+000,1.14024e+001,6.70732e-001,8.10976e+000
-8.14069e-005,6.61326e-005,1.20117e-001,8.20313e-002,1.09912e+000,1.04878e+001,3.71951e+000,8.65854e+000
-1.07759e-004,9.16457e-005,1.24023e-001,8.25195e-002,1.12305e+000,9.45122e+000,9.26829e+000,9.39024e+000
-1.07927e-004,4.24659e-005,1.30859e-001,7.86133e-002,1.13574e+000,8.35366e+000,1.20732e+001,9.69512e+000
-1.26055e-004,-1.69528e-005,1.28418e-001,7.37305e-002,1.13232e+000,7.74390e+000,1.81707e+001,1.01220e+001
-1.07591e-004,-3.77661e-005,1.24023e-001,7.51953e-002,1.12598e+000,6.64634e+000,2.06098e+001,9.69512e+000
-6.56291e-005,-5.11940e-005,8.83789e-002,7.86133e-002,1.10547e+000,4.57317e+000,2.39634e+001,8.41463e+000
-3.37377e-005,-9.51705e-005,4.83398e-002,8.83789e-002,1.11670e+000,3.23171e+000,2.49390e+001,8.29268e+000
-1.93027e-005,-8.79530e-005,4.00391e-002,9.37500e-002,1.11914e+000,2.43902e-001,2.57927e+001,1.09146e+001
-3.64233e-005,-3.65911e-005,4.49219e-002,1.09375e-001,1.12744e+000,-1.28049e+000,2.59146e+001,1.25000e+001
-7.04967e-006,-2.66880e-005,4.15039e-002,1.08887e-001,1.12500e+000,-5.18293e+000,2.50610e+001,1.51220e+001
4.01160e-005,-4.95155e-005,1.90430e-002,1.06934e-001,1.09668e+000,-6.82927e+000,2.42073e+001,1.51220e+001
1.89670e-005,-4.78370e-005,5.85938e-003,1.06934e-001,1.08740e+000,-1.14634e+001,2.21951e+001,1.50610e+001
-1.15816e-005,-7.10002e-005,-1.95313e-002,9.96094e-002,1.08398e+000,-1.28049e+001,2.17073e+001,1.53659e+001
-8.89601e-006,-6.00900e-005,-3.27148e-002,9.81445e-002,1.08984e+000,-1.59146e+001,1.95732e+001,1.43902e+001
-8.22461e-006,8.56031e-006,-5.27344e-002,9.22852e-002,1.09131e+000,-1.69512e+001,1.76829e+001,1.37805e+001
-1.59457e-005,2.09812e-005,-5.56641e-002,9.13086e-002,1.08398e+000,-1.80488e+001,1.62805e+001,1.34756e+001
-2.56809e-005,3.87732e-005,-4.10156e-002,7.37305e-002,1.08301e+000,-1.87195e+001,1.20732e+001,1.28659e+001
-4.11231e-005,6.16007e-005,-3.32031e-002,6.64063e-002,1.08301e+000,-1.83537e+001,1.06707e+001,1.18902e+001
-3.50805e-005,2.63523e-005,-1.75781e-002,5.56641e-002,1.07764e+000,-1.72561e+001,1.06098e+001,1.05488e+001
-1.96384e-005,-1.93027e-005,-1.17188e-002,5.17578e-002,1.06885e+000,-1.76829e+001,9.63415e+000,9.39024e+000
-6.88182e-006,-8.56031e-006,1.12305e-002,4.49219e-002,1.04834e+000,-1.71341e+001,7.80488e+000,6.52439e+000
1.52743e-005,-2.71916e-005,1.95313e-002,4.83398e-002,1.04590e+000,-1.67683e+001,7.50000e+000,5.00000e+000
1.29244e-005,-4.91798e-005,1.95313e-002,6.00586e-002,1.06445e+000,-1.62805e+001,5.67073e+000,1.76829e+000
6.37827e-006,-5.52224e-005,1.61133e-002,6.54297e-002,1.08154e+000,-1.59146e+001,3.71951e+000,-4.26829e-001
1.02388e-005,-5.62295e-005,2.92969e-003,6.98242e-002,1.08496e+000,-1.52439e+001,-9.14634e-001,-5.24390e+000
1.56100e-005,-6.02579e-005,-8.30078e-003,6.93359e-002,1.07031e+000,-1.51220e+001,-2.68293e+000,-7.56098e+000
-1.89670e-005,-6.12650e-005,-2.73438e-002,5.85938e-002,1.05518e+000,-1.47561e+001,-5.60976e+000,-1.12805e+001
-3.91089e-005,-3.03807e-005,-4.63867e-002,4.00391e-002,1.05029e+000,-1.40244e+001,-7.43902e+000,-1.34146e+001
1.05745e-005,-1.49386e-005,-5.61523e-002,3.80859e-002,1.02979e+000,-1.17683e+001,-1.09146e+001,-1.73780e+001
2.29953e-005,-5.32082e-005,-7.95898e-002,4.44336e-002,9.99023e-001,-1.15854e+001,-1.03049e+001,-1.92073e+001
-7.55322e-006,-8.54353e-005,-8.69141e-002,4.00391e-002,9.99512e-001,-1.23171e+001,-9.51220e+000,-2.23171e+001
-1.27565e-005,-9.08064e-005,-7.27539e-002,3.51563e-002,1.02783e+000,-1.30488e+001,-1.04878e+001,-2.41463e+001
2.80308e-005,-9.08064e-005,-7.17773e-002,2.92969e-002,1.07129e+000,-1.35366e+001,-1.24390e+001,-2.71951e+001
4.22980e-005,-3.25628e-005,-9.42383e-002,1.02539e-002,1.13965e+000,-1.39634e+001,-1.37805e+001,-2.85366e+001
3.02129e-005,3.60876e-005,-8.74023e-002,8.30078e-003,1.11230e+000,-1.32317e+001,-1.57317e+001,-2.82927e+001
-2.03098e-005,3.12200e-005,-3.46680e-002,-1.31836e-002,1.05566e+000,-1.45122e+001,-1.45122e+001,-2.59756e+001
-6.99931e-005,-7.88891e-006,-6.83594e-003,-2.19727e-002,1.02539e+000,-1.45122e+001,-1.37805e+001,-2.65244e+001
-1.30922e-004,-2.83665e-005,1.70898e-002,-3.02734e-002,9.50684e-001,-1.34756e+001,-1.10976e+001,-2.90244e+001
-1.45861e-004,-6.42863e-005,2.00195e-002,-3.66211e-002,9.29688e-001,-1.27439e+001,-9.93902e+000,-3.05488e+001
-1.41161e-004,-5.58938e-005,2.05078e-002,-4.15039e-002,9.31152e-001,-1.11585e+001,-6.03659e+000,-3.40854e+001
-1.36461e-004,-2.18204e-006,2.14844e-002,-4.44336e-002,9.39941e-001,-9.63415e+000,-2.56098e+000,-3.50000e+001
-1.48882e-004,8.39246e-005,2.63672e-002,-3.80859e-002,9.86328e-001,-6.82927e+000,4.87805e+000,-3.51829e+001
-8.94636e-005,9.58419e-005,3.61328e-002,-2.97852e-002,1.00684e+000,-5.97561e+000,9.02439e+000,-3.47561e+001
1.32601e-005,3.13878e-005,7.86133e-002,-1.17188e-002,1.04346e+000,-3.47561e+000,1.98780e+001,-3.18902e+001
9.23171e-005,-4.36408e-006,9.96094e-002,-3.41797e-003,1.05273e+000,-2.50000e+000,2.59756e+001,-3.07317e+001
1.02892e-004,-1.61135e-005,1.31348e-001,1.12305e-002,1.05762e+000,7.31707e-001,3.68293e+001,-2.83537e+001
8.17426e-005,-3.89410e-005,1.52832e-001,2.29492e-002,1.05615e+000,2.31707e+000,4.23780e+001,-2.76829e+001
7.13359e-005,-3.00450e-005,1.68457e-001,4.34570e-002,1.06250e+000,5.18293e+000,5.24390e+001,-2.62195e+001
6.56291e-005,-3.47448e-005,1.57227e-001,5.90820e-002,1.10352e+000,6.76829e+000,5.71951e+001,-2.58537e+001
4.07874e-005,-5.72366e-005,1.46973e-001,7.27539e-002,1.12842e+000,7.19512e+000,6.53049e+001,-2.45732e+001
9.56741e-006,-4.46479e-005,1.20605e-001,8.64258e-002,1.18750e+000,6.89024e+000,6.76829e+001,-2.39024e+001
-1.12459e-005,-4.51514e-005,1.06445e-001,8.78906e-002,1.20557e+000,5.85366e+000,6.87195e+001,-2.25610e+001
-1.69528e-005,-5.72366e-005,8.00781e-002,8.64258e-002,1.18262e+000,6.40244e+000,6.64024e+001,-2.18902e+001
-9.06386e-006,-5.08583e-005,6.49414e-002,8.54492e-002,1.16650e+000,6.09756e+000,5.78659e+001,-2.15244e+001
7.38537e-006,-4.01160e-005,-1.56250e-002,7.22656e-002,1.14014e+000,5.79268e+000,5.49390e+001,-2.14634e+001
7.55322e-006,-4.51514e-005,-6.39648e-002,6.20117e-002,1.09326e+000,7.13415e+000,5.26829e+001,-2.09756e+001
-4.86763e-006,-2.66880e-005,-1.36230e-001,2.29492e-002,1.02344e+000,9.39024e+000,5.15244e+001,-2.00000e+001
-3.99481e-005,2.06455e-005,-1.56250e-001,5.37109e-003,9.89746e-001,1.03659e+001,5.07317e+001,-1.89024e+001
-8.94636e-005,1.32601e-005,-1.89453e-001,-5.32227e-002,9.03809e-001,1.41463e+001,4.93293e+001,-1.68902e+001
-1.03731e-004,3.35698e-006,-2.01660e-001,-8.64258e-002,8.51074e-001,1.55488e+001,4.65244e+001,-1.47561e+001
-5.27047e-005,4.86763e-006,-2.03613e-001,-1.75293e-001,7.07520e-001,1.73780e+001,3.90854e+001,-8.10976e+000
-3.97803e-005,1.46029e-005,-2.08008e-001,-2.23633e-001,6.47461e-001,1.74390e+001,3.57927e+001,-4.57317e+000
1.17494e-006,2.66880e-005,-1.90430e-001,-3.16895e-001,5.29785e-001,1.68902e+001,3.15244e+001,2.25610e+000
3.10521e-005,3.59197e-005,-1.53809e-001,-3.44727e-001,4.71191e-001,1.78049e+001,3.01220e+001,4.39024e+000
1.32601e-005,2.80308e-005,-2.24609e-002,-3.04688e-001,4.05762e-001,2.00610e+001,3.01829e+001,2.43902e+000
2.80308e-005,3.52483e-006,5.07813e-002,-2.38770e-001,4.37500e-001,2.15244e+001,3.22561e+001,-2.07317e+000
5.20333e-005,-2.09812e-005,1.60156e-001,-3.46680e-002,5.64453e-001,2.35366e+001,3.99390e+001,-1.53049e+001
2.23239e-005,9.06386e-006,1.84570e-001,7.56836e-002,6.37207e-001,2.40854e+001,4.51829e+001,-2.15244e+001
-1.99741e-005,1.46029e-005,1.92383e-001,2.54883e-001,7.71973e-001,2.35366e+001,5.20122e+001,-2.74390e+001
-4.19623e-006,1.61135e-005,1.69434e-001,3.63281e-001,8.14941e-001,2.45122e+001,5.37195e+001,-2.72561e+001
-9.56741e-006,1.19173e-005,1.52344e-001,3.85254e-001,8.06152e-001,2.60366e+001,5.06707e+001,-2.21951e+001
-2.16526e-005,8.72816e-006,9.17969e-002,3.73047e-001,7.73926e-001,2.62195e+001,4.74390e+001,-1.86585e+001
-1.29244e-005,-6.41184e-005,5.32227e-002,3.43750e-001,7.52441e-001,2.58537e+001,3.90244e+001,-1.21341e+001
-2.56809e-005,-9.06386e-005,-4.83398e-002,2.34375e-001,7.22168e-001,2.45732e+001,3.51220e+001,-9.87805e+000
-2.33310e-005,-7.88891e-006,-9.66797e-002,1.67969e-001,7.18750e-001,2.01829e+001,2.56098e+001,-7.31707e+000
4.19623e-006,6.54612e-006,-1.67480e-001,4.05273e-002,7.33887e-001,1.82317e+001,2.07317e+001,-7.01220e+000
3.18914e-006,-4.24659e-005,-1.86035e-001,-1.22070e-002,7.53418e-001,1.34756e+001,1.10976e+001,-8.65854e+000
-2.19883e-005,-4.64942e-005,-2.06055e-001,-9.22852e-002,8.22754e-001,1.04268e+001,1.34146e+000,-1.17073e+001
-4.81727e-005,-5.11940e-005,-2.09473e-001,-1.18652e-001,8.45215e-001,9.63415e+000,-3.17073e+000,-1.29268e+001
-5.05226e-005,2.93736e-005,-1.97266e-001,-1.46484e-001,8.81836e-001,8.41463e+000,-1.14634e+001,-1.50610e+001
-3.81018e-005,1.94873e-004,-1.90918e-001,-1.47461e-001,8.86230e-001,8.90244e+000,-1.54878e+001,-1.56707e+001
-3.34020e-005,1.62982e-004,-1.72852e-001,-1.30371e-001,8.65234e-001,1.01829e+001,-2.25610e+001,-1.70122e+001
3.52483e-006,2.51774e-005,-1.72852e-001,-1.12305e-001,8.43262e-001,1.13415e+001,-2.56098e+001,-1.75610e+001
2.29953e-005,-1.94705e-005,-1.74805e-001,-7.12891e-002,8.00293e-001,1.16463e+001,-3.36585e+001,-1.89634e+001
2.50095e-005,-9.21492e-005,-1.79199e-001,-5.12695e-002,7.95410e-001,1.17683e+001,-3.54878e+001,-1.89024e+001
2.19883e-005,-1.63317e-004,-1.88965e-001,-1.70898e-002,7.55371e-001,1.26220e+001,-3.75610e+001,-1.82317e+001
1.49386e-005,-6.69719e-005,-1.85547e-001,-2.92969e-003,7.22168e-001,1.30488e+001,-3.94512e+001,-1.77439e+001
3.02129e-006,-1.15816e-005,-1.68945e-001,1.61133e-002,5.99609e-001,1.50000e+001,-4.03049e+001,-1.59146e+001
-7.55322e-006,-6.14328e-005,-1.58691e-001,2.09961e-002,5.21973e-001,1.61585e+001,-4.10366e+001,-1.55488e+001
-1.84634e-005,-6.39506e-005,-1.65039e-001,2.88086e-002,3.85254e-001,1.85976e+001,-4.29878e+001,-1.51829e+001
-3.87732e-005,-3.79339e-005,-1.91406e-001,5.37109e-003,2.93457e-001,2.01829e+001,-4.38415e+001,-1.47561e+001
-4.24659e-005,-4.41444e-005,-2.10449e-001,-9.76563e-003,2.65625e-001,2.34146e+001,-4.69512e+001,-1.43293e+001
-3.20592e-005,-3.10521e-005,-2.63672e-001,-3.41797e-002,1.87988e-001,2.54268e+001,-4.83537e+001,-1.39634e+001
-8.56031e-006,-3.57519e-005,-2.96387e-001,-4.44336e-002,1.57227e-001,2.77439e+001,-5.20732e+001,-1.34756e+001
3.69268e-006,-6.19364e-005,-3.86719e-001,-5.17578e-002,1.08887e-001,2.85976e+001,-5.43902e+001,-1.34756e+001
-1.76242e-005,-1.31929e-004,-4.35059e-001,-4.93164e-002,9.37500e-002,3.03049e+001,-6.04878e+001,-1.35976e+001
-3.99481e-005,-1.40490e-004,-5.29297e-001,-3.12500e-002,1.17676e-001,3.00000e+001,-6.35976e+001,-1.31098e+001
-4.78370e-005,-4.51514e-005,-5.63477e-001,-1.75781e-002,1.58203e-001,2.75610e+001,-6.78049e+001,-1.23780e+001
-5.92508e-005,4.36408e-005,-5.98633e-001,1.51367e-002,2.69531e-001,2.47561e+001,-6.78049e+001,-1.04268e+001
-3.77661e-005,6.29435e-005,-5.95215e-001,3.41797e-002,3.12012e-001,2.26829e+001,-6.64634e+001,-9.39024e+000
-1.79599e-005,2.93736e-005,-5.17090e-001,6.88477e-002,3.60352e-001,1.79878e+001,-6.27439e+001,-7.37805e+000
-2.51774e-006,-1.89670e-005,-4.58008e-001,8.15430e-002,3.92090e-001,1.54878e+001,-6.12805e+001,-7.07317e+000
2.16526e-005,-9.50027e-005,-3.01758e-001,1.13770e-001,5.22949e-001,8.10976e+000,-5.89634e+001,-6.52439e+000
1.93027e-005,-1.96887e-004,-2.28516e-001,1.29883e-001,6.25488e-001,4.26829e+000,-5.76220e+001,-6.58537e+000
-2.51774e-006,-2.02930e-004,-8.20313e-002,1.57715e-001,8.33496e-001,-3.04878e+000,-5.63415e+001,-6.09756e+000
-3.02129e-006,-6.99931e-005,-1.12305e-002,1.70898e-001,9.00879e-001,-6.09756e+000,-5.61585e+001,-5.30488e+000
-8.22461e-006,1.76242e-005,1.19141e-001,1.98242e-001,9.47266e-001,-1.08537e+001,-5.63415e+001,-3.84146e+000
-7.38537e-006,1.11452e-004,1.69922e-001,2.12891e-001,9.36523e-001,-1.32927e+001,-5.69512e+001,-3.29268e+000
1.86313e-005,3.01625e-004,2.34375e-001,2.31934e-001,8.99414e-001,-1.84756e+001,-5.75000e+001,-3.04878e+000
3.20592e-005,4.63096e-004,2.54883e-001,2.31445e-001,8.89648e-001,-1.98780e+001,-5.68293e+001,-3.10976e+000
4.73335e-005,3.94949e-004,2.54883e-001,2.33887e-001,8.73047e-001,-2.02439e+001,-5.30488e+001,-2.92683e+000
1.05745e-004,2.61677e-004,2.29004e-001,2.23633e-001,8.81348e-001,-1.97561e+001,-4.96951e+001,-2.62195e+000
9.65133e-005,1.81109e-004,2.09961e-001,2.14355e-001,9.19922e-001,-1.88415e+001,-3.92073e+001,-4.26829e-001
-1.93027e-005,1.38811e-004,1.88965e-001,2.05566e-001,1.04297e+000,-1.75610e+001,-3.22561e+001,1.34146e+000
-1.31762e-004,7.82177e-005,1.90430e-001,1.99707e-001,1.12012e+000,-1.56098e+001,-1.70122e+001,7.37805e+000
-1.40490e-004,5.74044e-005,2.26563e-001,1.97266e-001,1.27734e+000,-1.50000e+001,-9.26829e+000,1.17683e+001
-1.11620e-004,5.53903e-006,2.51953e-001,1.99219e-001,1.34229e+000,-1.43902e+001,5.00000e+000,2.32927e+001
-5.94186e-005,4.59907e-005,3.32031e-001,2.06543e-001,1.45654e+000,-1.53049e+001,1.07927e+001,3.00610e+001
1.86313e-005,3.79339e-005,3.70605e-001,2.14844e-001,1.49512e+000,-1.80488e+001,2.03659e+001,4.34756e+001
9.29885e-005,-6.49577e-005,4.52148e-001,2.20215e-001,1.50146e+000,-2.07317e+001,2.98780e+001,5.42683e+001
1.14137e-004,-1.09270e-004,4.91699e-001,2.27051e-001,1.45361e+000,-2.14024e+001,3.61585e+001,5.83537e+001
5.53903e-005,-1.58618e-004,5.60547e-001,2.00195e-001,1.36523e+000,-2.24390e+001,5.13415e+001,6.32927e+001
-2.98772e-005,-7.23430e-005,5.97168e-001,1.67969e-001,1.35205e+000,-2.18902e+001,6.06098e+001,6.44512e+001
-5.85794e-005,1.76410e-004,6.69434e-001,7.08008e-002,1.37158e+000,-1.80488e+001,7.78659e+001,6.57927e+001
-1.16991e-004,3.05989e-004,6.85547e-001,3.27148e-002,1.39404e+000,-1.58537e+001,8.35366e+001,6.51220e+001
-1.11620e-004,2.02930e-004,5.88867e-001,1.36719e-002,1.51855e+000,-1.20732e+001,8.28659e+001,5.96951e+001
-1.96384e-005,-6.14328e-005,4.29199e-001,4.15039e-002,1.61230e+000,-9.87805e+000,7.20122e+001,5.39024e+001
-6.88182e-006,-1.43511e-004,3.71094e-002,9.57031e-002,1.77637e+000,-4.14634e+000,2.47561e+001,3.93902e+001
-7.90570e-005,-2.93233e-004,-1.74805e-001,9.47266e-002,1.77295e+000,1.58537e+000,-2.19512e+000,2.96341e+001
-1.48714e-004,-1.90173e-004,-6.45020e-001,2.97852e-002,1.47070e+000,1.33537e+001,-4.38415e+001,1.35366e+001
-1.56939e-004,7.63714e-005,-8.34473e-001,-3.90625e-002,1.25098e+000,1.50610e+001,-5.92073e+001,1.05488e+001
-1.55261e-004,2.45060e-005,-1.06445e+000,-1.85059e-001,9.32129e-001,1.10976e+001,-8.79268e+001,9.51220e+000
-9.95346e-005,8.27497e-005,-1.18213e+000,-2.93945e-001,7.91016e-001,6.76829e+000,-1.02866e+002,9.39024e+000
-3.22271e-005,9.51705e-005,-1.19385e+000,-3.25684e-001,7.31934e-001,-7.92683e-001,-1.24695e+002,1.40854e+001
-1.67849e-007,1.03899e-004,-1.08252e+000,-3.37402e-001,5.97656e-001,-3.71951e+000,-1.28902e+002,1.90854e+001
-6.22721e-005,2.40864e-004,-9.50684e-001,-3.22266e-001,5.42480e-001,-9.32927e+000,-1.25183e+002,3.29268e+001
-3.37377e-005,2.50767e-004,-6.10840e-001,-2.60742e-001,5.25879e-001,-1.18293e+001,-1.19573e+002,3.89024e+001
1.84970e-004,2.05280e-004,-4.33594e-001,-2.19238e-001,5.88867e-001,-1.52439e+001,-1.06524e+002,4.57317e+001
5.07073e-004,1.91348e-005,-1.11816e-001,-1.12305e-001,7.81250e-001,-1.56098e+001,-1.00061e+002,4.69512e+001
6.06104e-004,-1.61303e-004,1.02539e-002,-5.46875e-002,8.63281e-001,-1.26220e+001,-8.62805e+001,4.68902e+001
4.68971e-004,-1.89334e-004,1.69434e-001,3.80859e-002,9.68750e-001,-6.76829e+000,-7.43902e+001,4.65244e+001
2.60166e-004,-3.81018e-005,2.27051e-001,6.34766e-002,9.91699e-001,-3.29268e+000,-6.98781e+001,4.58537e+001
-2.45060e-005,7.28466e-005,2.94922e-001,7.47070e-002,9.97070e-001,5.06098e+000,-6.20732e+001,4.14024e+001
-3.15389e-004,1.43511e-004,2.96387e-001,6.68945e-002,9.78516e-001,9.02439e+000,-5.85976e+001,3.76220e+001
-6.24567e-004,2.63523e-005,2.54395e-001,6.00586e-002,9.08203e-001,1.82927e+001,-5.14634e+001,2.92073e+001
-8.72984e-004,1.79599e-005,2.17773e-001,5.37109e-002,8.68652e-001,2.19512e+001,-4.79878e+001,2.53049e+001
-7.10506e-004,3.24453e-004,1.44043e-001,4.39453e-002,8.15918e-001,2.70122e+001,-3.94512e+001,1.94512e+001
-3.64904e-004,1.46197e-004,1.11816e-001,4.15039e-002,8.03223e-001,2.83537e+001,-3.50000e+001,1.75000e+001
-5.38796e-005,-6.42863e-005,5.90820e-002,3.46680e-002,8.23730e-001,2.84756e+001,-2.67683e+001,1.56707e+001
6.57969e-005,8.89601e-006,4.05273e-002,3.12500e-002,8.49121e-001,2.82927e+001,-2.21341e+001,1.53049e+001
6.76432e-005,4.09552e-005,3.95508e-002,2.83203e-002,9.10645e-001,2.71341e+001,-1.35976e+001,1.56098e+001
4.78370e-005,8.10712e-005,4.93164e-002,2.53906e-002,9.38965e-001,2.60976e+001,-9.51220e+000,1.59146e+001
-4.78370e-005,-2.33310e-005,8.69141e-002,1.56250e-002,9.94141e-001,2.40854e+001,-1.40244e+000,1.61585e+001
-1.37301e-004,-2.13336e-004,1.25000e-001,1.61133e-002,1.01660e+000,2.34756e+001,1.76829e+000,1.60366e+001
-2.26093e-004,-8.71138e-005,1.36719e-001,2.00195e-002,1.02588e+000,2.10976e+001,7.74390e+000,1.60976e+001
-2.43885e-004,1.43847e-004,1.46484e-001,3.46680e-002,1.02979e+000,1.95732e+001,1.02439e+001,1.56707e+001
7.80499e-005,2.92561e-004,1.44043e-001,4.54102e-002,1.03320e+000,1.64024e+001,1.44512e+001,1.48171e+001
3.80850e-004,2.18372e-004,1.23535e-001,7.91016e-002,1.06006e+000,1.45732e+001,1.59146e+001,1.42683e+001
4.07706e-004,1.49050e-004,1.14258e-001,8.98438e-002,1.07422e+000,1.14634e+001,1.82927e+001,1.33537e+001
3.19753e-004,-5.52224e-005,7.95898e-002,1.04004e-001,1.10791e+000,1.02439e+001,1.88415e+001,1.28659e+001
1.67010e-004,-1.90509e-004,6.44531e-002,1.04980e-001,1.11475e+000,7.56098e+000,1.95122e+001,1.18293e+001
7.60357e-005,-8.94636e-005,4.24805e-002,1.04492e-001,1.13379e+000,4.75610e+000,1.98171e+001,1.12195e+001
2.43381e-005,-4.86763e-006,3.41797e-002,1.04980e-001,1.14160e+000,2.80488e+000,2.01220e+001,1.09756e+001
-1.04570e-004,-5.65652e-005,2.24609e-002,9.66797e-002,1.15332e+000,-6.70732e-001,2.03049e+001,1.14024e+001
-9.41634e-005,-4.09384e-004,2.24609e-002,9.03320e-002,1.15234e+000,-1.89024e+000,2.03659e+001,1.09146e+001
1.11284e-004,-4.17441e-004,9.76563e-004,8.39844e-002,1.12402e+000,-4.08537e+000,1.93902e+001,9.26829e+000
2.05951e-004,-3.27306e-005,-1.41602e-002,8.98438e-002,1.12793e+000,-5.79268e+000,1.75000e+001,8.29268e+000
2.70237e-004,1.76074e-004,-5.17578e-002,8.93555e-002,1.12354e+000,-9.51220e+000,1.40244e+001,8.71951e+000
3.77157e-004,4.19623e-006,-5.37109e-002,9.08203e-002,1.10645e+000,-1.10976e+001,1.32317e+001,1.00000e+001
3.76822e-004,-7.83856e-005,-4.00391e-002,8.10547e-002,1.06641e+000,-1.42683e+001,1.04878e+001,1.04878e+001
1.89502e-004,1.82956e-004,-3.56445e-002,6.93359e-002,1.05225e+000,-1.46951e+001,8.23171e+000,9.02439e+000
-8.94636e-005,3.58862e-004,-5.90820e-002,6.05469e-002,1.03906e+000,-1.52439e+001,4.45122e+000,6.28049e+000
-3.37881e-004,1.63989e-004,-8.44727e-002,6.20117e-002,1.02441e+000,-1.56707e+001,3.53659e+000,5.00000e+000
-4.78874e-004,-2.76112e-004,-9.22852e-002,6.15234e-002,1.01807e+000,-1.59756e+001,3.65854e-001,2.43902e+000
-4.50675e-004,-3.13710e-004,-9.37500e-002,6.25000e-002,1.00928e+000,-1.62805e+001,-6.09756e-001,1.09756e+000
-3.87396e-004,-7.03288e-005,-9.37500e-002,5.56641e-002,1.00146e+000,-1.60366e+001,-2.80488e+000,-1.89024e+000
-2.44556e-004,-9.41634e-005,-8.05664e-002,5.32227e-002,9.64355e-001,-1.56098e+001,-4.32927e+000,-3.78049e+000
-2.19883e-005,-1.38140e-004,-7.22656e-002,4.49219e-002,9.60449e-001,-1.50000e+001,-5.18293e+000,-7.25610e+000
8.76173e-005,-8.02319e-005,-5.61523e-002,3.66211e-002,9.78516e-001,-1.42073e+001,-6.09756e+000,-9.02439e+000
1.11955e-004,7.30144e-005,-5.85938e-002,3.46680e-002,9.81445e-001,-1.18293e+001,-1.03659e+001,-1.31098e+001
1.70199e-004,9.81918e-005,-6.54297e-002,3.90625e-002,9.83398e-001,-1.07927e+001,-1.26220e+001,-1.55488e+001
1.62646e-004,-4.11231e-005,-6.59180e-002,3.85742e-002,9.77051e-001,-9.51220e+000,-1.75000e+001,-1.99390e+001
8.30854e-005,-1.23705e-004,-7.95898e-002,3.80859e-002,9.68750e-001,-8.29268e+000,-2.04878e+001,-2.43902e+001
6.12650e-005,-3.16564e-004,-8.69141e-002,3.80859e-002,9.62402e-001,-8.10976e+000,-2.14024e+001,-2.63415e+001
7.33501e-005,-4.84581e-004,-8.98438e-002,4.29688e-002,9.52148e-001,-9.26829e+000,-2.29878e+001,-3.04268e+001
-7.21752e-006,-1.35958e-005,-9.08203e-002,3.95508e-002,9.82422e-001,-1.01220e+001,-2.29878e+001,-3.23171e+001
-2.66880e-005,4.99351e-004,-8.78906e-002,2.39258e-002,1.01904e+000,-8.84146e+000,-2.35976e+001,-3.39024e+001
-5.40475e-005,2.73762e-004,-9.86328e-002,2.73438e-002,1.03320e+000,-8.53659e+000,-2.35976e+001,-3.46341e+001
8.81209e-005,7.13359e-005,-1.15234e-001,1.95313e-003,1.02734e+000,-7.13415e+000,-2.28049e+001,-3.48171e+001
2.06455e-004,-2.23239e-005,-9.42383e-002,-5.37109e-003,1.00146e+000,-6.58537e+000,-2.16463e+001,-3.34756e+001
9.73526e-005,-1.54253e-004,-4.68750e-002,-2.29492e-002,9.75586e-001,-4.26829e+000,-1.71951e+001,-3.31707e+001
-8.10712e-005,-1.06920e-004,-2.68555e-002,-2.44141e-002,9.52637e-001,-2.13415e+000,-1.46951e+001,-3.54878e+001
-2.03769e-004,1.17159e-004,1.46484e-002,-2.63672e-002,9.12109e-001,1.64634e+000,-9.20732e+000,-4.09756e+001
-2.44892e-004,6.96574e-005,4.34570e-002,-1.56250e-002,9.32129e-001,2.68293e+000,-5.36585e+000,-4.31707e+001
-2.33143e-004,-4.15091e-004,5.85938e-002,-1.46484e-002,9.57031e-001,5.06098e+000,5.06098e+000,-4.51220e+001
-1.48882e-004,-2.73091e-004,9.22852e-002,-1.46484e-003,1.00879e+000,6.40244e+000,1.12195e+001,-4.46341e+001
-7.55322e-006,3.49126e-004,1.14258e-001,7.32422e-003,1.02637e+000,8.84146e+000,2.47561e+001,-4.17073e+001
3.96124e-005,3.67758e-004,1.58691e-001,2.68555e-002,1.07568e+000,9.93902e+000,3.16463e+001,-4.00000e+001
-2.01419e-006,1.22362e-004,1.85547e-001,3.27148e-002,1.08594e+000,1.18902e+001,4.43902e+001,-3.53659e+001
-3.55840e-005,-4.19623e-006,2.50977e-001,5.17578e-002,1.07275e+000,1.37195e+001,5.03049e+001,-3.34756e+001
-4.17945e-005,-4.48157e-005,2.78320e-001,5.71289e-002,1.06006e+000,1.65244e+001,6.13415e+001,-3.01220e+001
5.03548e-006,-3.03807e-005,2.86621e-001,8.34961e-002,1.04199e+000,1.76829e+001,6.58537e+001,-2.98171e+001
-2.03098e-005,-5.99222e-005,2.74902e-001,9.81445e-002,1.04395e+000,1.97561e+001,7.43293e+001,-3.03659e+001
-8.15747e-005,-5.08583e-005,2.28516e-001,1.19141e-001,1.09424e+000,1.98171e+001,8.33537e+001,-3.16463e+001
-1.27565e-004,-1.15816e-004,2.02637e-001,1.25488e-001,1.12402e+000,2.00610e+001,8.64634e+001,-3.14024e+001
-1.10948e-004,-2.95750e-004,1.70410e-001,1.32324e-001,1.20117e+000,1.93902e+001,8.92073e+001,-3.04878e+001
-5.16976e-005,-1.77752e-004,1.53320e-001,1.33301e-001,1.21777e+000,1.93293e+001,8.98781e+001,-2.96341e+001
1.52743e-005,-9.80240e-005,1.03027e-001,1.26465e-001,1.20459e+000,1.84756e+001,8.77439e+001,-2.76220e+001
3.74304e-005,1.66171e-005,8.39844e-002,1.16699e-001,1.17139e+000,1.90244e+001,8.59146e+001,-2.69512e+001
4.75013e-005,2.01083e-004,3.80859e-002,1.01563e-001,1.04590e+000,2.14024e+001,8.33537e+001,-2.59146e+001
2.70237e-005,4.38422e-004,1.80664e-002,9.27734e-002,1.00439e+000,2.20122e+001,8.32317e+001,-2.57927e+001
5.20333e-006,3.83871e-004,-2.34375e-002,5.90820e-002,9.39941e-001,2.43293e+001,8.35366e+001,-2.42073e+001
3.47448e-005,-1.07424e-005,-4.10156e-002,2.83203e-002,9.03320e-001,2.51829e+001,8.29268e+001,-2.21341e+001
5.32082e-005,-5.55077e-004,-7.37305e-002,-6.25000e-002,7.72949e-001,2.81098e+001,7.92683e+001,-1.47561e+001
3.18914e-005,-6.31617e-004,-9.96094e-002,-1.99707e-001,6.13770e-001,2.90854e+001,7.67073e+001,-9.08537e+000
5.32082e-005,4.31373e-005,-1.13281e-001,-2.75391e-001,5.20508e-001,2.90854e+001,7.20732e+001,3.65854e+000
7.55322e-006,4.56046e-004,-1.04004e-001,-3.93066e-001,3.13965e-001,2.89024e+001,6.86585e+001,9.51220e+000
5.28725e-005,2.69566e-004,-6.10352e-002,-4.00391e-001,2.42676e-001,3.02439e+001,6.20732e+001,1.40244e+001
1.32601e-004,8.84566e-005,5.76172e-002,-2.72949e-001,3.03223e-001,3.07317e+001,5.89024e+001,1.14024e+001
5.74044e-005,-5.20333e-006,1.04004e-001,-1.47949e-001,4.19434e-001,2.99390e+001,5.75000e+001,-6.52439e+000
-2.66880e-005,-6.68040e-005,1.50391e-001,1.33301e-001,6.99707e-001,2.91463e+001,6.04268e+001,-1.74390e+001
2.51774e-006,4.48157e-005,1.45996e-001,2.57813e-001,8.06152e-001,2.58537e+001,6.80488e+001,-3.22561e+001
1.52743e-005,1.11955e-004,1.17188e-001,4.54102e-001,8.98926e-001,2.51829e+001,6.92683e+001,-3.42683e+001
-6.73075e-005,-3.40734e-005,9.96094e-002,5.09277e-001,8.91602e-001,2.41463e+001,6.46951e+001,-2.98780e+001
-1.35790e-004,-2.32639e-004,5.71289e-002,5.64941e-001,8.53027e-001,2.47561e+001,5.47561e+001,-2.05488e+001
-7.93927e-005,-5.51049e-004,1.02539e-002,5.49316e-001,8.32520e-001,2.32317e+001,4.89634e+001,-1.74390e+001
2.40024e-005,-5.88312e-004,-1.36230e-001,4.48730e-001,8.05176e-001,1.68902e+001,3.70732e+001,-1.34756e+001
3.91089e-005,-3.29320e-004,-2.12891e-001,3.66699e-001,8.04688e-001,1.28659e+001,3.00610e+001,-1.25610e+001
4.22980e-005,-9.98703e-005,-3.24219e-001,1.72852e-001,8.10547e-001,5.79268e+000,1.82317e+001,-1.18293e+001
5.89151e-005,4.88441e-005,-3.51563e-001,8.00781e-002,8.18359e-001,2.43902e+000,1.26829e+001,-1.20122e+001
5.03548e-007,2.35492e-004,-3.56445e-001,-8.20313e-002,8.21777e-001,-1.76829e+000,2.92683e+000,-1.30488e+001
-1.29244e-004,2.16358e-004,-3.35938e-001,-1.43066e-001,8.02246e-001,-3.17073e+000,-1.82927e-001,-1.34756e+001
-1.55932e-004,-1.14305e-004,-2.71484e-001,-2.19238e-001,7.75879e-001,-5.06098e+000,-6.15854e+000,-1.46341e+001
-1.46532e-004,-3.11696e-004,-2.40234e-001,-2.33887e-001,7.73926e-001,-5.18293e+000,-8.90244e+000,-1.48171e+001
-1.22530e-004,1.85473e-004,-1.82129e-001,-2.26563e-001,7.92480e-001,-5.06098e+000,-1.43293e+001,-1.50610e+001
-7.73785e-005,4.17441e-004,-1.57227e-001,-1.73340e-001,8.13965e-001,-4.45122e+000,-1.65854e+001,-1.48171e+001
-2.33310e-005,5.11940e-005,-1.57227e-001,-1.38672e-001,8.27148e-001,-3.35366e+000,-1.96951e+001,-1.45732e+001
-2.51774e-006,-1.50561e-004,-1.78223e-001,-5.61523e-002,8.50586e-001,-2.80488e+000,-2.05488e+001,-1.43902e+001
-2.43381e-005,4.07874e-005,-1.91406e-001,-1.31836e-002,8.59863e-001,-1.89024e+000,-2.20122e+001,-1.30488e+001
9.16457e-005,2.68391e-004,-2.03613e-001,5.81055e-002,8.85254e-001,-9.75610e-001,-2.18902e+001,-1.23171e+001
1.62646e-004,2.64195e-004,-1.93848e-001,8.69141e-002,8.89160e-001,4.26829e-001,-1.90854e+001,-1.12805e+001
6.54612e-005,1.09941e-004,-1.49414e-001,1.20605e-001,8.79883e-001,1.40244e+000,-1.73780e+001,-1.06098e+001
-5.57259e-005,3.47448e-005,-1.23047e-001,1.25977e-001,8.68652e-001,3.90244e+000,-1.35366e+001,-9.39024e+000
-8.10712e-005,-2.43381e-005,-7.12891e-002,1.27930e-001,8.44727e-001,4.57317e+000,-1.20122e+001,-8.84146e+000
-9.24849e-005,-1.10948e-004,-4.05273e-002,1.14258e-001,8.35449e-001,5.67073e+000,-9.20732e+000,-7.01220e+000
-6.46220e-005,-1.38476e-004,5.37109e-003,7.86133e-002,7.99316e-001,7.13415e+000,-7.13415e+000,-5.36585e+000
3.18914e-006,-1.39315e-004,2.49023e-002,5.81055e-002,7.70996e-001,8.10976e+000,-6.46341e+000,-4.26829e+000
2.80308e-005,-1.29580e-004,4.68750e-002,1.95313e-002,6.93848e-001,1.01220e+001,-6.52439e+000,-2.07317e+000
4.11231e-005,-8.00641e-005,5.07813e-002,2.44141e-003,6.38672e-001,1.17683e+001,-6.76829e+000,-1.58537e+000
4.11231e-005,4.36408e-006,3.90625e-002,-3.07617e-002,5.29297e-001,1.54268e+001,-8.47561e+000,-1.21951e+000
3.34020e-005,3.20592e-005,2.00195e-002,-3.95508e-002,4.92676e-001,1.71951e+001,-9.81707e+000,-1.40244e+000
2.60166e-005,-4.71656e-005,-2.53906e-002,-4.73633e-002,4.66309e-001,1.97561e+001,-1.31707e+001,-2.31707e+000
1.59457e-005,-8.67781e-005,-6.54297e-002,-4.54102e-002,4.59473e-001,2.09146e+001,-1.51220e+001,-2.43902e+000
4.59907e-005,-1.49722e-004,-1.51855e-001,-4.00391e-002,4.32617e-001,2.22561e+001,-1.97561e+001,-2.62195e+000
5.72366e-005,-4.48157e-005,-1.97754e-001,-3.27148e-002,4.24316e-001,2.23780e+001,-2.23171e+001,-2.31707e+000
3.77661e-005,-1.46029e-005,-2.61230e-001,-1.07422e-002,4.41406e-001,2.17073e+001,-2.84146e+001,-1.70732e+000
1.12459e-005,1.07256e-004,-2.84180e-001,4.39453e-003,5.02930e-001,2.09756e+001,-3.06707e+001,-7.31707e-001
-6.37827e-006,2.04608e-004,-2.84668e-001,1.36719e-002,5.33691e-001,1.93902e+001,-3.29268e+001,1.82927e-001
-1.86313e-005,-9.38277e-005,-2.34375e-001,3.36914e-002,6.35742e-001,1.75000e+001,-3.35366e+001,1.09756e+000
-3.57519e-005,-1.64324e-004,-1.98242e-001,4.00391e-002,7.06543e-001,1.36585e+001,-3.43293e+001,1.52439e+000
-9.41634e-005,-1.69528e-005,-1.07422e-001,5.02930e-002,8.16895e-001,1.24390e+001,-3.47561e+001,1.40244e+000
-1.11620e-004,1.15145e-004,-6.49414e-002,6.34766e-002,8.47656e-001,9.39024e+000,-3.82317e+001,1.09756e+000
-6.93217e-005,1.56268e-004,2.83203e-002,8.54492e-002,8.84277e-001,7.31707e+000,-4.18902e+001,6.09756e-001
2.13169e-005,1.57778e-005,6.49414e-002,9.61914e-002,8.95020e-001,1.95122e+000,-4.97561e+001,-6.09756e-002
3.60876e-005,1.56268e-004,1.00098e-001,1.09863e-001,8.74512e-001,-9.75610e-001,-5.39024e+001,1.82927e-001
2.23239e-005,9.95346e-005,1.03516e-001,1.14746e-001,8.34473e-001,-4.93902e+000,-6.09756e+001,1.58537e+000
1.02220e-004,-3.44091e-005,1.00098e-001,1.35742e-001,7.93457e-001,-8.35366e+000,-6.49390e+001,3.29268e+000
1.42168e-004,-4.59907e-005,8.44727e-002,1.33789e-001,7.78809e-001,-1.02439e+001,-6.57317e+001,4.02439e+000
7.23430e-005,-5.65652e-005,6.88477e-002,1.28906e-001,7.96875e-001,-1.13415e+001,-6.29878e+001,5.54878e+000
-5.28725e-005,-4.71656e-005,5.71289e-002,1.27930e-001,8.12012e-001,-1.11585e+001,-6.02439e+001,6.40244e+000
-1.25719e-004,-2.83665e-005,3.51563e-002,1.18652e-001,8.70117e-001,-1.17683e+001,-5.39024e+001,9.20732e+000
-2.54627e-004,-1.42672e-005,3.12500e-002,1.16211e-001,9.24316e-001,-1.17683e+001,-5.07927e+001,1.13415e+001
-3.76989e-004,-3.40734e-005,4.10156e-002,1.15723e-001,1.06152e+000,-1.23780e+001,-4.62195e+001,1.76220e+001
-1.71542e-004,-4.11231e-005,5.07813e-002,1.17188e-001,1.11035e+000,-1.24390e+001,-4.40854e+001,2.04878e+001
3.30663e-005,-2.01419e-006,5.95703e-002,1.38184e-001,1.22705e+000,-1.34756e+001,-4.49390e+001,2.54878e+001
3.60876e-005,6.12650e-005,6.05469e-002,1.56738e-001,1.28906e+000,-1.46341e+001,-4.62805e+001,2.73171e+001
3.70947e-005,6.89860e-005,7.12891e-002,1.96289e-001,1.39404e+000,-1.92683e+001,-4.81098e+001,3.06098e+001
3.77661e-005,8.61067e-005,9.52148e-002,2.38281e-001,1.48242e+000,-2.16463e+001,-4.66463e+001,3.17683e+001
1.35958e-005,1.67849e-007,9.71680e-002,2.44629e-001,1.53174e+000,-2.83537e+001,-4.04268e+001,3.25610e+001
-3.87732e-005,-2.97093e-005,1.19629e-001,2.41211e-001,1.58789e+000,-3.06098e+001,-3.60366e+001,3.29268e+001
-1.22530e-005,-7.72107e-006,1.45996e-001,2.34863e-001,1.59473e+000,-3.45732e+001,-2.86585e+001,3.26220e+001
2.51774e-005,-7.55322e-006,2.17773e-001,1.96777e-001,1.57031e+000,-3.51220e+001,-2.55488e+001,3.20122e+001
1.93027e-005,-5.87472e-006,2.42188e-001,1.71387e-001,1.54004e+000,-3.43293e+001,-1.57317e+001,3.03049e+001
6.21042e-006,9.56741e-006,2.65625e-001,1.10840e-001,1.45850e+000,-3.25610e+001,-1.09756e+001,3.01829e+001
1.84634e-006,6.88182e-006,2.60254e-001,7.42188e-002,1.41064e+000,-2.87805e+001,-2.19512e+000,3.07927e+001
-1.00710e-006,1.67849e-006,2.70996e-001,-2.29492e-002,1.31836e+000,-2.56707e+001,2.56098e+000,3.34146e+001
1.27565e-005,-1.62814e-005,2.64160e-001,-6.64063e-002,1.28418e+000,-2.00000e+001,1.30488e+001,4.12805e+001
1.87991e-005,6.14328e-005,2.52930e-001,-1.42578e-001,1.30078e+000,-1.39634e+001,2.02439e+001,5.00000e+001
1.42672e-005,2.17868e-004,1.78711e-001,-1.56250e-001,1.34570e+000,-1.10366e+001,1.96341e+001,5.15854e+001
3.27306e-005,2.54963e-004,-7.66602e-002,-1.01074e-001,1.40381e+000,-5.60976e+000,5.48780e+000,5.08537e+001
5.75723e-005,-1.89670e-005,-2.14844e-001,-4.54102e-002,1.39746e+000,-3.47561e+000,-5.24390e+000,4.84146e+001
9.73526e-006,-1.08934e-004,-4.58008e-001,4.24805e-002,1.36572e+000,-4.08537e+000,-2.79268e+001,4.25610e+001
-5.08583e-005,-6.63004e-005,-5.25879e-001,5.27344e-002,1.33984e+000,-3.71951e+000,-3.77439e+001,4.00000e+001
-5.42153e-005,-7.87213e-005,-5.52246e-001,0.00000e+000,1.21143e+000,-2.25610e+000,-5.26829e+001,3.70732e+001
-3.37377e-005,-3.32342e-005,-5.28320e-001,-4.88281e-002,1.11426e+000,-1.40244e+000,-5.57317e+001,3.76220e+001
-2.13169e-005,-2.16526e-005,-4.20898e-001,-1.52344e-001,9.38965e-001,-3.41463e+000,-5.65854e+001,3.92073e+001
-8.22461e-006,-7.38537e-006,-3.71094e-001,-1.73340e-001,8.80859e-001,-5.79268e+000,-5.65854e+001,3.95732e+001
-1.51064e-006,-3.94446e-005,-3.14453e-001,-1.41113e-001,8.43750e-001,-1.08537e+001,-5.64024e+001,4.14024e+001
1.00710e-006,-1.06584e-004,-2.65625e-001,-8.10547e-002,8.70605e-001,-1.23171e+001,-5.64634e+001,4.33537e+001
-5.87472e-006,-1.77920e-004,-2.42188e-001,-5.32227e-002,8.55957e-001,-1.09756e+001,-5.42683e+001,4.74390e+001
-1.62814e-005,-2.01923e-004,-2.00684e-001,-6.83594e-003,8.26660e-001,-9.87805e+000,-5.27439e+001,4.85366e+001
-2.06455e-005,-1.27565e-004,-1.82617e-001,6.34766e-003,8.16895e-001,-8.23171e+000,-5.18293e+001,4.71341e+001
-1.99741e-005,3.00450e-005,-1.24512e-001,3.22266e-002,8.27148e-001,-7.92683e+000,-5.18293e+001,4.63415e+001
-2.93736e-005,1.18669e-004,-8.34961e-002,4.24805e-002,8.38379e-001,-7.50000e+000,-5.24390e+001,4.60366e+001
-3.18914e-005,8.50996e-005,3.90625e-003,6.29883e-002,8.68164e-001,-7.68293e+000,-5.23171e+001,4.64634e+001
-2.73594e-005,2.03098e-005,5.17578e-002,6.49414e-002,8.91113e-001,-8.53659e+000,-5.07317e+001,4.78049e+001
-3.37377e-005,7.21752e-006,1.41113e-001,6.20117e-002,9.21387e-001,-8.65854e+000,-4.83537e+001,4.79878e+001
-4.41444e-005,2.81987e-005,1.77246e-001,6.59180e-002,9.39453e-001,-8.53659e+000,-4.09146e+001,4.82317e+001
-2.83665e-005,1.59457e-005,2.32910e-001,6.39648e-002,9.70215e-001,-8.17073e+000,-3.17683e+001,4.73781e+001
3.52483e-006,-6.04257e-006,2.45605e-001,5.95703e-002,9.85840e-001,-7.68293e+000,-2.71951e+001,4.67683e+001
1.10781e-005,-1.67849e-007,2.51953e-001,5.61523e-002,1.00781e+000,-7.43902e+000,-1.98171e+001,4.51829e+001
-2.85344e-006,7.88891e-006,2.51953e-001,5.85938e-002,1.00488e+000,-7.19512e+000,-1.64634e+001,4.42073e+001
-1.69528e-005,6.71397e-007,2.11426e-001,6.73828e-002,1.00879e+000,-8.29268e+000,-1.19512e+001,4.16463e+001
-2.60166e-005,-5.03548e-007,1.90430e-001,6.10352e-002,1.01123e+000,-8.84146e+000,-1.03049e+001,4.00610e+001
-2.09812e-005,1.32601e-005,1.47949e-001,6.10352e-002,1.00195e+000,-9.93902e+000,-7.37805e+000,3.81098e+001
-6.88182e-006,3.18914e-006,1.23535e-001,5.41992e-002,1.00293e+000,-1.04878e+001,-6.09756e+000,3.71341e+001
1.46029e-005,-1.40993e-005,7.08008e-002,5.02930e-002,9.98047e-001,-1.16463e+001,-5.42683e+000,3.56098e+001
2.23239e-005,4.53193e-006,4.63867e-002,4.78516e-002,9.93164e-001,-1.25610e+001,-5.18293e+000,3.48780e+001
-8.72816e-006,1.10781e-005,8.30078e-003,4.78516e-002,9.87305e-001,-1.48780e+001,-5.97561e+000,3.38415e+001
-3.34020e-005,1.62814e-005,-8.78906e-003,3.66211e-002,9.70215e-001,-1.59756e+001,-6.21951e+000,3.34756e+001
-4.31373e-005,-2.43381e-005,-9.76563e-003,3.17383e-002,9.67773e-001,-1.75610e+001,-6.28049e+000,3.28049e+001
-3.20592e-005,-7.46929e-005,-2.92969e-003,2.58789e-002,9.59961e-001,-1.82317e+001,-5.67073e+000,3.24390e+001
-1.79599e-005,-8.03998e-005,2.44141e-003,1.66016e-002,9.53125e-001,-1.95122e+001,-4.51220e+000,3.09146e+001
-1.09102e-005,-1.39315e-005,5.85938e-003,1.22070e-002,9.31152e-001,-1.95122e+001,-3.29268e+000,3.02439e+001
-9.06386e-006,7.13359e-005,1.22070e-002,1.17188e-002,9.17969e-001,-1.98780e+001,-1.34146e+000,2.82317e+001
-1.24208e-005,7.10002e-005,1.56250e-002,3.90625e-003,8.88672e-001,-2.04878e+001,-4.26829e-001,2.68293e+001
-1.82956e-005,5.53903e-006,6.83594e-003,6.83594e-003,8.86230e-001,-1.99390e+001,2.01220e+000,2.39024e+001
-1.29244e-005,-2.97093e-005,-1.31836e-002,9.27734e-003,8.80859e-001,-1.94512e+001,2.37805e+000,2.18902e+001
-5.53903e-006,-2.29953e-005,-2.44141e-002,1.46484e-002,8.81348e-001,-1.87195e+001,2.92683e+000,1.84146e+001
1.42672e-005,-1.10781e-005,-5.22461e-002,8.78906e-003,8.85254e-001,-1.84756e+001,2.07317e+000,1.46341e+001
3.27306e-005,3.47448e-005,-6.00586e-002,4.39453e-003,8.88184e-001,-1.75610e+001,2.07317e+000,1.26220e+001
5.60616e-005,2.51774e-006,-8.88672e-002,-2.92969e-003,8.80859e-001,-1.70122e+001,4.87805e-001,8.78049e+000
7.10002e-005,-5.67330e-005,-1.06445e-001,-8.78906e-003,8.79883e-001,-1.64634e+001,-4.87805e-001,6.76829e+000
3.27306e-005,-4.59907e-005,-1.26465e-001,-7.32422e-003,8.59375e-001,-1.64024e+001,-4.14634e+000,3.41463e+000
-2.68559e-005,7.55322e-006,-1.44043e-001,-1.46484e-003,8.42773e-001,-1.64634e+001,-4.20732e+000,2.43902e+000
-6.59647e-005,8.54353e-005,-1.65527e-001,-6.34766e-003,8.50098e-001,-1.76829e+001,-6.89024e+000,6.70732e-001
-8.74495e-005,9.23171e-005,-1.57227e-001,-1.31836e-002,8.61816e-001,-1.75000e+001,-8.78049e+000,-8.53659e-001
-1.12627e-004,4.78370e-005,-1.37695e-001,-2.53906e-002,8.77930e-001,-1.46341e+001,-9.87805e+000,-4.26829e+000
-1.18502e-004,2.66880e-005,-1.33301e-001,-2.39258e-002,8.87207e-001,-1.32927e+001,-9.81707e+000,-5.79268e+000
-1.20012e-004,2.38346e-005,-1.16211e-001,-2.53906e-002,8.96973e-001,-1.12195e+001,-8.90244e+000,-9.32927e+000
-1.29915e-004,6.93217e-005,-9.57031e-002,-2.73438e-002,9.01367e-001,-1.06098e+001,-8.10976e+000,-1.11585e+001
-1.09941e-004,3.94446e-005,-8.34961e-002,-2.24609e-002,8.99414e-001,-8.78049e+000,-6.28049e+000,-1.42073e+001
-5.82437e-005,-4.11231e-005,-6.20117e-002,-4.39453e-003,9.04785e-001,-8.96342e+000,-5.36585e+000,-1.52439e+001
-2.73594e-005,-5.18654e-005,-6.10352e-002,3.90625e-003,9.15039e-001,-8.96342e+000,-2.50000e+000,-1.78659e+001
-2.23239e-005,-4.04517e-005,-4.39453e-002,1.41602e-002,9.24316e-001,-8.35366e+000,-2.31707e+000,-1.89634e+001
-1.59457e-005,-7.46929e-005,-4.73633e-002,1.90430e-002,9.19922e-001,-6.28049e+000,-1.34146e+000,-2.25610e+001
-2.03098e-005,-8.34211e-005,-4.54102e-002,2.44141e-002,9.07227e-001,-4.14634e+000,-6.09756e-001,-2.36585e+001
3.18914e-006,-9.80240e-005,-4.78516e-002,2.88086e-002,8.87207e-001,-1.21951e-001,6.70732e-001,-2.73171e+001
4.01160e-005,-8.37568e-005,-4.98047e-002,3.90625e-002,8.46680e-001,1.34146e+000,2.25610e+000,-2.89024e+001
5.95865e-005,-4.51514e-005,-5.17578e-002,4.10156e-002,8.33496e-001,2.56098e+000,6.52439e+000,-3.21951e+001
6.47898e-005,1.84634e-006,-7.17773e-002,4.19922e-002,8.23242e-001,1.34146e+000,9.26829e+000,-3.45732e+001
4.41444e-005,5.32082e-005,-8.34961e-002,3.85742e-002,8.25195e-001,1.21951e+000,1.04878e+001,-3.53049e+001
-4.86763e-006,5.15297e-005,-1.02051e-001,3.46680e-002,8.37402e-001,1.95122e+000,1.14024e+001,-3.74390e+001
-4.21302e-005,1.84634e-006,-1.06934e-001,2.39258e-002,8.55469e-001,2.80488e+000,1.20732e+001,-3.81707e+001
-5.30404e-005,2.73594e-005,-1.14258e-001,1.70898e-002,8.65234e-001,3.96341e+000,1.29878e+001,-3.73780e+001
-5.33761e-005,1.69528e-005,-1.19141e-001,1.51367e-002,8.71094e-001,4.14634e+000,1.28049e+001,-3.65244e+001
-6.41184e-005,1.67849e-006,-1.25488e-001,1.51367e-002,8.72070e-001,3.41463e+000,1.24390e+001,-3.48171e+001
-6.41184e-005,4.66621e-005,-1.23535e-001,1.70898e-002,8.78418e-001,3.41463e+000,1.29268e+001,-3.46951e+001
-4.66621e-005,1.14809e-004,-1.07422e-001,1.95313e-002,9.17480e-001,2.37805e+000,1.54268e+001,-3.39024e+001
4.53193e-006,1.27230e-004,-8.88672e-002,2.29492e-002,9.59961e-001,1.46341e+000,1.79878e+001,-3.39024e+001
2.98772e-005,2.19883e-005,-5.41992e-002,2.63672e-002,1.04004e+000,2.07317e+000,2.60366e+001,-3.25610e+001
9.56741e-006,-7.04967e-006,9.27734e-003,3.36914e-002,1.08350e+000,3.29268e+000,3.07317e+001,-3.15244e+001
-2.28275e-005,3.25628e-005,4.44336e-002,3.71094e-002,1.10547e+000,4.87805e+000,4.21341e+001,-2.91463e+001
-4.04517e-005,-6.61326e-005,1.07910e-001,4.19922e-002,1.14111e+000,6.28049e+000,4.81098e+001,-2.74390e+001
-3.03807e-005,2.40024e-005,1.43066e-001,4.54102e-002,1.15527e+000,8.71951e+000,5.72561e+001,-2.39024e+001
-2.56809e-005,3.96124e-005,1.98730e-001,5.56641e-002,1.16064e+000,9.51220e+000,6.04268e+001,-2.26829e+001
-3.44091e-005,-3.10521e-005,2.05078e-001,6.15234e-002,1.14600e+000,1.20732e+001,6.68902e+001,-2.06098e+001
-1.14137e-005,-4.78370e-005,2.01660e-001,7.32422e-002,1.12451e+000,1.24390e+001,7.02439e+001,-1.97561e+001
3.34020e-005,-1.63653e-004,1.90430e-001,7.91016e-002,1.11816e+000,1.21951e+001,7.54878e+001,-1.93902e+001
4.33051e-005,-1.18334e-004,1.49414e-001,7.66602e-002,1.09570e+000,1.21341e+001,7.73171e+001,-1.98780e+001
3.00450e-005,2.26093e-004,1.24512e-001,8.10547e-002,1.09033e+000,1.30488e+001,8.07317e+001,-2.12195e+001
-1.00710e-006,2.22400e-004,3.90625e-002,7.12891e-002,1.09424e+000,1.23780e+001,8.34756e+001,-2.24390e+001
-4.66621e-005,3.18914e-006,-6.34766e-003,6.49414e-002,1.10205e+000,1.26220e+001,8.37805e+001,-2.30488e+001
-6.59647e-005,1.49386e-005,-1.05469e-001,4.19922e-002,1.08154e+000,1.37805e+001,7.95122e+001,-2.30488e+001
-3.13878e-005,-2.16526e-005,-1.51367e-001,3.36914e-002,1.04883e+000,1.45732e+001,7.63415e+001,-2.23171e+001
2.18204e-006,-9.88632e-005,-2.27539e-001,2.34375e-002,1.00439e+000,1.59756e+001,6.93902e+001,-2.22561e+001
4.71656e-005,-1.74395e-004,-2.64648e-001,1.41602e-002,9.95605e-001,1.70122e+001,6.64024e+001,-2.26220e+001
7.36858e-005,-1.31090e-004,-3.04688e-001,-2.34375e-002,8.71094e-001,2.02439e+001,6.02439e+001,-2.26220e+001
6.76432e-005,-1.39986e-004,-3.10547e-001,-4.93164e-002,7.67578e-001,2.27439e+001,5.67073e+001,-2.23171e+001
7.10002e-005,-1.48882e-004,-3.11523e-001,-1.17676e-001,5.54688e-001,2.67073e+001,4.90854e+001,-2.10976e+001
3.05486e-005,-6.89860e-005,-3.08105e-001,-1.60645e-001,4.66797e-001,2.73171e+001,4.54268e+001,-1.95732e+001
-1.96384e-005,-5.18654e-005,-2.83203e-001,-2.56836e-001,3.57422e-001,2.77439e+001,3.99390e+001,-1.62195e+001
-3.23949e-005,-7.67071e-005,-2.39258e-001,-3.12012e-001,3.79395e-001,2.68902e+001,3.76829e+001,-1.48171e+001
1.84634e-006,-3.86053e-006,-1.90430e-001,-3.11035e-001,4.38477e-001,2.53659e+001,3.37195e+001,-1.52439e+001
2.87022e-005,6.56291e-005,-9.03320e-002,-2.17773e-001,5.83984e-001,2.53659e+001,3.10366e+001,-1.79268e+001
1.77920e-005,1.30083e-004,-4.88281e-002,-1.38672e-001,6.57227e-001,2.53659e+001,2.71951e+001,-2.56707e+001
-5.20333e-006,1.86816e-004,-2.49023e-002,3.17383e-002,7.34375e-001,2.58537e+001,2.60366e+001,-2.91463e+001
-2.73594e-005,2.77791e-004,-2.24609e-002,1.08398e-001,7.42676e-001,2.81098e+001,2.50610e+001,-3.19512e+001
-2.28275e-005,2.61006e-004,-2.92969e-002,2.12402e-001,7.42188e-001,2.88415e+001,2.27439e+001,-3.21341e+001
-1.96384e-005,1.51568e-004,-3.32031e-002,2.45605e-001,7.51953e-001,3.20122e+001,1.92683e+001,-3.05488e+001
-4.34730e-005,-4.19623e-006,-7.03125e-002,2.67090e-001,7.70020e-001,3.28049e+001,1.46341e+001,-2.86585e+001
-6.89860e-005,-2.15351e-004,-1.04492e-001,2.52441e-001,7.80762e-001,3.20122e+001,1.11585e+001,-2.72561e+001
-5.16976e-005,-3.05318e-004,-1.51855e-001,1.87988e-001,8.07129e-001,2.97561e+001,4.69512e+000,-2.36585e+001
1.46029e-005,-1.69024e-004,-1.62598e-001,1.42090e-001,8.20801e-001,2.84756e+001,1.52439e+000,-2.20122e+001
-4.19623e-006,-2.34989e-005,-1.32813e-001,3.71094e-002,8.33008e-001,2.67683e+001,-3.10976e+000,-1.86585e+001
-3.97803e-005,1.37972e-004,-9.91211e-002,-7.81250e-003,8.39844e-001,2.61585e+001,-4.26829e+000,-1.77439e+001
-4.85084e-005,1.12627e-004,-1.75781e-002,-7.17773e-002,8.40820e-001,2.58537e+001,-5.30488e+000,-1.72561e+001
-6.36149e-005,5.69009e-005,2.29492e-002,-9.32617e-002,8.40332e-001,2.60976e+001,-4.75610e+000,-1.76220e+001
-6.63004e-005,-5.87472e-006,8.05664e-002,-1.04492e-001,8.45703e-001,2.72561e+001,-2.25610e+000,-1.81707e+001
-5.08583e-005,-3.20592e-005,9.86328e-002,-1.02539e-001,8.60840e-001,2.75000e+001,-9.14634e-001,-1.85366e+001
-2.16526e-005,-9.44991e-005,1.06934e-001,-7.42188e-002,9.03809e-001,2.87195e+001,2.37805e+000,-1.89024e+001
2.85344e-006,-1.32769e-004,9.57031e-002,-5.41992e-002,9.10156e-001,3.01220e+001,3.90244e+000,-1.89634e+001
-2.03098e-005,-2.23239e-005,5.46875e-002,-5.85938e-003,9.01367e-001,3.19512e+001,6.34146e+000,-1.84756e+001
-2.23239e-005,-4.78370e-005,-7.81250e-003,5.85938e-002,8.71582e-001,3.25610e+001,7.25610e+000,-1.81098e+001
1.15816e-005,-8.17426e-005,-3.71094e-002,8.00781e-002,8.54492e-001,3.20732e+001,6.89024e+000,-1.61585e+001
1.05745e-005,-8.00641e-005,-7.95898e-002,1.01563e-001,8.39844e-001,3.13415e+001,6.46341e+000,-1.48780e+001
1.12459e-005,-8.03998e-005,-9.13086e-002,1.04004e-001,8.35449e-001,2.89024e+001,5.30488e+000,-1.22561e+001
5.87472e-005,-1.20684e-004,-1.07910e-001,8.74023e-002,8.29102e-001,2.89024e+001,4.81707e+000,-1.12195e+001
1.61135e-005,-1.21187e-004,-1.05957e-001,6.54297e-002,7.96875e-001,2.89634e+001,1.76829e+000,-9.75610e+000
-7.04967e-005,-1.25887e-004,-1.04980e-001,2.68555e-002,6.93359e-001,3.00000e+001,3.65854e-001,-9.14634e+000
-7.82177e-005,-5.95865e-005,-1.07910e-001,7.32422e-003,6.29883e-001,3.37195e+001,-5.00000e+000,-9.51220e+000
4.19623e-006,1.39818e-004,-1.32813e-001,-2.14844e-002,4.91211e-001,3.73780e+001,-9.81707e+000,-1.09756e+001
7.83856e-005,3.05989e-004,-1.55762e-001,-3.07617e-002,4.41895e-001,3.80488e+001,-1.21341e+001,-1.18293e+001
4.31373e-005,3.17571e-004,-2.14844e-001,-5.46875e-002,3.93066e-001,3.98780e+001,-1.65854e+001,-1.32317e+001
-6.37827e-006,1.13634e-004,-2.43652e-001,-6.54297e-002,3.88672e-001,4.00000e+001,-1.89024e+001,-1.33537e+001
-1.09102e-005,-7.30144e-005,-2.99805e-001,-8.30078e-002,3.89648e-001,4.18293e+001,-2.28049e+001,-1.32927e+001
4.69978e-006,-7.90570e-005,-3.33008e-001,-8.78906e-002,3.81348e-001,4.24390e+001,-2.62805e+001,-1.29268e+001
3.13878e-005,5.01869e-005,-3.94043e-001,-7.17773e-002,3.55957e-001,4.45122e+001,-3.47561e+001,-1.23780e+001
3.27306e-005,4.01160e-005,-4.20410e-001,-6.25000e-002,3.39844e-001,4.50000e+001,-3.98780e+001,-1.18902e+001
-3.69268e-006,1.13970e-004,-4.68262e-001,-3.46680e-002,3.11523e-001,4.39024e+001,-5.01220e+001,-1.06707e+001
-5.35439e-005,5.08583e-005,-4.86816e-001,-2.09961e-002,2.86621e-001,4.25000e+001,-5.48781e+001,-1.07927e+001
-9.39956e-005,1.26055e-004,-4.88281e-001,1.95313e-003,2.43164e-001,3.93902e+001,-6.24390e+001,-1.08537e+001
-9.18135e-005,1.49889e-004,-4.79980e-001,1.07422e-002,2.40723e-001,3.78659e+001,-6.51220e+001,-1.16463e+001
-6.02579e-005,2.55131e-005,-4.25781e-001,2.05078e-002,2.78320e-001,3.46951e+001,-6.82317e+001,-1.42073e+001
-5.15297e-005,5.01869e-005,-3.37402e-001,2.97852e-002,3.77930e-001,3.30488e+001,-6.85976e+001,-1.53659e+001
-5.89151e-005,3.65911e-005,-2.84180e-001,2.92969e-002,4.56055e-001,2.85366e+001,-6.93293e+001,-1.76829e+001
-5.38796e-005,-1.86313e-005,-1.59668e-001,4.10156e-002,6.42578e-001,2.56707e+001,-6.92683e+001,-1.83537e+001
-5.94186e-005,-3.91089e-005,-1.04492e-001,5.22461e-002,7.28027e-001,2.04878e+001,-6.81098e+001,-1.82927e+001
-3.79339e-005,-6.42863e-005,3.90625e-003,7.76367e-002,8.43262e-001,1.67073e+001,-6.79878e+001,-1.71951e+001
-2.87022e-005,-3.94446e-005,5.66406e-002,8.98438e-002,8.80371e-001,1.04268e+001,-6.86585e+001,-1.44512e+001
-3.60876e-005,-9.28206e-005,1.52832e-001,1.23047e-001,9.37988e-001,8.17073e+000,-6.84146e+001,-1.28049e+001
-2.36667e-005,-1.30587e-004,1.91895e-001,1.37207e-001,9.57031e-001,3.47561e+000,-6.50000e+001,-1.00610e+001
-2.70237e-005,-1.24712e-004,2.37793e-001,1.77734e-001,9.80469e-001,-1.28049e+000,-5.80488e+001,-9.69512e+000
-1.24208e-005,-1.08598e-004,2.43652e-001,1.88477e-001,9.89258e-001,-3.17073e+000,-5.32317e+001,-1.03659e+001
3.20592e-005,-4.78370e-005,2.47070e-001,2.12402e-001,1.03369e+000,-5.54878e+000,-4.18293e+001,-1.10976e+001
4.24659e-005,2.50095e-005,2.41211e-001,2.23633e-001,1.06299e+000,-6.46341e+000,-3.56707e+001,-1.07317e+001
4.44800e-005,5.22011e-005,2.37305e-001,2.44141e-001,1.14063e+000,-7.92683e+000,-2.27439e+001,-9.14634e+000
5.75723e-005,1.46029e-005,2.37305e-001,2.50000e-001,1.19629e+000,-8.84146e+000,-1.68902e+001,-7.74390e+000
5.32082e-005,-1.02388e-005,2.28027e-001,2.75879e-001,1.29492e+000,-1.04268e+001,-5.06098e+000,-3.78049e+000
4.07874e-005,-4.38087e-005,2.19238e-001,2.96387e-001,1.35449e+000,-1.22561e+001,-3.65854e-001,-6.09756e-001
1.32601e-005,-6.02579e-005,2.08984e-001,3.11035e-001,1.44824e+000,-1.50610e+001,6.15854e+000,6.89024e+000
9.90310e-006,-1.15816e-005,2.17285e-001,3.08594e-001,1.47510e+000,-1.58537e+001,9.14634e+000,1.14634e+001
-6.71397e-006,5.55581e-005,2.50000e-001,2.73438e-001,1.50732e+000,-1.71341e+001,1.76829e+001,2.14634e+001
-3.35698e-007,9.03029e-005,2.69531e-001,2.66113e-001,1.49902e+000,-1.78049e+001,2.41463e+001,2.80488e+001
3.12200e-005,1.00877e-004,2.77344e-001,2.66602e-001,1.58057e+000,-2.21341e+001,3.50000e+001,4.13415e+001
9.06386e-006,1.09941e-004,3.36426e-001,2.81250e-001,1.80225e+000,-2.40244e+001,3.37805e+001,4.80488e+001
6.54612e-006,7.80499e-005,3.44238e-001,3.03711e-001,1.84717e+000,-1.62805e+001,1.70732e+001,5.21341e+001
-1.02388e-005,7.04967e-006,1.22559e-001,3.80859e-001,1.66211e+000,-7.13415e+000,5.06098e+000,4.61585e+001
-5.58938e-005,-5.08583e-005,-4.54102e-002,3.98926e-001,1.51611e+000,6.58537e+000,-2.62195e+001,2.90854e+001
-3.00450e-005,-3.57519e-005,-2.77832e-001,3.13965e-001,1.22510e+000,9.45122e+000,-3.98171e+001,2.31098e+001
1.89670e-005,3.10521e-005,-3.29590e-001,2.12891e-001,1.14404e+000,9.75610e+000,-5.71341e+001,1.79878e+001
-3.27306e-005,3.49126e-005,-4.52148e-001,-3.41797e-003,1.07764e+000,7.92683e+000,-6.21341e+001,1.82927e+001
-1.35286e-004,-1.66171e-005,-5.30273e-001,-9.71680e-002,1.09766e+000,4.81707e+000,-7.34146e+001,2.04268e+001
-1.64157e-004,-1.15816e-005,-6.86035e-001,-2.16309e-001,1.11621e+000,5.79268e+000,-8.40244e+001,2.44512e+001
-1.06249e-004,2.90379e-005,-7.27539e-001,-2.49023e-001,1.09717e+000,6.28049e+000,-8.71341e+001,2.92073e+001
-4.93477e-005,3.03807e-005,-6.66992e-001,-2.96387e-001,9.88281e-001,7.43902e+000,-8.25000e+001,4.36585e+001
-1.35958e-005,-4.28016e-005,-5.74707e-001,-3.13477e-001,9.15527e-001,8.23171e+000,-7.50000e+001,5.11585e+001
8.39246e-007,-9.55062e-005,-3.28613e-001,-3.28125e-001,7.96875e-001,7.80488e+000,-5.57927e+001,6.38415e+001
1.15816e-005,-7.73785e-005,-1.83594e-001,-3.25684e-001,7.68555e-001,7.56098e+000,-4.48780e+001,6.90854e+001
1.93027e-005,3.77661e-005,1.04980e-001,-2.87598e-001,7.82227e-001,7.07317e+000,-2.35976e+001,7.54268e+001
1.09102e-005,1.24712e-004,2.49023e-001,-2.49512e-001,8.08105e-001,7.68293e+000,-1.33537e+001,7.68293e+001
1.57778e-005,1.39818e-004,4.74121e-001,-1.44531e-001,8.61816e-001,9.93902e+000,7.19512e+000,7.54878e+001
4.78370e-005,6.42863e-005,5.51758e-001,-9.22852e-002,8.90137e-001,1.15244e+001,1.61585e+001,7.34146e+001
2.26596e-005,-6.88182e-006,6.34277e-001,4.88281e-004,9.15527e-001,1.57317e+001,2.91463e+001,6.76829e+001
-1.69528e-005,-3.57519e-005,6.46484e-001,5.17578e-002,9.11133e-001,1.86585e+001,3.31707e+001,6.34146e+001
-2.36667e-005,-4.11231e-005,5.81055e-001,1.38672e-001,9.15039e-001,2.45122e+001,3.52439e+001,5.02439e+001
-1.91348e-005,2.70237e-005,3.98926e-001,2.12891e-001,8.94531e-001,2.72561e+001,3.39634e+001,4.18293e+001
-5.06905e-005,7.77142e-005,2.65137e-001,2.41699e-001,8.80859e-001,3.14634e+001,2.93293e+001,2.46951e+001
-2.83665e-005,4.75013e-005,-1.66016e-002,2.59766e-001,8.72070e-001,3.24390e+001,2.54878e+001,1.70732e+001
1.87991e-005,8.39246e-007,-1.44531e-001,2.53906e-001,8.70605e-001,3.20732e+001,1.51220e+001,3.96341e+000
2.33310e-005,-1.62814e-005,-3.57910e-001,2.14355e-001,8.73047e-001,3.15244e+001,9.08537e+000,-1.09756e+000
-2.46738e-005,-2.60166e-005,-4.29688e-001,1.81641e-001,8.85254e-001,2.68293e+001,-3.90244e+000,-9.51220e+000
-9.34920e-005,-4.88441e-005,-4.99512e-001,1.12305e-001,9.17969e-001,2.42073e+001,-9.81707e+000,-1.23780e+001
-9.28206e-005,-4.75013e-005,-4.94629e-001,8.44727e-002,9.38965e-001,1.87805e+001,-1.93902e+001,-1.48171e+001
-4.04517e-005,-1.22530e-005,-4.30176e-001,3.32031e-002,9.79980e-001,1.20732e+001,-2.59146e+001,-1.41463e+001
-1.42672e-005,-1.67849e-007,-3.72070e-001,2.44141e-002,1.00439e+000,9.26829e+000,-2.78659e+001,-1.21341e+001
-2.18204e-006,-1.46029e-005,-2.28516e-001,2.29492e-002,1.05615e+000,3.53659e+000,-3.01220e+001,-7.37805e+000
5.03548e-006,-1.93027e-005,-1.51855e-001,3.71094e-002,1.07520e+000,1.34146e+000,-2.97561e+001,-5.36585e+000
-8.39246e-007,3.03807e-005,-2.92969e-003,7.12891e-002,1.11230e+000,-2.56098e+000,-2.80488e+001,-2.86585e+000
3.10521e-005,4.28016e-005,5.51758e-002,9.08203e-002,1.12646e+000,-3.53659e+000,-2.64024e+001,-2.19512e+000
5.35439e-005,1.35958e-005,1.38184e-001,1.33789e-001,1.14697e+000,-4.14634e+000,-2.08537e+001,-2.19512e+000
-5.03548e-007,-1.35958e-005,1.62598e-001,1.49414e-001,1.15283e+000,-4.08537e+000,-1.75000e+001,-2.56098e+000
-4.81727e-005,-1.82956e-005,1.83105e-001,1.70410e-001,1.15576e+000,-3.35366e+000,-1.05488e+001,-2.74390e+000
-5.15297e-005,-2.40024e-005,1.85547e-001,1.75293e-001,1.15820e+000,-2.86585e+000,-7.19512e+000,-3.10976e+000
-6.52934e-005,6.04257e-006,1.74316e-001,1.73828e-001,1.16943e+000,-2.01220e+000,-1.21951e-001,-2.92683e+000
-1.76242e-005,5.00191e-005,1.57715e-001,1.70898e-001,1.18604e+000,-2.07317e+000,2.50000e+000,-2.56098e+000
1.03227e-004,1.17494e-006,1.24023e-001,1.56738e-001,1.18604e+000,-2.43902e+000,7.07317e+000,-1.95122e+000
1.55596e-004,-6.73075e-005,8.88672e-002,1.44531e-001,1.14502e+000,-3.29268e+000,9.39024e+000,-1.21951e+000
1.21019e-004,-7.40215e-005,7.51953e-002,1.39648e-001,1.12793e+000,-7.19512e+000,1.53049e+001,9.75610e-001
1.17494e-006,-2.76951e-005,4.39453e-002,1.20605e-001,1.14453e+000,-9.26829e+000,1.70122e+001,1.70732e+000
-1.50225e-004,8.22461e-006,2.68555e-002,1.10840e-001,1.16406e+000,-1.17683e+001,1.65854e+001,2.13415e+000
-2.05615e-004,-1.89670e-005,-1.95313e-003,9.52148e-002,1.15576e+000,-1.17073e+001,1.56707e+001,1.82927e+000
-1.56603e-004,-6.52934e-005,-1.51367e-002,9.27734e-002,1.14209e+000,-1.26220e+001,1.41463e+001,2.31707e+000
-1.01884e-004,-1.16991e-004,-2.39258e-002,9.61914e-002,1.13330e+000,-1.36585e+001,1.36585e+001,3.10976e+000
-6.36149e-005,-8.03998e-005,-3.02734e-002,9.86328e-002,1.12988e+000,-1.60976e+001,1.23780e+001,3.84146e+000
-1.64492e-005,4.53193e-006,-2.73438e-002,1.06934e-001,1.08398e+000,-1.76829e+001,1.17073e+001,4.08537e+000
1.15816e-005,8.56031e-006,-2.29492e-002,1.11328e-001,1.07178e+000,-1.92683e+001,1.19512e+001,3.71951e+000
3.12200e-005,-2.76951e-005,-2.05078e-002,1.15723e-001,1.07471e+000,-2.12805e+001,1.22561e+001,2.07317e+000
1.39315e-005,-3.81018e-005,-1.41602e-002,1.19141e-001,1.07471e+000,-2.16463e+001,1.14634e+001,1.52439e+000
-5.87472e-006,-7.33501e-005,-2.14844e-002,1.25977e-001,1.08350e+000,-2.13415e+001,9.69512e+000,-6.09756e-002
-7.04967e-006,-8.54353e-005,-2.97852e-002,1.27930e-001,1.09668e+000,-2.09756e+001,7.92683e+000,-9.14634e-001
2.01419e-006,-8.40925e-005,-5.66406e-002,1.34766e-001,1.09766e+000,-2.15854e+001,3.96341e+000,-2.74390e+000
-8.39246e-007,-1.01549e-004,-7.37305e-002,1.37207e-001,1.10498e+000,-2.20732e+001,2.62195e+000,-3.65854e+000
-1.37636e-005,-1.07591e-004,-7.76367e-002,1.28418e-001,1.11475e+000,-2.31098e+001,-1.82927e-001,-5.06098e+000
-3.44091e-005,-1.36461e-004,-7.03125e-002,1.25000e-001,1.10352e+000,-2.37195e+001,-1.34146e+000,-6.15854e+000
-4.14588e-005,-1.71374e-004,-6.20117e-002,1.11328e-001,1.10254e+000,-2.47561e+001,-5.12195e+000,-8.71951e+000
-4.43122e-005,-1.42504e-004,-5.66406e-002,1.04004e-001,1.09131e+000,-2.48780e+001,-7.37805e+000,-1.03659e+001
-2.90379e-005,-1.37469e-004,-5.56641e-002,8.69141e-002,1.06494e+000,-2.51829e+001,-1.12805e+001,-1.36585e+001
-1.10781e-005,-1.34783e-004,-6.44531e-002,7.27539e-002,1.04932e+000,-2.51220e+001,-1.27439e+001,-1.53659e+001
6.32792e-005,-1.25216e-004,-6.73828e-002,6.54297e-002,1.06592e+000,-2.56707e+001,-1.57927e+001,-1.79268e+001
1.19341e-004,-7.11681e-005,-7.51953e-002,3.71094e-002,1.10303e+000,-2.58537e+001,-1.72561e+001,-1.81098e+001
5.27047e-005,-4.31373e-005,-8.34961e-002,2.63672e-002,1.08936e+000,-2.39634e+001,-1.93902e+001,-1.85976e+001
-3.44091e-005,-6.66362e-005,-4.83398e-002,8.30078e-003,1.02002e+000,-2.35366e+001,-1.96341e+001,-1.81707e+001
-7.97284e-005,-8.50996e-005,-2.09961e-002,-4.88281e-004,1.00439e+000,-2.25610e+001,-1.75610e+001,-1.94512e+001
-7.13359e-005,-1.04906e-004,2.78320e-002,-1.95313e-003,1.01025e+000,-2.20122e+001,-1.60976e+001,-2.12195e+001
-2.61845e-005,-1.08934e-004,4.63867e-002,-1.46484e-003,1.01563e+000,-2.03659e+001,-1.10976e+001,-2.57317e+001
2.13169e-005,-9.08064e-005,7.37305e-002,5.85938e-003,1.02686e+000,-1.81098e+001,-2.98780e+000,-2.87195e+001
1.57778e-005,-8.40925e-005,8.39844e-002,5.85938e-003,1.03076e+000,-1.70122e+001,1.89024e+000,-2.97561e+001
3.27306e-005,-8.37568e-005,1.14746e-001,1.22070e-002,1.03516e+000,-1.48171e+001,1.06707e+001,-2.94512e+001
4.95155e-005,-7.53643e-005,1.36719e-001,1.66016e-002,1.03906e+000,-1.40244e+001,1.48171e+001,-2.86585e+001
1.52743e-005,-7.16716e-005,1.69922e-001,2.00195e-002,1.04590e+000,-1.13415e+001,2.35976e+001,-2.67683e+001
-2.66880e-005,-6.07614e-005,1.88965e-001,2.29492e-002,1.04639e+000,-1.02439e+001,2.78049e+001,-2.53049e+001
-4.53193e-005,-6.17685e-005,2.14844e-001,3.07617e-002,1.05664e+000,-7.92683e+000,3.66463e+001,-2.36585e+001
-2.36667e-005,-7.06645e-005,2.25586e-001,2.92969e-002,1.05957e+000,-6.95122e+000,4.09756e+001,-2.34146e+001
-2.65202e-005,-7.33501e-005,2.19238e-001,3.32031e-002,1.05811e+000,-3.84146e+000,5.12195e+001,-2.39024e+001
-1.72885e-005,-7.13359e-005,2.06055e-001,3.07617e-002,1.05420e+000,-1.95122e+000,5.63415e+001,-2.43902e+001
3.00450e-005,-7.60357e-005,1.82617e-001,3.36914e-002,1.04004e+000,1.64634e+000,6.48171e+001,-2.51220e+001
1.76242e-005,-8.03998e-005,1.69922e-001,4.10156e-002,1.04932e+000,2.37805e+000,6.82317e+001,-2.48780e+001
-4.28016e-005,-3.10521e-005,1.46484e-001,4.98047e-002,1.09668e+000,3.04878e+000,7.12805e+001,-2.49390e+001
-4.75013e-005,-1.29244e-005,1.19141e-001,5.12695e-002,1.15771e+000,2.31707e+000,7.06707e+001,-2.45732e+001
-1.72885e-005,-1.59457e-005,9.32617e-002,4.73633e-002,1.16699e+000,8.53659e-001,6.70732e+001,-2.35976e+001
-6.71397e-007,1.44350e-005,4.63867e-002,4.78516e-002,1.13770e+000,3.65854e-001,6.51829e+001,-2.29878e+001
9.23171e-006,2.51774e-005,1.36719e-002,4.54102e-002,1.11084e+000,3.04878e-001,6.17683e+001,-2.16463e+001
-8.22461e-006,4.54871e-005,-4.39453e-002,2.73438e-002,1.03711e+000,1.52439e+000,6.09146e+001,-2.09756e+001
-2.71916e-005,4.69978e-005,-6.39648e-002,1.12305e-002,1.00732e+000,3.65854e+000,5.92683e+001,-1.93902e+001
-3.15557e-005,3.74304e-005,-9.91211e-002,-3.17383e-002,9.24805e-001,5.24390e+000,5.76829e+001,-1.82927e+001
-1.39315e-005,3.84375e-005,-1.21094e-001,-6.78711e-002,8.70117e-001,8.41463e+000,5.43293e+001,-1.52439e+001
-1.59457e-005,5.22011e-005,-1.42090e-001,-1.46484e-001,7.29004e-001,9.75610e+000,5.13415e+001,-1.03049e+001
-2.33310e-005,6.74754e-005,-1.48926e-001,-1.90918e-001,6.53320e-001,1.01829e+001,5.06707e+001,-7.31707e+000
-5.87472e-006,8.57710e-005,-1.40625e-001,-2.79297e-001,5.12695e-001,1.10976e+001,4.95122e+001,-2.25610e+000
-5.70687e-006,9.70169e-005,-1.15234e-001,-3.06152e-001,4.60938e-001,1.17073e+001,4.86585e+001,-9.75610e-001
-3.74304e-005,9.93667e-005,-1.70898e-002,-2.87598e-001,4.40430e-001,1.43902e+001,4.76220e+001,-4.08537e+000
-5.20333e-005,1.07927e-004,4.73633e-002,-2.30469e-001,4.77539e-001,1.59146e+001,4.85366e+001,-8.71951e+000
-3.49126e-005,1.18837e-004,1.27441e-001,-2.78320e-002,6.25488e-001,1.76829e+001,5.25000e+001,-2.20732e+001
-3.87732e-005,1.21019e-004,1.26465e-001,8.15430e-002,7.01172e-001,1.79268e+001,5.37805e+001,-2.78659e+001
-5.92508e-005,1.17662e-004,7.76367e-002,2.70508e-001,8.19824e-001,1.73171e+001,5.53049e+001,-3.44512e+001
-3.87732e-005,1.18669e-004,3.36914e-002,3.38379e-001,8.46191e-001,1.75610e+001,5.39024e+001,-3.38415e+001
1.72885e-005,1.20348e-004,-6.05469e-002,4.17480e-001,8.51563e-001,1.78659e+001,4.65244e+001,-2.77439e+001
6.46220e-005,1.39483e-004,-1.07910e-001,4.23828e-001,8.40332e-001,1.72561e+001,4.23780e+001,-2.39024e+001
4.06195e-005,1.17830e-004,-2.11426e-001,3.62793e-001,8.26172e-001,1.42683e+001,3.23780e+001,-1.68293e+001
1.99741e-005,1.08598e-004,-2.96875e-001,2.31445e-001,8.14941e-001,1.18293e+001,2.71951e+001,-1.36585e+001
1.29244e-005,9.91989e-005,-3.15918e-001,1.54785e-001,8.12012e-001,6.64634e+000,1.65854e+001,-8.78049e+000
-1.24208e-005,7.80499e-005,-3.02734e-001,4.88281e-003,8.24707e-001,3.71951e+000,1.14024e+001,-7.25610e+000
-3.60876e-005,8.30854e-005,-2.68066e-001,-5.51758e-002,8.33984e-001,0.00000e+000,2.07317e+000,-6.34146e+000
-5.67330e-005,9.93667e-005,-1.59668e-001,-1.39648e-001,8.33984e-001,-1.21951e+000,-1.52439e+000,-6.70732e+000
-5.11940e-005,8.84566e-005,-9.91211e-002,-1.56250e-001,8.22754e-001,-3.41463e+000,-7.07317e+000,-8.59756e+000
-9.26528e-005,6.94896e-005,3.71094e-002,-1.81641e-001,8.72070e-001,-4.20732e+000,-9.20732e+000,-9.32927e+000
-1.00206e-004,7.50286e-005,7.27539e-002,-1.71387e-001,8.58398e-001,-6.09756e-001,-5.36585e+000,-1.09146e+001
2.40024e-005,8.54353e-005,1.20117e-001,-1.25488e-001,8.35449e-001,3.04878e+000,-2.62195e+000,-1.07927e+001
6.59647e-005,9.01350e-005,1.29883e-001,-9.96094e-002,8.29590e-001,4.81707e+000,-6.09756e-001,-1.06098e+001
5.53903e-005,1.37133e-004,1.02539e-001,-4.29688e-002,8.25195e-001,7.92683e+000,3.17073e+000,-1.06098e+001
1.42672e-005,1.03227e-004,6.59180e-002,-7.32422e-003,8.40820e-001,9.02439e+000,4.75610e+000,-1.07317e+001
-3.25628e-005,-3.70947e-005,-2.24609e-002,5.46875e-002,8.95996e-001,9.39024e+000,5.42683e+000,-1.07927e+001
-3.25628e-005,-6.34470e-005,-6.78711e-002,8.20313e-002,9.24805e-001,8.96342e+000,4.75610e+000,-1.08537e+001
-2.19883e-005,9.51705e-005,-1.35254e-001,1.22559e-001,9.50684e-001,8.84146e+000,2.92683e+000,-1.07317e+001
-2.85344e-006,1.49554e-004,-1.45508e-001,1.33301e-001,9.48242e-001,8.84146e+000,1.40244e+000,-1.08537e+001
1.19173e-005,7.90570e-005,-1.25000e-001,1.22070e-001,9.20898e-001,9.57317e+000,-4.26829e-001,-9.32927e+000
-8.39246e-007,7.10002e-005,-1.03027e-001,1.10352e-001,8.93555e-001,9.93902e+000,-1.28049e+000,-8.71951e+000
-6.21042e-006,1.84634e-005,-6.15234e-002,7.56836e-002,8.27637e-001,1.14634e+001,-3.29268e+000,-7.62195e+000
-1.56100e-005,2.40024e-005,-4.93164e-002,5.17578e-002,7.92480e-001,1.22561e+001,-5.67073e+000,-6.76829e+000
-2.36667e-005,7.53643e-005,-1.61133e-002,4.88281e-003,6.80664e-001,1.44512e+001,-9.87805e+000,-5.73171e+000
-2.29953e-005,4.64942e-005,1.85547e-002,-5.56641e-002,5.36133e-001,1.56707e+001,-9.75610e+000,-5.91463e+000
-2.16526e-005,2.26596e-005,2.39258e-002,-8.15430e-002,4.76074e-001,1.75000e+001,-6.95122e+000,-6.82927e+000
-2.50095e-005,5.35439e-005,9.76563e-003,-1.30371e-001,3.66699e-001,1.89634e+001,-5.60976e+000,-7.68293e+000
-1.76242e-005,7.87213e-005,-4.88281e-003,-1.50879e-001,3.07129e-001,2.34146e+001,-4.87805e+000,-9.75610e+000
-1.89670e-005,-3.77661e-005,-7.95898e-002,-1.70410e-001,1.95801e-001,2.59146e+001,-5.79268e+000,-1.02439e+001
-2.09812e-005,-1.07256e-004,-1.28418e-001,-1.73828e-001,1.38672e-001,3.06707e+001,-9.14634e+000,-1.07927e+001
-1.84634e-005,-4.12909e-005,-2.53418e-001,-1.67969e-001,5.56641e-002,3.31707e+001,-1.14634e+001,-1.03659e+001
-1.52743e-005,-8.05676e-006,-3.15430e-001,-1.57715e-001,3.61328e-002,3.61585e+001,-1.78659e+001,-1.01220e+001
-1.35958e-005,-9.56741e-006,-4.28711e-001,-1.33301e-001,2.63672e-002,3.70732e+001,-2.45122e+001,-9.81707e+000
-2.16526e-005,-2.04776e-005,-4.88281e-001,-1.20117e-001,3.51563e-002,3.65244e+001,-2.75610e+001,-9.63415e+000
-2.46738e-005,-2.09812e-005,-6.09863e-001,-7.66602e-002,7.81250e-002,3.33537e+001,-3.26220e+001,-1.01829e+001
-2.98772e-005,-2.18204e-005,-6.62598e-001,-5.85938e-002,1.06445e-001,3.12195e+001,-3.63415e+001,-1.06098e+001
-1.49386e-005,-6.86503e-005,-7.24121e-001,-2.05078e-002,1.84082e-001,2.72561e+001,-4.47561e+001,-1.10366e+001
1.42672e-005,3.25628e-005,-7.24609e-001,-4.39453e-003,2.43652e-001,2.50610e+001,-4.98781e+001,-1.16463e+001
2.13169e-005,1.62814e-005,-6.86035e-001,2.24609e-002,3.80371e-001,2.09756e+001,-5.76220e+001,-1.34756e+001
8.22461e-006,-1.24712e-004,-6.45508e-001,3.51563e-002,4.47266e-001,1.87805e+001,-6.04268e+001,-1.50000e+001
-7.88891e-006,-3.00282e-004,-5.39551e-001,7.42188e-002,5.70801e-001,1.31098e+001,-6.70122e+001,-1.80488e+001
-1.54421e-005,-1.08263e-004,-4.64844e-001,8.59375e-002,6.39160e-001,1.02439e+001,-7.03049e+001,-1.92683e+001
-1.66171e-005,1.56268e-004,-2.91992e-001,1.11816e-001,7.92480e-001,3.90244e+000,-7.56098e+001,-2.17683e+001
1.37636e-005,4.73335e-005,-2.07520e-001,1.25488e-001,8.64746e-001,1.70732e+000,-7.73171e+001,-2.18902e+001
5.75723e-005,-8.07355e-005,-3.36914e-002,1.57715e-001,9.69727e-001,-3.23171e+000,-7.96951e+001,-2.15854e+001
8.00641e-005,-9.24849e-005,1.21094e-001,1.82129e-001,9.68262e-001,-5.67073e+000,-7.98171e+001,-2.03049e+001
1.10277e-004,3.22271e-005,1.85059e-001,1.90430e-001,9.21875e-001,-1.04878e+001,-7.98781e+001,-1.65244e+001
1.12627e-004,9.71847e-005,3.00293e-001,2.03125e-001,8.33008e-001,-1.20732e+001,-7.89634e+001,-1.43293e+001
1.18837e-004,1.97559e-004,3.40820e-001,2.02148e-001,8.22266e-001,-1.43293e+001,-7.32317e+001,-1.11585e+001
1.11955e-004,2.81483e-004,3.84766e-001,1.89453e-001,8.43262e-001,-1.39634e+001,-6.78659e+001,-9.08537e+000
3.99481e-005,2.13001e-004,3.88184e-001,1.90918e-001,8.71094e-001,-1.10366e+001,-5.16463e+001,-5.18293e+000
-1.22026e-004,9.68490e-005,3.68652e-001,1.85547e-001,9.48730e-001,-9.81707e+000,-4.20732e+001,-3.23171e+000
-2.01587e-004,3.18914e-006,3.51563e-001,1.87012e-001,1.01318e+000,-6.46341e+000,-2.04878e+001,2.43902e-001
-2.04608e-004,-1.13298e-004,3.22266e-001,1.85547e-001,1.15039e+000,-3.59756e+000,1.28049e+000,4.87805e+000
-2.27939e-004,-1.77417e-004,3.06641e-001,1.92383e-001,1.21240e+000,-2.19512e+000,1.16463e+001,7.92683e+000
-1.39818e-004,8.12390e-005,2.86621e-001,2.03613e-001,1.32129e+000,-1.64634e+000,2.97561e+001,1.38415e+001
-2.83665e-005,1.03563e-004,2.77344e-001,2.13867e-001,1.35303e+000,-6.09756e-001,3.82317e+001,1.70732e+001
-7.38537e-005,-6.02579e-005,2.52441e-001,2.27539e-001,1.38086e+000,1.82927e-001,5.39024e+001,2.46951e+001
-1.02892e-004,-1.10948e-004,2.58301e-001,2.18750e-001,1.38867e+000,4.87805e-001,6.14024e+001,2.90244e+001
-9.24849e-005,-1.72885e-004,2.91016e-001,1.77246e-001,1.37256e+000,1.52439e+000,7.73171e+001,3.89634e+001
-1.07927e-004,-1.74731e-004,2.96387e-001,1.55762e-001,1.37402e+000,1.21951e+000,8.45732e+001,4.41463e+001
-9.44991e-005,-1.66171e-004,2.82715e-001,1.52832e-001,1.46973e+000,2.13415e+000,9.22561e+001,5.15854e+001
-6.41184e-005,2.16526e-005,2.39746e-001,1.87500e-001,1.57324e+000,2.07317e+000,8.46951e+001,5.22561e+001
-3.97803e-005,3.77157e-004,7.51953e-002,2.58789e-001,1.71289e+000,9.75610e+000,4.68902e+001,4.30488e+001
-2.13169e-005,2.50599e-004,-8.30078e-002,2.88086e-001,1.63965e+000,1.84146e+001,2.23780e+001,3.28049e+001
-3.23949e-005,-3.59197e-005,-4.50195e-001,2.89063e-001,1.28516e+000,3.23171e+001,-1.87805e+001,1.44512e+001
1.46029e-005,-1.15648e-004,-6.54785e-001,1.24023e-001,9.91699e-001,3.38415e+001,-3.33537e+001,1.03049e+001
1.60464e-004,-1.88495e-004,-6.86523e-001,-4.39453e-003,9.14063e-001,3.10366e+001,-5.19512e+001,1.17683e+001
2.00916e-004,-1.84466e-004,-7.42188e-001,-2.02637e-001,8.82813e-001,2.81098e+001,-5.98171e+001,1.38415e+001
1.73388e-004,2.40024e-005,-7.98340e-001,-2.55859e-001,8.97949e-001,1.93902e+001,-7.86585e+001,1.54268e+001
2.02426e-004,1.88830e-004,-8.83301e-001,-2.97363e-001,9.09180e-001,1.60976e+001,-8.70732e+001,1.72561e+001
1.87152e-004,1.19341e-004,-8.45215e-001,-3.08105e-001,8.81836e-001,9.26829e+000,-9.71951e+001,2.67073e+001
1.14137e-004,1.29747e-004,-6.42090e-001,-3.02734e-001,8.21289e-001,6.64634e+000,-9.70122e+001,3.35976e+001
8.30854e-005,3.42916e-004,-5.13184e-001,-2.89063e-001,7.93945e-001,2.62195e+000,-9.05488e+001,4.50610e+001
9.11421e-005,3.64065e-004,-2.47559e-001,-2.26563e-001,7.67578e-001,0.00000e+000,-8.06098e+001,5.07927e+001
1.67849e-005,8.91279e-005,-1.15723e-001,-1.79688e-001,7.67578e-001,-4.26829e-001,-7.47561e+001,5.14634e+001
-1.77417e-004,-1.52239e-004,9.86328e-002,-8.00781e-002,8.00293e-001,4.87805e-001,-6.20122e+001,4.92683e+001
-3.15724e-004,-2.06622e-004,1.76758e-001,-3.02734e-002,8.28613e-001,1.40244e+000,-5.62195e+001,4.73781e+001
-3.26970e-004,-3.47112e-004,2.64160e-001,5.61523e-002,8.80371e-001,4.39024e+000,-4.63415e+001,4.24390e+001
-2.47578e-004,-4.60243e-004,2.82715e-001,8.54492e-002,9.13086e-001,6.40244e+000,-4.32927e+001,4.03049e+001
-1.93194e-004,-2.47074e-004,2.77344e-001,1.48438e-001,9.50684e-001,1.20122e+001,-3.87195e+001,3.34146e+001
-1.95880e-004,5.13619e-005,2.65625e-001,1.65527e-001,9.60449e-001,1.49390e+001,-3.66463e+001,2.95122e+001
-1.10277e-004,6.88182e-006,1.93359e-001,1.80176e-001,9.53125e-001,2.00610e+001,-3.43902e+001,2.06707e+001
6.89860e-005,2.08469e-004,1.38672e-001,1.75781e-001,9.48242e-001,2.18902e+001,-3.33537e+001,1.62805e+001
1.40322e-004,2.34821e-004,1.31836e-002,1.51855e-001,9.36523e-001,2.35366e+001,-3.33537e+001,9.08537e+000
1.71038e-004,-2.92058e-005,-4.63867e-002,1.33301e-001,9.26270e-001,2.41463e+001,-3.37195e+001,6.21951e+000
1.07927e-004,-3.10521e-005,-1.45996e-001,9.03320e-002,9.12598e-001,2.26220e+001,-3.58537e+001,1.40244e+000
1.27565e-005,-1.31426e-004,-2.05078e-001,4.68750e-002,9.24316e-001,2.16463e+001,-3.65854e+001,1.21951e-001
-1.13130e-004,-1.00206e-004,-2.18750e-001,3.17383e-002,9.34082e-001,1.88415e+001,-3.68902e+001,-1.28049e+000
-3.54330e-004,8.05676e-005,-2.08496e-001,1.46484e-002,9.58496e-001,1.70732e+001,-3.74390e+001,-1.76829e+000
-5.25704e-004,2.10651e-004,-1.85547e-001,1.22070e-002,9.76563e-001,1.38415e+001,-3.58537e+001,-4.26829e-001
-3.06325e-004,2.14008e-004,-1.21582e-001,1.90430e-002,1.00684e+000,1.21951e+001,-3.46341e+001,6.09756e-001
-9.95346e-005,7.68750e-005,-8.88672e-002,2.97852e-002,1.02197e+000,9.87805e+000,-3.12805e+001,2.31707e+000
3.47448e-005,5.99222e-005,-1.26953e-002,6.73828e-002,1.04053e+000,9.02439e+000,-2.89634e+001,3.17073e+000
1.19005e-004,5.72366e-005,2.00195e-002,8.20313e-002,1.04834e+000,7.56098e+000,-2.41463e+001,3.53659e+000
1.97559e-004,2.25422e-004,7.03125e-002,1.13281e-001,1.05420e+000,6.76829e+000,-1.96341e+001,3.29268e+000
2.36500e-004,2.80476e-004,8.10547e-002,1.23047e-001,1.06006e+000,6.82927e+000,-1.71951e+001,2.56098e+000
2.10987e-004,1.01717e-004,9.32617e-002,1.43555e-001,1.07373e+000,6.64634e+000,-1.23780e+001,1.52439e+000
1.54757e-004,8.22461e-006,9.22852e-002,1.46973e-001,1.07861e+000,6.82927e+000,-1.00000e+001,6.09756e-001
2.36667e-005,-1.96384e-005,8.34961e-002,1.43555e-001,1.08447e+000,6.03659e+000,-6.15854e+000,-1.03659e+000
-8.87923e-005,3.20592e-005,7.27539e-002,1.39648e-001,1.08691e+000,5.79268e+000,-4.45122e+000,-1.64634e+000
-1.19173e-005,1.56100e-005,4.44336e-002,1.33789e-001,1.08740e+000,4.20732e+000,-2.25610e+000,-2.92683e+000
1.02556e-004,-2.09812e-004,3.22266e-002,1.26953e-001,1.09570e+000,3.10976e+000,-1.82927e+000,-3.29268e+000
2.51942e-004,-1.86313e-004,1.17188e-002,1.19629e-001,1.11279e+000,6.09756e-001,-1.89024e+000,-3.53659e+000
3.89075e-004,-1.41161e-004,-6.34766e-003,1.20117e-001,1.11865e+000,-8.53659e-001,-2.74390e+000,-3.35366e+000
4.32715e-004,-1.06249e-004,-3.02734e-002,1.30371e-001,1.10303e+000,-3.96341e+000,-4.93902e+000,-1.82927e+000
2.87526e-004,-2.61006e-004,-4.10156e-002,1.38672e-001,1.09229e+000,-6.34146e+000,-5.91463e+000,-1.03659e+000
8.34211e-005,-1.83795e-004,-4.93164e-002,1.32324e-001,1.09424e+000,-1.01829e+001,-8.90244e+000,-4.26829e-001
-1.71206e-004,-3.57519e-005,-4.44336e-002,1.14746e-001,1.09570e+000,-1.09756e+001,-1.13415e+001,-1.28049e+000
-3.65072e-004,-5.79080e-005,-4.68750e-002,1.10352e-001,1.10791e+000,-1.26220e+001,-1.60976e+001,-2.50000e+000
-4.09552e-004,-5.37118e-005,-5.85938e-002,1.05957e-001,1.12451e+000,-1.30488e+001,-1.86585e+001,-2.50000e+000
-3.56680e-004,2.40360e-004,-5.61523e-002,1.04004e-001,1.11670e+000,-1.32317e+001,-2.29268e+001,-2.25610e+000
-3.10353e-004,1.38476e-004,-3.90625e-002,1.10352e-001,1.10352e+000,-1.37805e+001,-2.45122e+001,-2.25610e+000
-3.01122e-004,9.65133e-005,-3.12500e-002,1.06934e-001,1.10254e+000,-1.51220e+001,-2.60366e+001,-2.56098e+000
-2.30793e-004,1.15312e-004,-7.32422e-003,1.04492e-001,1.09961e+000,-1.48171e+001,-2.60976e+001,-2.98780e+000
-1.32601e-004,1.11284e-004,-2.92969e-003,1.08887e-001,1.09961e+000,-1.46341e+001,-2.62195e+001,-3.35366e+000
-5.08583e-005,6.83146e-005,1.36719e-002,1.10840e-001,1.09766e+000,-1.43902e+001,-2.57927e+001,-3.96341e+000
-1.25887e-005,1.19173e-005,2.19727e-002,1.17676e-001,1.08496e+000,-1.47561e+001,-2.49390e+001,-4.26829e+000
3.37377e-005,1.16320e-004,2.97852e-002,1.22559e-001,1.09717e+000,-1.56098e+001,-2.43902e+001,-5.85366e+000
7.67071e-005,1.22026e-004,3.46680e-002,1.20605e-001,1.11865e+000,-1.51829e+001,-2.46951e+001,-7.19512e+000
5.75723e-005,-1.93866e-004,4.10156e-002,1.24512e-001,1.13623e+000,-1.45732e+001,-2.57927e+001,-1.03659e+001
3.92767e-005,-4.79210e-004,5.12695e-002,1.20605e-001,1.13916e+000,-1.40244e+001,-2.55488e+001,-1.21341e+001
9.28206e-005,-3.38384e-004,7.56836e-002,1.08398e-001,1.11035e+000,-1.25000e+001,-2.44512e+001,-1.52439e+001
2.37507e-004,-1.80774e-004,8.54492e-002,9.96094e-002,1.09717e+000,-1.14634e+001,-2.31707e+001,-1.68293e+001
2.79133e-004,-1.85809e-004,1.14258e-001,9.27734e-002,1.05078e+000,-1.01220e+001,-2.01220e+001,-1.96341e+001
2.64866e-004,-2.94911e-004,1.25000e-001,8.98438e-002,1.03369e+000,-1.00000e+001,-1.83537e+001,-2.10976e+001
2.69062e-004,-1.32601e-004,1.29883e-001,8.54492e-002,1.00195e+000,-1.15854e+001,-1.44512e+001,-2.34756e+001
2.25757e-004,-1.00542e-004,1.13770e-001,7.91016e-002,1.00195e+000,-1.17683e+001,-1.26829e+001,-2.50000e+001
-5.72366e-005,-1.89670e-004,9.37500e-002,5.17578e-002,9.66797e-001,-1.10976e+001,-9.45122e+000,-2.49390e+001
-3.29152e-004,-3.60876e-005,1.04492e-001,3.17383e-002,9.21875e-001,-1.10976e+001,-6.28049e+000,-2.42073e+001
-3.06996e-004,2.13169e-005,1.00098e-001,2.63672e-002,9.16016e-001,-9.63415e+000,-5.48781e-001,-2.56098e+001
-1.52575e-004,-2.63523e-005,7.71484e-002,2.73438e-002,9.03809e-001,-8.47561e+000,1.03659e+000,-2.67683e+001
8.39246e-007,1.30419e-004,6.29883e-002,2.88086e-002,9.13086e-001,-7.31707e+000,3.04878e+000,-2.97561e+001
9.23171e-005,2.28611e-004,2.58789e-002,2.49023e-002,9.41406e-001,-6.70732e+000,4.57317e+000,-3.06707e+001
1.19844e-004,3.22774e-004,1.85547e-002,3.12500e-002,9.42383e-001,-4.87805e+000,8.29268e+000,-3.12805e+001
8.20783e-005,1.86816e-004,1.70898e-002,3.80859e-002,9.58984e-001,-4.51220e+000,1.06098e+001,-3.09756e+001
1.59457e-005,-9.24849e-005,2.19727e-002,4.19922e-002,9.70703e-001,-2.37805e+000,1.71341e+001,-3.00000e+001
-6.36149e-005,-1.02892e-004,5.02930e-002,4.73633e-002,9.78516e-001,-5.48781e-001,2.37805e+001,-2.75000e+001
-1.43343e-004,-1.05745e-005,7.56836e-002,4.93164e-002,9.82910e-001,9.14634e-001,2.77439e+001,-2.57317e+001
-1.95880e-004,1.41497e-004,1.33301e-001,5.07813e-002,1.00000e+000,4.14634e+000,3.51220e+001,-2.25000e+001
-2.62013e-004,6.83146e-005,1.55273e-001,4.98047e-002,1.01904e+000,5.79268e+000,3.89634e+001,-2.13415e+001
-4.07874e-005,-2.56138e-004,1.90918e-001,5.02930e-002,1.07031e+000,8.35366e+000,4.42683e+001,-1.93902e+001
4.27848e-004,-1.64324e-004,2.00684e-001,5.46875e-002,1.08984e+000,9.57317e+000,4.62195e+001,-1.82317e+001
5.37621e-004,-1.58953e-004,1.98242e-001,7.32422e-002,1.11963e+000,8.96342e+000,4.88415e+001,-1.63415e+001
4.47654e-004,-9.01350e-005,1.87988e-001,7.91016e-002,1.13379e+000,7.92683e+000,4.98781e+001,-1.57317e+001
2.99107e-004,8.29175e-005,1.74805e-001,8.49609e-002,1.18408e+000,5.67073e+000,5.19512e+001,-1.43902e+001
-2.26596e-005,-6.00900e-005,1.61133e-001,8.59375e-002,1.19629e+000,4.93902e+000,5.29878e+001,-1.37805e+001
-3.68765e-004,-3.46273e-004,1.34277e-001,8.20313e-002,1.17334e+000,4.45122e+000,5.46341e+001,-1.24390e+001
-5.93683e-004,-2.46906e-004,1.23047e-001,7.95898e-002,1.14600e+000,5.18293e+000,5.46951e+001,-1.20122e+001
-5.03716e-004,1.51904e-004,8.59375e-002,6.93359e-002,1.07080e+000,6.82927e+000,5.47561e+001,-1.12805e+001
-4.08041e-004,4.31876e-004,4.83398e-002,5.76172e-002,9.83887e-001,7.74390e+000,5.45122e+001,-1.12195e+001
-3.62051e-004,6.26078e-005,3.07617e-002,5.02930e-002,9.37500e-001,1.00000e+001,5.43293e+001,-1.09756e+001
-2.05615e-004,-5.52224e-005,-2.78320e-002,2.83203e-002,8.64746e-001,1.06707e+001,5.44512e+001,-1.10976e+001
-3.25628e-005,2.59495e-004,-5.56641e-002,1.22070e-002,8.30566e-001,1.22561e+001,5.54268e+001,-9.93902e+000
3.45769e-005,1.26726e-004,-1.03027e-001,-3.51563e-002,7.39746e-001,1.31098e+001,5.48781e+001,-8.78049e+000
8.17426e-005,-1.68856e-004,-1.20605e-001,-6.44531e-002,6.78223e-001,1.57927e+001,5.26220e+001,-6.09756e+000
9.51705e-005,-1.40826e-004,-1.44043e-001,-1.22559e-001,5.66895e-001,1.73780e+001,5.15854e+001,-4.14634e+000
1.17662e-004,-9.21492e-005,-1.43066e-001,-1.54297e-001,5.32227e-001,1.96341e+001,5.03049e+001,-6.70732e-001
6.37827e-005,-8.50996e-005,-1.15234e-001,-2.09961e-001,5.07813e-001,2.11585e+001,4.98171e+001,1.15854e+000
1.82956e-005,1.39315e-005,-8.59375e-002,-2.10938e-001,5.04395e-001,2.17073e+001,4.92073e+001,1.09756e+000
1.46029e-005,9.39956e-005,1.31836e-002,-1.65039e-001,5.42480e-001,2.32317e+001,4.75610e+001,-1.64634e+000
-5.95865e-005,2.16022e-004,6.49414e-002,-1.10352e-001,5.76660e-001,2.37195e+001,4.61585e+001,-4.45122e+000
-8.54353e-005,2.13001e-004,1.42578e-001,3.95508e-002,6.57227e-001,2.47561e+001,4.37195e+001,-1.12195e+001
-3.00450e-005,1.39483e-004,1.59668e-001,1.17676e-001,6.92383e-001,2.47561e+001,4.24390e+001,-1.42073e+001
4.01160e-005,-7.87213e-005,1.54297e-001,2.45117e-001,7.45605e-001,2.29268e+001,3.79268e+001,-1.67073e+001
1.14305e-004,-2.19715e-004,1.37695e-001,2.96387e-001,7.67578e-001,2.17073e+001,3.50000e+001,-1.71341e+001
1.13634e-004,-6.32792e-005,7.76367e-002,3.42285e-001,7.84180e-001,1.97561e+001,2.87195e+001,-1.78049e+001
-5.11940e-005,-1.42168e-004,3.41797e-002,3.43750e-001,7.93945e-001,1.84146e+001,2.60366e+001,-1.80488e+001
-1.27062e-004,-4.70985e-004,-5.85938e-002,2.92480e-001,8.20801e-001,1.59756e+001,2.12805e+001,-1.79268e+001
-1.07927e-004,-3.59197e-004,-9.17969e-002,2.46094e-001,8.26660e-001,1.53049e+001,1.95732e+001,-1.73780e+001
-4.51514e-005,-1.37301e-004,-1.29395e-001,1.38672e-001,8.33496e-001,1.29268e+001,1.57317e+001,-1.46341e+001
1.02892e-004,6.47898e-005,-1.33301e-001,3.32031e-002,8.25195e-001,1.23171e+001,1.46951e+001,-1.36585e+001
2.41367e-004,2.73091e-004,-1.33789e-001,-6.34766e-003,8.17383e-001,1.15244e+001,1.11585e+001,-1.14634e+001
2.52277e-004,2.07797e-004,-1.18164e-001,-5.76172e-002,8.40332e-001,1.04268e+001,8.65854e+000,-1.10366e+001
2.22568e-004,-1.76242e-005,-1.08887e-001,-6.93359e-002,8.74512e-001,9.08537e+000,3.84146e+000,-1.07317e+001
1.86481e-004,-3.72625e-004,-1.06445e-001,-7.22656e-002,9.42871e-001,7.68293e+000,1.95122e+000,-1.12195e+001
8.50996e-005,-5.16976e-004,-1.05469e-001,-6.25000e-002,9.61426e-001,7.01220e+000,-2.07317e+000,-1.19512e+001
-1.45357e-004,-3.40734e-004,-1.07910e-001,-2.88086e-002,9.45313e-001,7.19512e+000,-4.57317e+000,-1.21951e+001
-3.25460e-004,-1.05577e-004,-1.14746e-001,-5.85938e-003,9.08691e-001,9.08537e+000,-1.02439e+001,-1.36585e+001
-2.34485e-004,5.82437e-005,-1.41113e-001,3.66211e-002,8.06641e-001,1.14024e+001,-1.60976e+001,-1.41463e+001
-6.12650e-005,7.97284e-005,-1.57715e-001,5.12695e-002,7.54395e-001,1.28659e+001,-1.94512e+001,-1.40244e+001
7.57000e-005,2.01587e-004,-1.98730e-001,7.95898e-002,6.58691e-001,1.39024e+001,-2.78049e+001,-1.36585e+001
1.52239e-004,1.53246e-004,-2.24121e-001,8.88672e-002,6.21582e-001,1.38415e+001,-3.22561e+001,-1.34756e+001
1.55932e-004,7.46929e-005,-2.80273e-001,9.32617e-002,5.54688e-001,1.37195e+001,-4.11585e+001,-1.23780e+001
7.40215e-005,8.27497e-005,-2.98340e-001,8.78906e-002,5.24414e-001,1.38415e+001,-4.62195e+001,-1.16463e+001
-4.86763e-005,1.29747e-004,-3.25684e-001,7.03125e-002,5.01465e-001,1.35366e+001,-5.53659e+001,-1.02439e+001
-1.36797e-004,1.70031e-004,-3.21777e-001,5.41992e-002,5.04395e-001,1.35976e+001,-5.96951e+001,-9.39024e+000
-1.98398e-004,1.04570e-004,-3.14453e-001,3.17383e-002,5.38574e-001,1.35976e+001,-6.90854e+001,-8.29268e+000
-1.65331e-004,2.13169e-005,-3.03711e-001,1.80664e-002,5.55176e-001,1.29878e+001,-7.39024e+001,-7.13415e+000
-6.86503e-005,-3.52483e-006,-2.76855e-001,1.17188e-002,5.78613e-001,1.20732e+001,-8.24390e+001,-5.06098e+000
-2.63523e-005,7.21752e-006,-2.59277e-001,7.32422e-003,5.79102e-001,1.06707e+001,-8.65854e+001,-4.08537e+000
-3.37377e-005,3.18914e-006,-2.16797e-001,6.83594e-003,5.66895e-001,9.63415e+000,-9.39634e+001,-1.70732e+000
5.95865e-005,-3.35698e-006,-1.52832e-001,1.66016e-002,5.63965e-001,8.71951e+000,-9.74390e+001,-8.53659e-001
2.24750e-004,-2.53452e-005,-1.23535e-001,2.53906e-002,5.65430e-001,6.52439e+000,-1.01402e+002,-1.82927e-001
1.95377e-004,-4.22980e-005,-7.27539e-002,4.88281e-002,5.58105e-001,5.73171e+000,-1.01341e+002,1.82927e-001
6.57969e-005,5.42153e-005,-4.98047e-002,5.85938e-002,5.56152e-001,3.47561e+000,-9.90244e+001,6.09756e-002
-3.82696e-005,2.74434e-004,-1.46484e-003,6.83594e-002,5.82520e-001,2.37805e+000,-9.55488e+001,-2.43902e-001
-1.45525e-004,1.44518e-004,2.44141e-002,6.10352e-002,6.07422e-001,-1.21951e-001,-8.73781e+001,-1.82927e+000
-2.81651e-004,7.63714e-005,7.27539e-002,6.54297e-002,6.90918e-001,-1.15854e+000,-8.29268e+001,-2.86585e+000
-2.19379e-004,9.28206e-005,9.27734e-002,6.15234e-002,7.33398e-001,-3.65854e+000,-7.35366e+001,-6.52439e+000
-8.94636e-005,1.17494e-004,1.07422e-001,5.85938e-002,7.99805e-001,-5.97561e+000,-6.65854e+001,-1.06707e+001
1.12963e-004,8.89601e-005,1.13770e-001,5.71289e-002,8.19824e-001,-7.01220e+000,-6.51829e+001,-1.28049e+001
3.31502e-004,-1.28573e-004,9.91211e-002,6.64063e-002,8.56445e-001,-8.84146e+000,-6.73171e+001,-1.67683e+001
2.47913e-004,-2.70069e-004,8.34961e-002,7.47070e-002,8.66211e-001,-9.63415e+000,-7.05488e+001,-1.81098e+001
9.78561e-005,-1.71710e-004,4.98047e-002,1.00098e-001,8.98438e-001,-1.29268e+001,-7.56098e+001,-2.07317e+001
-2.46738e-005,6.81468e-005,2.34375e-002,1.10840e-001,9.18457e-001,-1.42683e+001,-7.65244e+001,-2.22561e+001
-2.78798e-004,1.76074e-004,-3.71094e-002,1.27441e-001,9.40430e-001,-1.48780e+001,-7.73781e+001,-2.58537e+001
-4.84581e-004,-2.25086e-004,-6.64063e-002,1.33789e-001,9.36523e-001,-1.48171e+001,-7.75610e+001,-2.77439e+001
-3.85046e-004,-1.93027e-004,-1.18164e-001,1.42578e-001,9.26270e-001,-1.24390e+001,-7.51220e+001,-3.07317e+001
-1.71710e-004,3.61379e-004,-1.30371e-001,1.47949e-001,9.32617e-001,-1.07317e+001,-7.19512e+001,-3.23171e+001
-3.54162e-005,5.75723e-005,-1.40625e-001,1.52344e-001,9.75098e-001,-8.35366e+000,-6.17073e+001,-3.48171e+001
4.59907e-005,-2.29618e-004,-1.26953e-001,1.54785e-001,1.06250e+000,-8.04878e+000,-5.56098e+001,-3.53049e+001
1.69024e-004,-1.83459e-004,-1.06934e-001,1.54785e-001,1.11719e+000,-8.59756e+000,-4.36585e+001,-3.51829e+001
3.88235e-004,-1.32433e-004,-6.44531e-002,1.48926e-001,1.21631e+000,-9.26829e+000,-3.96341e+001,-3.42683e+001
7.01274e-004,-9.58419e-005,-3.22266e-002,1.46973e-001,1.25488e+000,-9.08537e+000,-3.64634e+001,-3.01829e+001
5.69848e-004,-8.03998e-005,3.07617e-002,1.67480e-001,1.29297e+000,-8.90244e+000,-3.56098e+001,-2.73780e+001
1.47036e-004,-5.40475e-005,5.27344e-002,1.74805e-001,1.28711e+000,-7.98780e+000,-3.32927e+001,-2.04878e+001
-1.66339e-004,-1.86313e-005,1.09863e-001,1.60156e-001,1.27490e+000,-7.74390e+000,-3.10366e+001,-1.67683e+001
-3.71450e-004,2.36667e-005,1.37695e-001,1.48926e-001,1.23975e+000,-5.48780e+000,-2.12805e+001,-9.63415e+000
-5.66155e-004,4.44800e-005,1.51367e-001,1.53320e-001,1.17578e+000,-5.00000e+000,-1.32927e+001,-4.32927e+000
-5.73541e-004,7.63714e-005,1.57227e-001,1.77734e-001,1.19287e+000,-4.26829e+000,3.71951e+000,8.84146e+000
-4.68971e-004,1.19005e-004,1.89941e-001,2.37305e-001,1.34570e+000,-1.28049e+000,1.95122e+000,1.92683e+001
-2.90883e-004,1.10445e-004,1.85547e-001,2.69043e-001,1.40283e+000,4.32927e+000,-7.98780e+000,1.96951e+001
-1.37636e-004,6.26078e-005,5.32227e-002,3.19336e-001,1.32666e+000,2.25610e+001,-3.80488e+001,1.03049e+001
-7.43572e-005,-4.19623e-006,-5.27344e-002,3.18848e-001,1.21045e+000,3.09756e+001,-5.40244e+001,4.45122e+000
-2.14847e-005,-6.21042e-006,-2.00684e-001,2.38281e-001,9.80469e-001,3.73171e+001,-7.54268e+001,6.09756e-002
4.48157e-005,-1.42672e-005,-2.54395e-001,1.59668e-001,8.86719e-001,3.59146e+001,-8.15244e+001,2.37805e+000
4.78370e-005,-7.04967e-006,-3.32031e-001,7.32422e-003,8.47168e-001,2.88415e+001,-9.48781e+001,9.87805e+000
5.15297e-005,2.16526e-005,-3.83789e-001,-4.83398e-002,8.73047e-001,2.56098e+001,-1.03415e+002,1.21951e+001
8.52674e-005,2.45060e-005,-4.90234e-001,-1.07910e-001,9.26758e-001,2.32927e+001,-1.17439e+002,1.73780e+001
1.09270e-004,3.57519e-005,-5.03906e-001,-1.26953e-001,9.31152e-001,2.26220e+001,-1.20305e+002,2.26220e+001
2.16526e-004,5.43832e-005,-4.23340e-001,-1.45020e-001,8.86230e-001,2.28049e+001,-1.14634e+002,3.62805e+001
2.82826e-004,3.84375e-005,-2.29492e-001,-1.52832e-001,8.38867e-001,2.21341e+001,-1.07744e+002,4.29268e+001
1.63317e-004,9.73526e-006,-1.10352e-001,-1.55762e-001,8.30566e-001,1.94512e+001,-8.88415e+001,5.45122e+001
2.65202e-005,-6.21042e-006,1.53320e-001,-1.43555e-001,8.62793e-001,1.76829e+001,-7.84756e+001,5.93902e+001
-1.30922e-005,-1.02388e-005,2.95410e-001,-1.22559e-001,8.90625e-001,1.60976e+001,-5.62805e+001,6.58537e+001
-5.15297e-005,-1.69528e-005,5.69336e-001,-7.27539e-002,9.64844e-001,1.60976e+001,-4.47561e+001,6.71341e+001
-7.03288e-005,4.54871e-005,6.87500e-001,-4.49219e-002,9.93164e-001,1.81707e+001,-1.95122e+001,6.82317e+001
4.11231e-005,1.18669e-004,8.76953e-001,1.02539e-002,1.04639e+000,1.94512e+001,-6.70732e+000,6.82927e+001
7.50286e-005,4.34730e-005,9.62891e-001,2.92969e-002,1.07422e+000,2.03049e+001,1.75610e+001,6.76829e+001
1.25887e-005,6.88182e-006,1.06592e+000,6.10352e-002,1.08594e+000,2.19512e+001,2.90854e+001,6.61585e+001
-7.50286e-005,2.34989e-006,1.07568e+000,8.15430e-002,1.07666e+000,2.50000e+001,4.84146e+001,6.06098e+001
-9.78561e-005,-5.52224e-005,9.96582e-001,1.30859e-001,1.05273e+000,2.77439e+001,6.10366e+001,4.98171e+001
-8.81209e-005,-7.77142e-005,8.99902e-001,1.50879e-001,1.03613e+000,2.92073e+001,6.42683e+001,4.24390e+001
-6.89860e-005,-8.30854e-005,6.31348e-001,1.70410e-001,1.00977e+000,3.16463e+001,6.64024e+001,2.89634e+001
-5.03548e-005,1.25887e-005,4.77539e-001,1.73828e-001,1.00098e+000,3.13415e+001,6.46341e+001,2.35976e+001
-2.90379e-005,1.53414e-004,1.81152e-001,1.61133e-001,9.85352e-001,3.06098e+001,5.75610e+001,1.57317e+001
9.56741e-006,4.86763e-005,4.54102e-002,1.44043e-001,9.79980e-001,2.85976e+001,5.18902e+001,1.27439e+001
-3.27306e-005,-5.27047e-005,-1.66016e-001,1.05957e-001,9.70215e-001,2.34146e+001,3.92683e+001,7.74390e+000
-3.99481e-005,-4.68299e-005,-2.44141e-001,8.59375e-002,9.69727e-001,2.04878e+001,3.23780e+001,6.09756e+000
-4.36408e-006,-2.90379e-005,-3.38867e-001,4.24805e-002,9.73633e-001,1.32927e+001,1.84756e+001,3.96341e+000
3.47448e-005,-3.35698e-007,-3.62793e-001,2.88086e-002,9.83398e-001,9.51220e+000,1.20122e+001,3.29268e+000
1.66842e-004,9.24849e-005,-3.43750e-001,1.31836e-002,1.00049e+000,2.31707e+000,6.70732e-001,4.45122e+000
1.43343e-004,5.38796e-005,-2.79297e-001,1.41602e-002,1.02441e+000,-1.21951e+000,-4.26829e+000,5.00000e+000
2.53452e-005,-2.83665e-005,-2.27051e-001,2.78320e-002,1.03760e+000,-7.74390e+000,-1.20122e+001,7.50000e+000
-5.22011e-005,-2.63523e-005,-9.27734e-002,5.61523e-002,1.06250e+000,-9.63415e+000,-1.46341e+001,8.84146e+000
-1.41665e-004,1.17494e-006,-2.44141e-002,7.32422e-002,1.07178e+000,-1.34756e+001,-1.70732e+001,9.51220e+000
-1.67346e-004,-1.67849e-006,8.78906e-002,9.76563e-002,1.08740e+000,-1.41463e+001,-1.68902e+001,9.20732e+000
-6.04257e-005,1.42672e-005,1.33789e-001,1.10352e-001,1.08887e+000,-1.46341e+001,-1.42073e+001,7.50000e+000
5.89151e-005,1.25887e-005,1.97266e-001,1.18164e-001,1.08252e+000,-1.45122e+001,-1.14634e+001,6.15854e+000
6.10971e-005,1.19173e-005,2.10938e-001,1.16699e-001,1.08447e+000,-1.32317e+001,-6.34146e+000,2.92683e+000
2.36667e-005,-9.73526e-006,2.06543e-001,1.11328e-001,1.09570e+000,-1.22561e+001,-3.71951e+000,1.52439e+000
-1.39315e-005,-5.53903e-005,1.86523e-001,1.10352e-001,1.09473e+000,-1.07927e+001,4.87805e-001,-6.09756e-001
-2.83665e-005,-6.89860e-005,1.35254e-001,1.04004e-001,1.09277e+000,-9.93902e+000,3.59756e+000,-1.82927e+000
-3.84375e-005,-2.65202e-005,1.13281e-001,9.22852e-002,1.09375e+000,-8.71951e+000,5.48780e+000,-2.01220e+000
-1.20851e-005,-3.44091e-005,7.95898e-002,7.12891e-002,1.06787e+000,-6.89024e+000,1.06707e+001,-2.07317e+000
1.44350e-005,-8.97993e-005,7.17773e-002,6.49414e-002,1.05469e+000,-6.15854e+000,1.34146e+001,-1.70732e+000
1.22530e-005,-6.32792e-005,6.54297e-002,4.73633e-002,1.04639e+000,-4.87805e+000,1.95122e+001,-7.92683e-001
7.04967e-006,-1.77920e-005,6.73828e-002,4.78516e-002,1.04492e+000,-4.26829e+000,2.23780e+001,-2.43902e-001
-2.18204e-006,-1.14137e-005,8.05664e-002,6.05469e-002,1.02246e+000,-3.29268e+000,2.94512e+001,1.21951e+000
-5.20333e-006,1.59457e-005,8.59375e-002,7.27539e-002,1.00098e+000,-3.47561e+000,3.29878e+001,1.95122e+000
-2.18204e-006,2.36667e-005,9.47266e-002,1.03027e-001,9.73633e-001,-6.21951e+000,4.00000e+001,4.08537e+000
-6.21042e-006,1.89670e-005,1.03027e-001,1.15723e-001,9.85352e-001,-7.13415e+000,4.33537e+001,5.00000e+000
-1.96384e-005,2.46738e-005,1.23535e-001,1.17188e-001,1.01318e+000,-6.76829e+000,4.78659e+001,5.36585e+000
-3.02129e-005,1.61135e-005,1.36230e-001,1.19629e-001,1.00000e+000,-5.79268e+000,4.92073e+001,4.87805e+000
-3.37377e-005,9.23171e-006,1.43066e-001,1.22070e-001,9.80469e-001,-3.96341e+000,5.35366e+001,3.65854e+000
-3.70947e-005,1.72885e-005,1.66504e-001,1.14746e-001,9.44336e-001,-3.65854e+000,5.43902e+001,2.50000e+000
-3.91089e-005,1.98062e-005,1.70410e-001,1.07422e-001,9.66309e-001,-1.70732e+000,6.14024e+001,3.04878e-001
-3.20592e-005,-1.51064e-006,1.69434e-001,1.01074e-001,9.84375e-001,6.09756e-001,6.59146e+001,-7.92683e-001
-3.00450e-005,-2.13169e-005,1.74316e-001,1.01563e-001,9.77051e-001,4.57317e+000,7.20122e+001,-3.78049e+000
-4.48157e-005,1.49386e-005,1.86523e-001,1.12793e-001,9.65820e-001,5.36585e+000,7.40244e+001,-5.42683e+000
-4.44800e-005,3.40734e-005,1.80176e-001,1.15234e-001,9.66797e-001,4.93902e+000,7.67073e+001,-9.20732e+000
-2.98772e-005,3.92767e-005,1.50879e-001,1.19629e-001,9.70215e-001,4.45122e+000,7.67683e+001,-1.04878e+001
-2.04776e-005,3.47448e-005,1.25488e-001,1.22559e-001,9.71191e-001,4.20732e+000,7.51220e+001,-1.25610e+001
-3.86053e-006,2.85344e-006,7.71484e-002,1.24023e-001,9.75098e-001,2.80488e+000,7.09146e+001,-1.47561e+001
1.25887e-005,-4.98512e-005,5.51758e-002,1.21582e-001,1.00195e+000,1.52439e+000,6.78659e+001,-1.53049e+001
1.86313e-005,-5.11940e-005,-1.26953e-002,1.26953e-001,1.04736e+000,-1.82927e-001,6.20732e+001,-1.60366e+001
1.29244e-005,-5.18654e-005,-6.20117e-002,1.19629e-001,1.06689e+000,-1.15854e+000,5.92683e+001,-1.59756e+001
1.52743e-005,-4.21302e-005,-1.15234e-001,1.08887e-001,1.05078e+000,-3.71951e+000,5.31707e+001,-1.31707e+001
3.07164e-005,5.03548e-007,-1.13770e-001,1.03516e-001,1.04688e+000,-5.30488e+000,4.96341e+001,-1.18902e+001
1.62814e-005,2.04776e-005,-1.25488e-001,9.27734e-002,1.02002e+000,-7.68293e+000,4.03659e+001,-1.28659e+001
1.12459e-005,3.30663e-005,-1.34277e-001,9.03320e-002,9.99023e-001,-9.08537e+000,3.51220e+001,-1.42073e+001
3.52483e-006,-6.88182e-006,-1.59180e-001,8.30078e-002,1.00488e+000,-1.21341e+001,2.52439e+001,-1.62805e+001
-5.03548e-006,-2.24918e-005,-1.65039e-001,8.59375e-002,1.02002e+000,-1.35366e+001,2.03049e+001,-1.69512e+001
-1.29244e-005,-1.52743e-005,-1.56250e-001,8.78906e-002,1.06055e+000,-1.72561e+001,1.28049e+001,-1.79878e+001
2.38346e-005,-1.12459e-005,-1.25488e-001,9.76563e-002,1.10693e+000,-1.85976e+001,1.04878e+001,-1.78049e+001
2.87022e-005,-1.09102e-005,-1.04492e-001,1.02539e-001,1.12744e+000,-2.13415e+001,6.70732e+000,-1.66463e+001
-1.35958e-005,-2.85344e-006,-3.85742e-002,9.91211e-002,1.14307e+000,-2.19512e+001,5.48780e+000,-1.56707e+001
-5.01869e-005,-1.25887e-005,-1.95313e-003,9.76563e-002,1.13135e+000,-2.17683e+001,4.45122e+000,-1.28049e+001
-7.20073e-005,-3.02129e-006,8.74023e-002,8.88672e-002,1.08691e+000,-2.12195e+001,4.93902e+000,-1.12805e+001
-8.00641e-005,3.18914e-006,1.30859e-001,8.05664e-002,1.06836e+000,-2.03049e+001,9.75610e+000,-9.26829e+000
-8.54353e-005,2.51774e-006,2.08008e-001,6.44531e-002,1.05420e+000,-1.95122e+001,1.40854e+001,-8.23171e+000
-1.14305e-004,3.86053e-006,2.41699e-001,5.61523e-002,1.06006e+000,-1.82317e+001,2.40854e+001,-6.82927e+000
-1.11955e-004,5.87472e-006,2.80273e-001,5.02930e-002,1.11865e+000,-1.78049e+001,2.94512e+001,-6.70732e+000
-1.16991e-004,1.59457e-005,2.82227e-001,4.93164e-002,1.15137e+000,-1.75610e+001,3.89634e+001,-6.52439e+000
-1.21187e-004,4.73335e-005,2.71973e-001,4.83398e-002,1.17920e+000,-1.64634e+001,4.40244e+001,-6.64634e+000
-1.08598e-004,3.57519e-005,2.60742e-001,4.73633e-002,1.17529e+000,-1.56098e+001,4.56707e+001,-6.46341e+000
-9.28206e-005,3.23949e-005,2.27051e-001,4.29688e-002,1.12988e+000,-1.23171e+001,4.83537e+001,-6.15854e+000
-1.67849e-005,2.85344e-005,2.09473e-001,4.39453e-002,1.07422e+000,-9.87805e+000,5.00610e+001,-5.48780e+000
3.54162e-005,8.89601e-006,1.61133e-001,2.63672e-002,9.72656e-001,-5.24390e+000,5.37805e+001,-3.41463e+000
7.90570e-005,-1.30922e-005,1.28906e-001,1.90430e-002,9.44336e-001,-3.23171e+000,5.65244e+001,-2.19512e+000
1.08431e-004,-3.34020e-005,4.39453e-002,-1.26953e-002,8.71094e-001,7.31707e-001,6.14024e+001,3.04878e-001
9.39956e-005,-2.90379e-005,1.12305e-002,-3.46680e-002,8.37402e-001,2.92683e+000,6.23171e+001,1.82927e+000
5.35439e-005,5.70687e-006,-4.19922e-002,-1.00098e-001,7.67090e-001,6.70732e+000,6.08537e+001,5.12195e+000
1.15816e-005,9.03029e-005,-8.05664e-002,-1.41602e-001,7.19727e-001,8.04878e+000,5.74390e+001,7.31707e+000
-3.64233e-005,2.12329e-004,-1.35742e-001,-2.42188e-001,5.92285e-001,1.13415e+001,4.66463e+001,1.29878e+001
-6.36149e-005,1.37301e-004,-1.66016e-001,-3.13965e-001,4.58008e-001,1.18293e+001,4.06707e+001,1.55488e+001
-6.52934e-005,1.22194e-004,-1.68945e-001,-3.26660e-001,4.32617e-001,1.15244e+001,3.32927e+001,1.64024e+001
-7.30144e-005,1.86313e-005,-1.33301e-001,-2.92480e-001,4.20410e-001,1.23171e+001,3.28049e+001,1.40244e+001
-8.76173e-005,-1.69696e-004,-9.47266e-002,-2.44629e-001,4.24316e-001,1.57317e+001,3.83537e+001,2.92683e+000
-8.17426e-005,-2.41871e-004,1.66016e-002,-1.05957e-001,4.61914e-001,1.79268e+001,4.28049e+001,-3.71951e+000
-7.13359e-005,-6.05936e-005,7.32422e-002,-2.00195e-002,5.05371e-001,2.24390e+001,5.35366e+001,-1.39634e+001
-6.93217e-005,-3.37377e-005,1.49414e-001,1.74805e-001,6.52832e-001,2.31707e+001,5.82317e+001,-1.75000e+001
-4.09552e-005,-4.75013e-005,1.69922e-001,2.56836e-001,7.27051e-001,2.26220e+001,6.52439e+001,-2.19512e+001
3.77661e-005,-4.31373e-005,1.42578e-001,3.76953e-001,8.09082e-001,2.24390e+001,6.65854e+001,-2.25610e+001
9.18135e-005,-5.47189e-005,1.03027e-001,4.15527e-001,8.18359e-001,2.24390e+001,6.31707e+001,-2.26220e+001
1.04906e-004,-6.93217e-005,-1.12305e-002,4.22363e-001,7.80273e-001,2.28659e+001,5.42073e+001,-2.12805e+001
9.71847e-005,-1.31929e-004,-8.98438e-002,3.95508e-001,7.46094e-001,2.28049e+001,4.84756e+001,-2.04878e+001
5.11940e-005,-1.75738e-004,-2.46582e-001,2.87109e-001,6.90918e-001,2.00610e+001,3.43293e+001,-1.96951e+001
1.57778e-005,-1.24041e-004,-3.18848e-001,2.16309e-001,6.77734e-001,1.82927e+001,2.63415e+001,-1.95122e+001
2.58488e-005,-7.26787e-005,-4.13574e-001,8.15430e-002,6.82129e-001,1.37195e+001,1.09146e+001,-1.94512e+001
8.17426e-005,-5.80758e-005,-4.33105e-001,2.19727e-002,6.91406e-001,1.12805e+001,3.65854e+000,-1.93902e+001
1.08934e-004,-8.76173e-005,-4.09180e-001,-8.69141e-002,7.33887e-001,7.98780e+000,-9.08537e+000,-1.95732e+001
9.65133e-005,-9.04707e-005,-3.75488e-001,-1.26465e-001,7.58789e-001,7.43902e+000,-1.44512e+001,-1.95732e+001
6.29435e-005,-7.06645e-005,-2.70508e-001,-1.54785e-001,7.93945e-001,6.70732e+000,-2.24390e+001,-1.84146e+001
2.46738e-005,-7.45251e-005,-2.05566e-001,-1.50879e-001,8.00781e-001,6.64634e+000,-2.49390e+001,-1.76220e+001
-2.33310e-005,-1.66171e-004,-8.10547e-002,-1.18652e-001,8.18359e-001,5.73171e+000,-2.93293e+001,-1.65854e+001
-6.76432e-005,-2.88701e-005,-4.88281e-004,-7.86133e-002,8.57422e-001,7.37805e+000,-2.85976e+001,-1.64024e+001
-8.42603e-005,3.45434e-004,1.90430e-002,-5.27344e-002,8.35449e-001,1.18902e+001,-2.51829e+001,-1.57927e+001
-8.45960e-005,2.93904e-004,3.80859e-002,1.31836e-002,8.41797e-001,1.37195e+001,-2.40854e+001,-1.65854e+001
-7.53643e-005,8.91279e-005,3.27148e-002,3.80859e-002,8.46191e-001,1.62195e+001,-2.00610e+001,-1.84146e+001
-9.70169e-005,2.10651e-004,3.41797e-003,9.22852e-002,8.54980e-001,1.76829e+001,-1.74390e+001,-1.92683e+001
-1.05241e-004,1.96719e-004,-1.41602e-002,1.17676e-001,8.63281e-001,1.93902e+001,-1.37805e+001,-2.11585e+001
-9.50027e-005,1.32097e-004,-4.73633e-002,1.62598e-001,8.66699e-001,2.00000e+001,-1.22561e+001,-2.15854e+001
-1.01717e-004,1.38476e-004,-6.39648e-002,1.71387e-001,8.61816e-001,2.10366e+001,-8.71951e+000,-2.09756e+001
-1.17662e-004,1.44350e-005,-7.12891e-002,1.78223e-001,8.23730e-001,2.14024e+001,-7.43902e+000,-2.04878e+001
-1.12627e-004,-4.31373e-005,-6.98242e-002,1.72363e-001,7.91016e-001,2.27439e+001,-5.42683e+000,-1.92683e+001
-9.65133e-005,-1.15480e-004,-7.37305e-002,1.53320e-001,7.26074e-001,2.39634e+001,-4.32927e+000,-1.85366e+001
-6.46220e-005,-1.38811e-004,-8.10547e-002,1.37695e-001,7.08496e-001,2.43293e+001,-4.20732e+000,-1.81707e+001
-2.06455e-005,5.87472e-006,-1.01074e-001,9.42383e-002,6.79199e-001,2.53659e+001,-3.59756e+000,-1.85976e+001
1.84634e-006,-5.53903e-005,-1.11816e-001,7.22656e-002,6.65527e-001,2.67073e+001,-3.65854e+000,-1.81098e+001
5.05226e-005,-4.28016e-005,-1.49414e-001,3.12500e-002,6.23047e-001,2.97561e+001,-4.93902e+000,-1.85976e+001
5.22011e-005,2.80308e-005,-1.69922e-001,1.51367e-002,5.84473e-001,3.13415e+001,-5.60976e+000,-1.88415e+001
3.77661e-005,9.56741e-006,-2.07520e-001,-4.39453e-003,4.96094e-001,3.43293e+001,-8.23171e+000,-1.90244e+001
3.65911e-005,-1.79599e-005,-2.22168e-001,-1.17188e-002,4.49707e-001,3.56098e+001,-1.00000e+001,-1.96341e+001
6.10971e-005,-8.56031e-006,-2.54883e-001,-1.66016e-002,3.81348e-001,3.68902e+001,-1.36585e+001,-2.00610e+001
1.00206e-004,-2.46738e-005,-2.72949e-001,-1.70898e-002,3.63770e-001,3.68902e+001,-1.56707e+001,-2.00000e+001
9.01350e-005,-1.44350e-005,-2.99316e-001,-1.31836e-002,3.56445e-001,3.67683e+001,-2.07927e+001,-1.99390e+001
4.61585e-005,1.42672e-005,-3.09570e-001,-6.83594e-003,3.47168e-001,3.65854e+001,-2.37195e+001,-2.02439e+001
2.50095e-005,3.94446e-005,-3.13965e-001,1.95313e-003,3.35449e-001,3.63415e+001,-3.10366e+001,-2.09756e+001
-1.89670e-005,5.38796e-005,-3.14453e-001,2.39258e-002,2.94434e-001,3.58537e+001,-3.51220e+001,-2.18293e+001
-2.92058e-005,4.31373e-005,-3.13965e-001,3.61328e-002,2.84668e-001,3.37195e+001,-4.39024e+001,-2.31707e+001
-5.37118e-006,3.42412e-005,-3.16895e-001,6.98242e-002,3.16406e-001,3.18293e+001,-4.79268e+001,-2.38415e+001
2.18204e-005,3.34020e-005,-3.09570e-001,8.34961e-002,3.62793e-001,2.56098e+001,-5.60976e+001,-2.54268e+001
6.41184e-005,-1.84634e-006,-2.90039e-001,1.07910e-001,5.38086e-001,2.19512e+001,-5.86585e+001,-2.60976e+001
4.88441e-005,-6.26078e-005,-2.74902e-001,1.21094e-001,6.36719e-001,1.61585e+001,-6.19512e+001,-2.75000e+001
-2.36667e-005,-6.56291e-005,-2.26563e-001,1.55762e-001,8.00781e-001,1.37195e+001,-6.39634e+001,-2.84756e+001
-5.72366e-005,-8.56031e-006,-1.95801e-001,1.71875e-001,8.56445e-001,8.71951e+000,-6.85366e+001,-3.00610e+001
-3.10521e-005,1.39818e-004,-1.36719e-001,2.04590e-001,9.37500e-001,3.53659e+000,-7.34146e+001,-3.17073e+001
-1.81277e-005,2.18036e-004,-1.07422e-001,2.14844e-001,9.55078e-001,8.53659e-001,-7.62805e+001,-3.14024e+001
-6.94896e-005,2.04608e-004,-3.80859e-002,2.35352e-001,9.39941e-001,-3.10976e+000,-8.21951e+001,-3.09756e+001
-7.36858e-005,1.22698e-004,4.88281e-004,2.37305e-001,9.30664e-001,-5.24390e+000,-8.46341e+001,-3.01220e+001
-5.18654e-005,-2.16526e-005,7.37305e-002,2.35352e-001,9.22852e-001,-8.41463e+000,-8.65244e+001,-2.77439e+001
6.37827e-006,-1.05577e-004,1.04980e-001,2.29004e-001,9.22852e-001,-9.57317e+000,-8.55488e+001,-2.61585e+001
4.11231e-005,-1.01381e-004,1.64063e-001,2.16309e-001,9.33105e-001,-9.93902e+000,-8.24390e+001,-2.26220e+001
4.81727e-005,-9.61776e-005,1.92871e-001,2.05566e-001,9.41895e-001,-9.93902e+000,-8.10976e+001,-2.09756e+001
1.99741e-005,-6.00900e-005,2.34375e-001,1.98242e-001,9.63379e-001,-8.59756e+000,-7.71341e+001,-1.59756e+001
-1.22530e-005,-4.02838e-006,2.54395e-001,1.92383e-001,9.75098e-001,-8.71951e+000,-7.53049e+001,-1.36585e+001
-2.24918e-005,6.69719e-005,2.59766e-001,1.89941e-001,1.03027e+000,-7.68293e+000,-6.93293e+001,-9.87805e+000
-7.98962e-005,1.36797e-004,2.50488e-001,1.88965e-001,1.12891e+000,-7.13415e+000,-6.57317e+001,-7.98780e+000
-1.39147e-004,1.18166e-004,2.34863e-001,1.98730e-001,1.17383e+000,-7.80488e+000,-5.76829e+001,-4.32927e+000
-1.12795e-004,2.36667e-005,2.07520e-001,2.27539e-001,1.29199e+000,-8.59756e+000,-5.29878e+001,-2.56098e+000
-8.72816e-005,7.88891e-006,2.02148e-001,2.45605e-001,1.35840e+000,-1.19512e+001,-4.04878e+001,1.34146e+000
-9.95346e-005,2.16526e-005,2.05566e-001,2.77832e-001,1.46387e+000,-1.37805e+001,-3.24390e+001,3.78049e+000
-1.05913e-004,-3.34020e-005,2.12891e-001,2.90527e-001,1.49072e+000,-1.68902e+001,-1.62805e+001,9.32927e+000
-8.91279e-005,-8.42603e-005,2.71484e-001,2.97852e-001,1.50342e+000,-1.75610e+001,-8.90244e+000,1.23171e+001
-4.38087e-005,-4.88441e-005,3.10059e-001,2.88574e-001,1.47559e+000,-1.70122e+001,2.92683e+000,1.68902e+001
-2.51774e-006,4.53193e-006,3.63770e-001,2.43652e-001,1.38916e+000,-1.51829e+001,1.00610e+001,1.85976e+001
-1.51064e-005,2.65202e-005,3.93066e-001,2.03125e-001,1.34814e+000,-1.00000e+001,2.41463e+001,2.15854e+001
-3.35698e-007,3.94446e-005,4.44824e-001,1.01074e-001,1.29688e+000,-2.92683e+000,4.19512e+001,2.76829e+001
2.46738e-005,1.24041e-004,4.65332e-001,4.58984e-002,1.25732e+000,1.64634e+000,5.17683e+001,3.28659e+001
1.72885e-005,1.45190e-004,4.96582e-001,-1.51367e-002,1.25586e+000,7.86585e+000,6.81707e+001,4.40854e+001
2.33310e-005,4.91798e-005,4.49707e-001,-6.34766e-003,1.31738e+000,1.08537e+001,6.98781e+001,4.73171e+001
8.89601e-006,-1.84634e-006,2.19727e-001,5.81055e-002,1.53174e+000,1.79878e+001,4.57317e+001,4.60366e+001
-3.27306e-005,1.29244e-005,3.90625e-002,8.88672e-002,1.57764e+000,2.60976e+001,2.46951e+001,3.96341e+001
-2.06455e-005,-1.66171e-005,-3.68164e-001,9.91211e-002,1.35303e+000,4.07927e+001,-1.28659e+001,2.89634e+001
1.20851e-005,-5.45510e-005,-4.92188e-001,4.93164e-002,1.17627e+000,4.31098e+001,-2.47561e+001,2.82317e+001
1.79599e-005,-3.81018e-005,-5.61523e-001,-1.23047e-001,8.74023e-001,3.56098e+001,-3.74390e+001,3.43902e+001
3.07164e-005,-6.34470e-005,-5.48340e-001,-1.88477e-001,8.17383e-001,2.74390e+001,-4.38415e+001,3.82317e+001
6.49577e-005,-1.13970e-004,-5.66406e-001,-2.16797e-001,8.57422e-001,1.25610e+001,-5.87195e+001,4.26220e+001
1.21355e-004,-1.80941e-004,-5.41016e-001,-1.73340e-001,8.93066e-001,7.98780e+000,-6.53659e+001,4.55488e+001
1.21355e-004,-1.66842e-004,-4.60938e-001,-1.39648e-001,8.67676e-001,5.42683e+000,-6.70732e+001,5.45122e+001
1.30251e-004,-9.43313e-005,-2.29004e-001,-8.78906e-002,7.96387e-001,5.48780e+000,-6.18902e+001,5.89024e+001
1.34279e-004,-1.06584e-004,-1.03516e-001,-6.44531e-002,7.83203e-001,5.12195e+000,-4.86585e+001,6.49390e+001
4.88441e-005,-9.68490e-005,9.32617e-002,-2.44141e-003,8.25684e-001,5.36585e+000,-4.22561e+001,6.52439e+001
-1.39315e-005,-2.33310e-005,1.65039e-001,3.46680e-002,8.67676e-001,6.52439e+000,-3.09146e+001,6.30488e+001
-6.86503e-005,4.12909e-005,2.77344e-001,1.03516e-001,9.60938e-001,7.13415e+000,-2.65854e+001,6.04878e+001
-1.57443e-004,7.67071e-005,3.04199e-001,1.21582e-001,1.00146e+000,9.63415e+000,-2.03049e+001,5.48171e+001
-2.03433e-004,4.93477e-005,3.28125e-001,1.42578e-001,1.02930e+000,1.31098e+001,-1.63415e+001,4.92683e+001
-1.97223e-004,3.20592e-005,3.25684e-001,1.32324e-001,1.02881e+000,1.40244e+001,-1.51220e+001,4.65854e+001
-1.35958e-004,4.95155e-005,2.76855e-001,1.09375e-001,1.00830e+000,1.63415e+001,-1.28049e+001,3.98171e+001
-7.36858e-005,1.32601e-005,2.35840e-001,9.57031e-002,9.84375e-001,1.71341e+001,-1.09756e+001,3.61585e+001
-2.68559e-005,-6.69719e-005,1.25000e-001,7.86133e-002,9.41895e-001,1.83537e+001,-7.98780e+000,2.96951e+001
9.31563e-005,-1.03563e-004,6.93359e-002,7.51953e-002,9.25293e-001,1.82317e+001,-7.25610e+000,2.69512e+001
9.68490e-005,-3.94446e-005,-1.66016e-002,6.29883e-002,9.17480e-001,1.62805e+001,-6.09756e+000,2.31098e+001
1.40993e-005,-3.65911e-005,-4.29688e-002,5.66406e-002,9.18457e-001,1.47561e+001,-6.28049e+000,2.19512e+001
-3.47448e-005,-4.04517e-005,-6.34766e-002,5.85938e-002,9.44824e-001,1.12805e+001,-6.09756e+000,2.13415e+001
-5.05226e-005,-1.56100e-005,-5.22461e-002,5.02930e-002,9.66309e-001,9.08537e+000,-6.03659e+000,2.20122e+001
-2.43381e-005,-2.36667e-005,-7.32422e-003,5.85938e-002,1.00293e+000,5.85366e+000,-4.75610e+000,2.32317e+001
-2.11490e-005,-3.15557e-005,2.39258e-002,6.49414e-002,1.02539e+000,4.45122e+000,-3.84146e+000,2.36585e+001
-7.21752e-005,-4.31373e-005,8.83789e-002,7.51953e-002,1.06104e+000,1.82927e+000,-1.52439e+000,2.43293e+001
-5.00191e-005,-6.73075e-005,1.39160e-001,9.37500e-002,1.07764e+000,1.58537e+000,4.26829e-001,2.44512e+001
1.66171e-005,-9.55062e-005,1.57715e-001,1.01074e-001,1.08594e+000,-1.21951e-001,5.00000e+000,2.44512e+001
8.56031e-006,-1.10948e-004,1.87012e-001,1.25488e-001,1.10596e+000,-3.65854e-001,7.37805e+000,2.41463e+001
-1.91348e-005,-6.27756e-005,1.87988e-001,1.31348e-001,1.11670e+000,-1.34146e+000,1.30488e+001,2.36585e+001
-2.63523e-005,-2.90379e-005,1.73828e-001,1.38672e-001,1.12256e+000,-1.40244e+000,1.58537e+001,2.34146e+001
-1.59457e-005,4.33051e-005,1.59668e-001,1.35254e-001,1.12695e+000,-2.74390e+000,2.04268e+001,2.25000e+001
1.04067e-005,1.20348e-004,1.07910e-001,1.30859e-001,1.13330e+000,-3.41463e+000,2.26220e+001,2.23171e+001
3.86053e-006,1.19677e-004,8.69141e-002,1.28906e-001,1.12451e+000,-4.39024e+000,2.59756e+001,2.20122e+001
7.88891e-006,3.77661e-005,3.85742e-002,1.22070e-001,1.09717e+000,-5.67073e+000,2.89634e+001,2.15854e+001
3.00450e-005,-3.82696e-005,1.17188e-002,1.21094e-001,1.08447e+000,-7.01220e+000,2.96951e+001,2.19512e+001
-3.02129e-006,-5.08583e-005,-2.88086e-002,1.25977e-001,1.06494e+000,-8.59756e+000,3.10976e+001,2.23780e+001
-5.65652e-005,-4.34730e-005,-3.61328e-002,1.26953e-001,1.05518e+000,-9.87805e+000,3.13415e+001,2.28049e+001
-6.02579e-005,-5.06905e-005,-4.68750e-002,1.29395e-001,1.03564e+000,-1.19512e+001,3.16463e+001,2.34146e+001
-3.25628e-005,-3.64233e-005,-5.32227e-002,1.33301e-001,1.02637e+000,-1.26220e+001,3.15244e+001,2.35366e+001
-5.53903e-005,8.39246e-007,-5.95703e-002,1.31348e-001,1.00732e+000,-1.38415e+001,3.02439e+001,2.35366e+001
-7.26787e-005,2.40024e-005,-5.71289e-002,1.30859e-001,1.00049e+000,-1.43293e+001,2.90244e+001,2.31707e+001
-4.24659e-005,3.37377e-005,-7.12891e-002,1.36719e-001,9.79980e-001,-1.56098e+001,2.75610e+001,2.21341e+001
-2.29953e-005,1.34279e-006,-7.76367e-002,1.39648e-001,9.71191e-001,-1.67683e+001,2.64634e+001,2.14024e+001
1.05745e-005,-4.14588e-005,-9.86328e-002,1.40625e-001,9.67773e-001,-1.80488e+001,2.24390e+001,1.85976e+001
1.25887e-005,-6.66362e-005,-1.11816e-001,1.38672e-001,9.62402e-001,-1.85976e+001,2.05488e+001,1.77439e+001
3.50805e-005,-1.09270e-004,-1.37695e-001,1.33789e-001,9.63867e-001,-1.92073e+001,1.54878e+001,1.49390e+001
6.16007e-005,-1.42504e-004,-1.47949e-001,1.15234e-001,9.58008e-001,-1.89634e+001,1.23171e+001,1.33537e+001
5.08583e-005,-1.08095e-004,-1.49902e-001,1.10352e-001,9.53613e-001,-1.89634e+001,6.95122e+000,1.00000e+001
4.78370e-005,-4.88441e-005,-1.46484e-001,1.04492e-001,9.27246e-001,-1.89024e+001,4.32927e+000,8.29268e+000
4.24659e-005,-1.39315e-005,-1.45996e-001,1.02539e-001,9.08691e-001,-1.90854e+001,4.87805e-001,5.00000e+000
4.14588e-005,-1.57778e-005,-1.46484e-001,1.02051e-001,9.01367e-001,-1.93902e+001,-7.92683e-001,3.84146e+000
-1.77920e-005,-2.23239e-005,-1.43555e-001,1.02051e-001,9.03809e-001,-1.92683e+001,-4.08537e+000,-1.21951e-001
-1.11284e-004,-3.57519e-005,-1.36719e-001,1.00586e-001,8.98926e-001,-1.79878e+001,-4.81707e+000,-2.19512e+000
-1.28573e-004,-4.48157e-005,-1.35742e-001,1.04980e-001,8.94043e-001,-1.53659e+001,-5.06098e+000,-5.36585e+000
-1.67681e-004,-5.03548e-007,-1.32813e-001,1.19141e-001,9.06738e-001,-1.25610e+001,-6.15854e+000,-9.08537e+000
-1.54253e-004,4.78370e-005,-1.34277e-001,1.28418e-001,9.10645e-001,-1.14634e+001,-6.28049e+000,-1.12195e+001
-7.46929e-005,2.26596e-005,-1.33789e-001,1.34277e-001,9.16504e-001,-9.26829e+000,-7.37805e+000,-1.49390e+001
4.33051e-005,-1.39315e-005,-1.33301e-001,1.39160e-001,9.14063e-001,-9.26829e+000,-8.23171e+000,-1.68293e+001
1.29076e-004,-3.30663e-005,-1.35742e-001,1.36719e-001,9.30176e-001,-7.68293e+000,-9.02439e+000,-2.08537e+001
8.02319e-005,-8.05676e-006,-1.40137e-001,1.33301e-001,9.41895e-001,-7.25610e+000,-1.01829e+001,-2.26829e+001
6.22721e-005,-1.84634e-006,-1.35742e-001,1.19629e-001,9.34082e-001,-4.75610e+000,-1.14024e+001,-2.67073e+001
5.69009e-005,-2.08133e-005,-1.31836e-001,1.15234e-001,9.21387e-001,-3.90244e+000,-1.16463e+001,-2.86585e+001
3.39055e-005,-3.35698e-005,-1.07910e-001,1.07910e-001,8.86719e-001,-2.92683e+000,-1.12805e+001,-3.16463e+001
2.83665e-005,-3.54162e-005,-9.61914e-002,1.07422e-001,8.83789e-001,-3.65854e+000,-1.07317e+001,-3.26220e+001
-1.51064e-005,-4.11231e-005,-7.03125e-002,9.57031e-002,9.24805e-001,-4.08537e+000,-9.14634e+000,-3.35976e+001
-3.13878e-005,-3.86053e-005,-7.56836e-002,9.81445e-002,9.41895e-001,-4.02439e+000,-8.96342e+000,-3.40854e+001
-4.01160e-005,-2.83665e-005,-8.64258e-002,7.91016e-002,9.48730e-001,-3.59756e+000,-9.02439e+000,-3.13415e+001
-5.42153e-005,-2.23239e-005,-5.37109e-002,6.64063e-002,9.63379e-001,-3.59756e+000,-9.51220e+000,-2.95732e+001
-2.83665e-005,-3.44091e-005,-3.71094e-002,6.15234e-002,9.55566e-001,-2.86585e+000,-9.39024e+000,-2.80488e+001
-3.17235e-005,-4.46479e-005,-1.41602e-002,5.85938e-002,9.17480e-001,-1.89024e+000,-7.98780e+000,-2.82927e+001
3.52483e-006,-4.54871e-005,1.46484e-003,6.05469e-002,9.21875e-001,-1.52439e+000,-4.14634e+000,-2.92683e+001
2.53452e-005,9.23171e-006,2.92969e-002,6.93359e-002,9.60449e-001,-1.03659e+000,-1.95122e+000,-3.00610e+001
-2.63523e-005,2.43381e-005,4.24805e-002,7.12891e-002,9.80957e-001,-1.21951e-001,3.29268e+000,-3.03659e+001
-5.69009e-005,-8.89601e-006,5.85938e-002,8.54492e-002,1.01416e+000,7.92683e-001,6.34146e+000,-2.96341e+001
-8.27497e-005,-2.66880e-005,6.44531e-002,8.78906e-002,1.03711e+000,1.76829e+000,1.22561e+001,-2.71341e+001
-1.00542e-004,-3.87732e-005,9.81445e-002,1.06445e-001,1.06738e+000,3.04878e+000,1.86585e+001,-2.43902e+001
-7.15038e-005,-4.17945e-005,1.13281e-001,1.14746e-001,1.07910e+000,3.17073e+000,2.16463e+001,-2.29268e+001
2.24918e-005,-5.55581e-005,1.55273e-001,1.25488e-001,1.09229e+000,4.32927e+000,2.84146e+001,-2.09146e+001
9.71847e-005,-7.97284e-005,1.78223e-001,1.20117e-001,1.09326e+000,5.73171e+000,3.24390e+001,-1.98171e+001
7.16716e-005,-5.48867e-005,2.12402e-001,1.14746e-001,1.07031e+000,8.10976e+000,4.10976e+001,-1.79268e+001
2.29953e-005,3.27306e-005,2.20703e-001,1.13770e-001,1.05859e+000,8.96342e+000,4.54878e+001,-1.71341e+001
-1.29244e-005,7.23430e-005,2.17773e-001,1.02051e-001,1.03613e+000,1.10366e+001,5.40244e+001,-1.57927e+001
8.39246e-007,6.16007e-005,2.12891e-001,1.04492e-001,1.02637e+000,1.20732e+001,5.71951e+001,-1.53049e+001
4.02838e-006,4.14588e-005,1.82617e-001,1.08887e-001,1.03955e+000,1.14634e+001,6.14024e+001,-1.46341e+001
1.86313e-005,2.66880e-005,1.51367e-001,1.07910e-001,1.04102e+000,1.11585e+001,6.28659e+001,-1.39634e+001
2.38346e-005,7.88891e-006,1.04004e-001,1.09863e-001,1.06738e+000,9.63415e+000,6.29268e+001,-1.22561e+001
-3.54162e-005,1.81277e-005,8.10547e-002,1.02051e-001,1.08838e+000,8.84146e+000,6.28659e+001,-1.14634e+001
-7.80499e-005,4.63264e-005,1.66016e-002,8.34961e-002,1.08740e+000,8.41463e+000,6.08537e+001,-9.75610e+000
-7.72107e-005,2.19883e-005,-4.29688e-002,6.83594e-002,1.03711e+000,8.29268e+000,5.85976e+001,-9.14634e+000
-7.73785e-005,-8.56031e-006,-7.95898e-002,6.73828e-002,1.00391e+000,9.26829e+000,5.47561e+001,-7.92683e+000
-6.02579e-005,-2.66880e-005,-1.52832e-001,5.95703e-002,9.23828e-001,9.14634e+000,5.27439e+001,-7.92683e+000
-3.60876e-005,7.88891e-006,-1.82617e-001,5.12695e-002,8.60352e-001,1.04268e+001,4.76829e+001,-7.50000e+000
-1.57778e-005,3.44091e-005,-2.38770e-001,1.46484e-003,7.05078e-001,1.15244e+001,4.39634e+001,-6.89024e+000
-2.34989e-005,1.99741e-005,-2.57324e-001,-3.32031e-002,6.11328e-001,1.43902e+001,3.60366e+001,-3.17073e+000
-3.30663e-005,2.14847e-005,-2.70020e-001,-1.30371e-001,4.33594e-001,1.56098e+001,3.28049e+001,-1.82927e-001
-5.53903e-006,3.18914e-005,-2.58789e-001,-1.78711e-001,3.83789e-001,1.72561e+001,2.93293e+001,6.09756e+000
3.47448e-005,3.45769e-005,-1.85547e-001,-2.32910e-001,3.80371e-001,1.67683e+001,2.64634e+001,9.08537e+000
3.00450e-005,3.00450e-005,-1.07422e-001,-2.19238e-001,4.10645e-001,1.68902e+001,2.49390e+001,7.37805e+000
2.90379e-005,3.20592e-005,6.54297e-002,-1.04004e-001,5.26855e-001,1.82317e+001,2.24390e+001,-3.53659e+000
1.64492e-005,4.01160e-005,1.34766e-001,-1.70898e-002,5.95215e-001,1.87195e+001,2.23171e+001,-1.02439e+001
6.21042e-006,3.86053e-005,2.09961e-001,1.49414e-001,6.68945e-001,1.97561e+001,2.12195e+001,-2.00000e+001
-7.04967e-006,3.79339e-005,2.19238e-001,2.21680e-001,6.81152e-001,2.00610e+001,2.07317e+001,-2.21951e+001
-2.46738e-005,5.79080e-005,1.87012e-001,3.32031e-001,6.91895e-001,1.89634e+001,1.60366e+001,-2.26829e+001
-4.14588e-005,7.13359e-005,1.36719e-001,3.67676e-001,6.96777e-001,1.76829e+001,1.29268e+001,-2.21951e+001
-6.00900e-005,9.21492e-005,-8.30078e-003,3.75488e-001,7.14355e-001,1.47561e+001,8.10976e+000,-2.10366e+001
-6.59647e-005,9.98703e-005,-9.47266e-002,3.50098e-001,7.30469e-001,1.30488e+001,5.42683e+000,-1.99390e+001
-4.31373e-005,8.91279e-005,-2.37305e-001,2.50977e-001,7.58789e-001,9.14634e+000,-2.01220e+000,-1.60976e+001
-1.99741e-005,6.42863e-005,-2.86133e-001,1.94336e-001,7.75391e-001,7.31707e+000,-6.09756e+000,-1.42073e+001
1.76242e-005,3.30663e-005,-3.13477e-001,8.30078e-002,8.04199e-001,3.71951e+000,-1.56707e+001,-1.16463e+001
3.55840e-005,1.12459e-005,-2.87109e-001,-2.92969e-003,8.17383e-001,2.31707e+000,-2.05488e+001,-1.15854e+001
2.85344e-005,1.19173e-005,-2.66602e-001,-3.46680e-002,8.23242e-001,-6.09756e-002,-2.93902e+001,-1.27439e+001
6.88182e-006,7.98962e-005,-2.08496e-001,-7.17773e-002,8.12988e-001,-1.15854e+000,-3.38415e+001,-1.31707e+001
-9.56741e-006,6.69719e-005,-1.69922e-001,-9.13086e-002,8.45215e-001,-3.23171e+000,-4.21951e+001,-1.42073e+001
-2.56809e-005,3.65911e-005,-1.16699e-001,-1.04980e-001,8.46680e-001,-1.64634e+000,-4.37805e+001,-1.44512e+001
-4.73335e-005,3.60876e-005,-9.42383e-002,-1.01563e-001,8.27637e-001,9.14634e-001,-4.80488e+001,-1.53659e+001
-4.75013e-005,3.52483e-006,-7.86133e-002,-7.32422e-002,8.06152e-001,2.19512e+000,-4.98781e+001,-1.60366e+001
-3.03807e-005,-6.29435e-005,-8.05664e-002,-5.22461e-002,8.06641e-001,3.17073e+000,-5.51220e+001,-1.74390e+001
2.18204e-006,-7.88891e-005,-1.16211e-001,1.70898e-002,8.34961e-001,3.65854e+000,-6.04268e+001,-1.85366e+001
1.82956e-005,2.33310e-005,-1.26953e-001,4.54102e-002,8.51563e-001,3.71951e+000,-6.26829e+001,-1.89024e+001
1.09102e-005,3.30663e-005,-1.30371e-001,1.16699e-001,8.71094e-001,3.17073e+000,-6.65244e+001,-1.85366e+001
-7.04967e-006,1.40993e-005,-1.25488e-001,1.42090e-001,8.66211e-001,3.53659e+000,-6.85976e+001,-1.82317e+001
-1.19173e-005,5.13619e-005,-1.08887e-001,1.73340e-001,8.53027e-001,4.14634e+000,-7.25000e+001,-1.67683e+001
-3.44091e-005,1.05409e-004,-9.81445e-002,1.73340e-001,8.35449e-001,4.81707e+000,-7.40244e+001,-1.59146e+001
-4.48157e-005,-7.55322e-006,-7.37305e-002,1.59180e-001,7.73438e-001,5.79268e+000,-7.60976e+001,-1.39024e+001
-4.59907e-005,-1.72045e-004,-5.90820e-002,1.39160e-001,7.31445e-001,6.95122e+000,-7.61585e+001,-1.28659e+001
-6.69719e-005,-1.14641e-004,-3.61328e-002,9.27734e-002,6.54785e-001,8.10976e+000,-7.60976e+001,-1.12195e+001
-7.33501e-005,4.53193e-006,-2.68555e-002,6.59180e-002,6.23047e-001,9.57317e+000,-7.51220e+001,-1.07317e+001
-2.13169e-005,2.73594e-005,-1.46484e-002,1.90430e-002,5.58105e-001,1.20732e+001,-7.29878e+001,-1.08537e+001
1.40826e-004,9.95346e-005,-1.17188e-002,-6.83594e-003,5.33691e-001,1.31707e+001,-7.26220e+001,-1.11585e+001
2.65034e-004,1.71878e-004,-9.76563e-003,-3.85742e-002,5.16113e-001,1.51220e+001,-7.32317e+001,-1.17073e+001
2.65705e-004,9.51705e-005,-1.61133e-002,-5.46875e-002,5.42480e-001,1.61585e+001,-7.35366e+001,-1.15244e+001
2.22736e-004,2.98772e-005,-2.00195e-002,-5.22461e-002,5.78125e-001,1.69512e+001,-7.45732e+001,-1.18293e+001
2.16022e-004,-2.43381e-005,-3.32031e-002,-2.78320e-002,6.78711e-001,1.67073e+001,-7.45122e+001,-1.15854e+001
1.01884e-004,-1.13466e-004,-3.75977e-002,-5.85938e-003,7.17773e-001,1.66463e+001,-7.19512e+001,-1.17683e+001
-9.04707e-005,-1.46532e-004,-3.75977e-002,4.58984e-002,7.70020e-001,1.61585e+001,-7.04878e+001,-1.21951e+001
-2.58152e-004,-1.03563e-004,-3.85742e-002,6.78711e-002,7.88574e-001,1.58537e+001,-6.59146e+001,-1.16463e+001
-2.71077e-004,-2.48417e-005,-2.14844e-002,1.14746e-001,8.27637e-001,1.56707e+001,-6.34756e+001,-1.15854e+001
-2.34318e-004,-5.79080e-005,-4.88281e-004,1.32813e-001,8.44727e-001,1.56098e+001,-5.61585e+001,-1.03049e+001
-2.26764e-004,-7.10002e-005,5.27344e-002,1.54297e-001,8.59375e-001,1.48171e+001,-4.83537e+001,-8.96342e+000
-2.31128e-004,-6.86503e-005,7.76367e-002,1.62598e-001,8.54492e-001,1.53659e+001,-4.46951e+001,-8.29268e+000
-2.02594e-004,-1.74395e-004,1.17188e-001,1.66504e-001,8.36426e-001,1.45732e+001,-3.76829e+001,-7.56098e+000
-9.04707e-005,4.24659e-005,1.38672e-001,1.62109e-001,8.43262e-001,1.42683e+001,-3.44512e+001,-7.62195e+000
5.45510e-005,4.14588e-004,1.77246e-001,1.52344e-001,8.55469e-001,1.36585e+001,-2.85976e+001,-7.74390e+000
1.45861e-004,2.69734e-004,1.86035e-001,1.46973e-001,8.66211e-001,1.30488e+001,-2.62195e+001,-8.29268e+000
2.25422e-004,2.90379e-005,1.92871e-001,1.32324e-001,8.79883e-001,1.31098e+001,-2.25000e+001,-9.32927e+000
1.81109e-004,-2.03098e-005,1.92871e-001,1.20605e-001,8.76465e-001,1.38415e+001,-2.19512e+001,-8.96342e+000
7.78820e-005,1.46868e-004,1.78223e-001,1.23047e-001,8.24219e-001,1.49390e+001,-2.12195e+001,-8.23171e+000
-5.47189e-005,2.23407e-004,1.72363e-001,1.25488e-001,8.17871e-001,1.23171e+001,-2.27439e+001,-7.43902e+000
-1.48882e-004,8.97993e-005,1.61133e-001,1.11328e-001,8.56445e-001,1.01220e+001,-2.42683e+001,-5.12195e+000
-1.54925e-004,-2.16526e-005,1.56738e-001,1.13281e-001,8.57422e-001,8.78049e+000,-2.46951e+001,-4.02439e+000
-8.56031e-006,7.23430e-005,1.31836e-001,1.22559e-001,8.44727e-001,5.54878e+000,-2.32317e+001,-9.14634e-001
2.98604e-004,8.74495e-005,1.04004e-001,1.31348e-001,8.71094e-001,2.98780e+000,-2.22561e+001,4.87805e-001
4.70817e-004,2.38346e-005,9.37500e-002,1.33789e-001,9.10156e-001,-9.14634e-001,-1.89024e+001,4.69512e+000
3.99313e-004,-1.67849e-006,9.13086e-002,1.37207e-001,9.73633e-001,-2.43902e+000,-1.70732e+001,6.58537e+000
1.14641e-004,-3.64233e-005,9.57031e-002,1.38672e-001,9.93652e-001,-5.85366e+000,-1.54268e+001,1.14634e+001
-2.63355e-004,-1.38140e-004,1.27930e-001,1.39160e-001,1.02783e+000,-7.19512e+000,-1.50610e+001,1.38415e+001
-4.58396e-004,-2.10987e-004,1.44043e-001,1.39648e-001,1.05225e+000,-9.51220e+000,-1.68902e+001,1.81098e+001
-5.66995e-004,-2.89540e-004,1.64551e-001,1.45996e-001,1.09814e+000,-1.06707e+001,-1.91463e+001,1.97561e+001
-6.09964e-004,-2.23911e-004,1.84570e-001,1.50879e-001,1.11621e+000,-1.30488e+001,-2.35976e+001,2.31098e+001
-4.76860e-004,1.86313e-005,2.16309e-001,1.60156e-001,1.12793e+000,-1.48780e+001,-2.38415e+001,2.70122e+001
-3.35195e-004,-6.12650e-005,2.26563e-001,1.59668e-001,1.12646e+000,-1.50610e+001,-2.14024e+001,2.85366e+001
-7.57000e-005,3.40734e-005,2.41699e-001,1.57715e-001,1.13184e+000,-1.56707e+001,-1.44512e+001,3.28049e+001
9.01350e-005,4.18616e-004,2.54883e-001,1.50391e-001,1.13477e+000,-1.50610e+001,-1.01829e+001,3.48780e+001
1.66003e-004,2.93233e-004,2.92480e-001,1.37207e-001,1.12500e+000,-1.33537e+001,-9.75610e-001,3.90244e+001
1.89502e-004,-3.13878e-005,3.11523e-001,1.25488e-001,1.11426e+000,-1.22561e+001,5.12195e+000,4.11585e+001
1.11955e-004,-6.42863e-005,3.54492e-001,1.03027e-001,1.09033e+000,-8.65854e+000,2.01829e+001,4.49390e+001
1.22530e-005,6.54612e-006,3.73535e-001,8.20313e-002,1.07568e+000,-5.85366e+000,2.92073e+001,4.62805e+001
-3.05486e-005,1.07927e-004,4.23340e-001,2.73438e-002,1.05029e+000,1.28049e+000,4.87805e+001,4.82927e+001
-9.28206e-005,7.35180e-005,4.41895e-001,4.39453e-003,1.04980e+000,4.93902e+000,5.89024e+001,4.83537e+001
-1.90845e-004,2.06455e-005,4.31641e-001,-2.34375e-002,1.09961e+000,1.12195e+001,7.25000e+001,4.78659e+001
-6.34470e-005,2.67216e-004,4.05273e-001,-2.05078e-002,1.15869e+000,1.38415e+001,7.42073e+001,4.81707e+001
2.22232e-004,3.13207e-004,2.87598e-001,5.17578e-002,1.33350e+000,1.52439e+001,6.45122e+001,4.93293e+001
2.82994e-004,-7.40215e-005,1.01074e-001,1.32324e-001,1.61182e+000,1.29268e+001,4.98781e+001,4.90854e+001
1.48211e-004,-2.52949e-004,-2.92969e-002,1.66016e-001,1.67188e+000,1.38415e+001,5.91463e+000,4.10976e+001
5.77401e-005,-3.38552e-004,-4.37012e-001,2.02148e-001,1.53027e+000,1.60976e+001,-1.64634e+001,3.31098e+001
-3.15557e-005,-4.58396e-004,-6.37207e-001,1.97266e-001,1.38867e+000,1.85366e+001,-5.14634e+001,1.74390e+001
-1.43175e-004,-3.20256e-004,-8.32520e-001,1.26465e-001,1.08789e+000,1.76220e+001,-6.35366e+001,1.42073e+001
-1.66842e-004,-1.99908e-004,-8.35938e-001,6.73828e-002,9.63867e-001,1.43902e+001,-7.48171e+001,1.60976e+001
-1.46029e-005,-1.72045e-004,-7.66113e-001,-5.61523e-002,7.71973e-001,1.29268e+001,-7.59756e+001,1.72561e+001
1.65667e-004,3.22438e-004,-7.22656e-001,-1.03516e-001,7.08984e-001,1.00610e+001,-6.93902e+001,1.91463e+001
3.05486e-005,3.74807e-004,-5.58594e-001,-1.37207e-001,6.64551e-001,8.59756e+000,-5.32927e+001,2.65854e+001
1.02388e-005,4.53193e-005,-4.15527e-001,-1.10840e-001,6.81641e-001,8.35366e+000,-4.20732e+001,3.25000e+001
7.10002e-005,5.87472e-005,-1.03027e-001,-2.24609e-002,8.14941e-001,6.70732e+000,-1.71341e+001,4.57317e+001
1.15816e-005,7.38537e-006,5.46875e-002,3.56445e-002,9.22363e-001,5.60976e+000,-4.45122e+000,5.21951e+001
-1.09102e-005,-4.19623e-005,3.24707e-001,1.50391e-001,1.14111e+000,4.14634e+000,1.79878e+001,6.41463e+001
-1.63989e-004,2.74098e-004,4.44336e-001,1.92383e-001,1.22803e+000,4.20732e+000,2.71341e+001,6.95732e+001
-2.43885e-004,5.61120e-004,6.41113e-001,2.37305e-001,1.31299e+000,5.85366e+000,3.84756e+001,7.58537e+001
-2.11658e-004,3.76318e-004,7.07031e-001,2.39746e-001,1.30029e+000,6.46341e+000,4.07317e+001,7.54268e+001
-2.29114e-004,-1.61135e-005,7.34863e-001,2.24609e-001,1.20215e+000,7.31707e+000,4.21341e+001,6.96341e+001
-1.60464e-004,-2.47913e-004,7.02148e-001,2.07520e-001,1.14941e+000,6.82927e+000,4.08537e+001,6.46341e+001
1.41497e-004,-1.62646e-004,5.44922e-001,1.70898e-001,1.06836e+000,5.00000e+000,3.75610e+001,5.47561e+001
3.33852e-004,6.19364e-005,4.44336e-001,1.55762e-001,1.04053e+000,2.98780e+000,3.59146e+001,5.10366e+001
3.01793e-004,9.73526e-005,2.50977e-001,1.25000e-001,1.03711e+000,-6.70732e-001,3.26829e+001,4.69512e+001
1.82788e-004,6.88182e-006,1.22070e-001,1.02051e-001,1.05859e+000,-2.68293e+000,3.10976e+001,4.60976e+001
4.98512e-005,-1.66339e-004,8.20313e-002,9.37500e-002,1.07324e+000,-9.26829e+000,2.68293e+001,4.59756e+001
-1.99741e-005,-3.17739e-004,4.24805e-002,7.91016e-002,1.09814e+000,-1.26829e+001,2.48171e+001,4.63415e+001
-1.95880e-004,-9.61776e-005,3.07617e-002,7.76367e-002,1.10498e+000,-2.09146e+001,2.03049e+001,4.73171e+001
-3.73465e-004,3.11025e-004,3.36914e-002,8.30078e-002,1.11328e+000,-2.46951e+001,1.85366e+001,4.78049e+001
-2.39185e-004,1.99573e-004,3.51563e-002,9.08203e-002,1.11572e+000,-3.19512e+001,1.48780e+001,4.80488e+001
-5.89151e-005,-1.84802e-004,2.88086e-002,1.07910e-001,1.12061e+000,-3.44512e+001,1.29268e+001,4.79268e+001
1.84634e-006,2.66880e-005,1.80664e-002,1.20605e-001,1.12451e+000,-3.87805e+001,8.10976e+000,4.65854e+001
1.04906e-004,3.31502e-004,-1.07422e-002,1.35254e-001,1.11035e+000,-4.00610e+001,5.00000e+000,4.37805e+001
2.41871e-004,1.18502e-004,-2.39258e-002,1.39648e-001,1.09326e+000,-4.06098e+001,3.41463e+000,4.21341e+001
3.02800e-004,-1.40154e-004,-6.39648e-002,1.37207e-001,1.06445e+000,-4.15854e+001,7.31707e-001,3.84146e+001
2.59327e-004,-1.91516e-004,-8.39844e-002,1.32813e-001,1.05469e+000,-4.18293e+001,-8.53659e-001,3.65854e+001
1.31929e-004,-1.63317e-004,-1.15234e-001,1.08398e-001,1.03369e+000,-4.16463e+001,-5.00000e+000,3.28049e+001
-3.81018e-005,-1.58618e-004,-1.26465e-001,9.32617e-002,1.02295e+000,-4.09756e+001,-6.58537e+000,3.07927e+001
-1.69192e-004,-1.15480e-004,-1.45020e-001,6.29883e-002,1.00586e+000,-3.91463e+001,-9.14634e+000,2.76220e+001
-2.61341e-004,-7.03288e-005,-1.45508e-001,4.93164e-002,1.00244e+000,-3.75000e+001,-1.06098e+001,2.56707e+001
-8.54353e-005,-3.64233e-005,-1.27930e-001,3.02734e-002,9.88281e-001,-3.49390e+001,-1.40854e+001,2.14024e+001
1.91012e-004,8.97993e-005,-1.24023e-001,2.53906e-002,9.82910e-001,-3.31098e+001,-1.53659e+001,1.93293e+001
2.42878e-004,6.12650e-005,-1.09375e-001,1.46484e-002,9.57520e-001,-3.08537e+001,-1.79268e+001,1.51829e+001
2.10651e-004,-1.99237e-004,-9.52148e-002,1.46484e-002,9.40430e-001,-3.01220e+001,-1.89634e+001,1.30488e+001
2.21057e-004,-2.45563e-004,-6.68945e-002,1.31836e-002,9.25781e-001,-2.79268e+001,-2.01829e+001,9.63415e+000
1.18502e-004,-1.39147e-004,-3.17383e-002,1.95313e-002,9.20898e-001,-2.67683e+001,-2.04268e+001,8.04878e+000
-3.74304e-005,-5.75723e-005,-1.36719e-002,1.70898e-002,9.23340e-001,-2.39634e+001,-1.92683e+001,5.30488e+000
-1.45861e-004,-4.98512e-005,2.63672e-002,2.53906e-002,9.12598e-001,-2.21341e+001,-1.83537e+001,3.71951e+000
-2.54292e-004,-6.22721e-005,4.93164e-002,3.07617e-002,9.12598e-001,-1.88415e+001,-1.55488e+001,3.04878e-001
-3.34020e-004,-2.85344e-006,6.93359e-002,3.85742e-002,9.22852e-001,-1.77439e+001,-1.34146e+001,-1.70732e+000
-2.84169e-004,3.92599e-004,7.81250e-002,3.90625e-002,9.32617e-001,-1.49390e+001,-1.04268e+001,-5.85366e+000
-5.69009e-005,3.05989e-004,8.10547e-002,3.85742e-002,9.14551e-001,-1.28049e+001,-8.47561e+000,-7.92683e+000
7.77142e-005,4.54871e-005,8.00781e-002,4.24805e-002,9.12598e-001,-8.96342e+000,-2.92683e+000,-1.15244e+001
1.30755e-004,-4.19623e-006,8.25195e-002,4.54102e-002,9.10156e-001,-5.24390e+000,2.92683e+000,-1.57927e+001
1.52743e-004,-4.04517e-005,8.39844e-002,4.63867e-002,9.07715e-001,-2.98780e+000,5.67073e+000,-1.82927e+001
1.41497e-004,-6.16007e-005,8.83789e-002,5.22461e-002,9.01367e-001,-6.09756e-002,1.00610e+001,-2.34756e+001
7.04967e-006,-4.34730e-005,8.83789e-002,5.27344e-002,8.95996e-001,1.28049e+000,1.30488e+001,-2.55488e+001
-1.78424e-004,-6.79789e-005,7.37305e-002,5.51758e-002,8.92090e-001,2.62195e+000,1.87195e+001,-2.96341e+001
-2.52613e-004,-1.59625e-004,6.64063e-002,5.22461e-002,8.94531e-001,3.29268e+000,2.04878e+001,-3.10366e+001
-2.47242e-004,-1.80774e-004,4.58984e-002,5.37109e-002,8.92578e-001,5.48780e+000,2.36585e+001,-3.39024e+001
-7.80499e-005,-1.69528e-005,3.80859e-002,5.32227e-002,8.99414e-001,6.15854e+000,2.51829e+001,-3.53049e+001
2.42878e-004,2.13169e-005,2.63672e-002,5.27344e-002,9.10156e-001,8.23171e+000,2.74390e+001,-3.70732e+001
4.76692e-004,2.03098e-005,1.80664e-002,5.41992e-002,8.92578e-001,9.26829e+000,2.82317e+001,-3.81098e+001
3.87228e-004,-4.98512e-005,-3.07617e-002,4.98047e-002,9.07227e-001,1.01220e+001,3.02439e+001,-3.99390e+001
1.64996e-004,-1.45357e-004,-4.63867e-002,4.34570e-002,8.90137e-001,1.07927e+001,3.07317e+001,-3.94512e+001
-2.29953e-005,-1.37804e-004,-2.73438e-002,3.61328e-002,8.50098e-001,1.23171e+001,3.20122e+001,-3.72561e+001
-3.02632e-004,-1.00877e-004,-2.88086e-002,3.36914e-002,8.33984e-001,1.26829e+001,3.15854e+001,-3.68293e+001
-5.62127e-004,-9.70169e-005,-4.15039e-002,3.90625e-002,8.31543e-001,1.42073e+001,2.87195e+001,-3.79268e+001
-4.94484e-004,2.36667e-005,-6.78711e-002,5.90820e-002,8.55469e-001,1.45732e+001,2.75000e+001,-3.86585e+001
-2.56809e-004,2.48920e-004,-7.86133e-002,6.54297e-002,8.71094e-001,1.26829e+001,2.61585e+001,-3.90854e+001
-9.95346e-005,2.61006e-004,-8.44727e-002,7.95898e-002,9.11621e-001,1.20732e+001,2.70122e+001,-3.88415e+001
-5.53903e-006,2.36667e-005,-8.83789e-002,8.83789e-002,9.24805e-001,9.69512e+000,2.92683e+001,-3.73780e+001
7.88891e-006,-1.63317e-004,-5.71289e-002,1.01074e-001,9.51660e-001,9.20732e+000,3.04268e+001,-3.60976e+001
-2.46738e-005,-2.54963e-004,-3.61328e-002,1.01074e-001,9.59473e-001,1.01829e+001,3.28659e+001,-3.28049e+001
-1.76242e-005,-1.96887e-004,1.46484e-002,9.81445e-002,9.49219e-001,1.17073e+001,3.56707e+001,-2.88415e+001
6.07614e-005,1.34112e-004,3.75977e-002,1.00098e-001,9.39453e-001,1.17073e+001,3.68293e+001,-2.71341e+001
2.95247e-004,3.29824e-004,7.56836e-002,9.13086e-002,9.25293e-001,1.25610e+001,3.86585e+001,-2.50000e+001
3.76150e-004,1.37636e-004,9.61914e-002,8.54492e-002,9.27734e-001,1.24390e+001,3.92073e+001,-2.43293e+001
3.47616e-004,-2.09308e-004,1.01563e-001,8.25195e-002,9.58008e-001,1.21951e+001,4.07927e+001,-2.33537e+001
2.83665e-004,-4.51179e-004,9.76563e-002,8.15430e-002,9.79980e-001,1.18293e+001,4.15854e+001,-2.32317e+001
-4.53193e-005,-2.59663e-004,9.86328e-002,8.25195e-002,1.03760e+000,9.57317e+000,4.46951e+001,-2.20732e+001
-4.56382e-004,8.07355e-005,9.37500e-002,8.20313e-002,1.08252e+000,8.17073e+000,4.67073e+001,-2.10976e+001
-4.78202e-004,1.87823e-004,8.30078e-002,7.47070e-002,1.12207e+000,5.12195e+000,4.93902e+001,-1.82317e+001
-3.60876e-004,-6.86503e-005,7.91016e-002,6.93359e-002,1.12500e+000,3.96341e+000,5.00000e+001,-1.68293e+001
-2.00916e-004,-2.27771e-004,7.81250e-002,6.44531e-002,1.09570e+000,3.04878e+000,5.11585e+001,-1.39634e+001
7.72107e-006,-1.46532e-004,6.15234e-002,6.54297e-002,1.06836e+000,3.10976e+000,5.26220e+001,-1.30488e+001
1.38140e-004,-5.99222e-005,3.66211e-002,5.27344e-002,1.01855e+000,2.80488e+000,5.43902e+001,-1.13415e+001
1.54589e-004,-1.78759e-004,0.00000e+000,3.27148e-002,8.97949e-001,3.65854e+000,5.59756e+001,-1.04878e+001
6.99931e-005,-1.10613e-004,-2.44141e-002,2.14844e-002,8.20313e-001,6.52439e+000,5.66463e+001,-8.90244e+000
-1.25887e-004,4.44633e-004,-1.00586e-001,-1.31836e-002,6.81152e-001,8.23171e+000,5.63415e+001,-7.80488e+000
-1.61471e-004,3.55337e-004,-1.39648e-001,-3.85742e-002,6.10840e-001,1.17073e+001,5.43293e+001,-5.85366e+000
9.56741e-006,-6.81468e-005,-2.07031e-001,-1.07422e-001,4.85840e-001,1.34146e+001,5.25610e+001,-4.75610e+000
8.56031e-005,6.54612e-006,-2.35840e-001,-1.55273e-001,4.40918e-001,1.63415e+001,4.94512e+001,-2.01220e+000
9.18135e-005,-7.15038e-005,-2.82715e-001,-2.36328e-001,3.82813e-001,1.76829e+001,4.82927e+001,-1.03659e+000
4.64942e-005,-1.44183e-004,-2.85156e-001,-2.61719e-001,3.65723e-001,1.98780e+001,4.53659e+001,5.48781e-001
3.00450e-005,-6.05936e-005,-2.44629e-001,-2.70996e-001,3.90625e-001,2.25610e+001,3.96951e+001,-1.40244e+000
6.21042e-006,3.70947e-005,-2.02637e-001,-2.32910e-001,4.21387e-001,2.42073e+001,3.75610e+001,-4.57317e+000
5.03548e-007,1.25887e-005,-8.78906e-002,-9.08203e-002,5.15625e-001,2.66463e+001,3.61585e+001,-1.43902e+001
-6.54612e-006,-8.67781e-005,-2.73438e-002,-2.44141e-003,5.64941e-001,2.75000e+001,3.75610e+001,-2.01829e+001
-1.67849e-007,-6.00900e-005,5.81055e-002,1.70898e-001,6.41602e-001,2.82317e+001,3.95732e+001,-2.84146e+001
2.60166e-005,1.56100e-005,8.25195e-002,2.39746e-001,6.76270e-001,2.76829e+001,3.98171e+001,-3.14634e+001
6.42863e-005,-1.42672e-005,9.17969e-002,3.31543e-001,7.09961e-001,2.67683e+001,3.83537e+001,-3.29268e+001
5.03548e-005,-3.17235e-005,7.37305e-002,3.53027e-001,7.18262e-001,2.60366e+001,3.68293e+001,-3.23171e+001
-1.76242e-005,-7.55322e-006,1.85547e-002,3.49609e-001,7.34863e-001,2.37195e+001,3.04878e+001,-3.08537e+001
-6.36149e-005,-8.89601e-006,-2.49023e-002,3.19336e-001,7.48535e-001,2.20122e+001,2.71341e+001,-3.00000e+001
1.37636e-005,-8.39246e-006,-1.38672e-001,2.28516e-001,7.74902e-001,1.91463e+001,1.96341e+001,-2.81098e+001
3.81018e-005,-3.10521e-005,-1.95801e-001,1.77734e-001,7.88086e-001,1.78659e+001,1.50610e+001,-2.67683e+001
3.08843e-005,-4.44800e-005,-2.82715e-001,6.64063e-002,8.18848e-001,1.56098e+001,6.21951e+000,-2.49390e+001
3.35698e-007,-2.34989e-005,-3.29102e-001,-2.83203e-002,8.42773e-001,1.49390e+001,1.82927e+000,-2.43293e+001
-5.47189e-005,-9.56741e-006,-3.31055e-001,-6.59180e-002,8.51563e-001,1.41463e+001,-6.34146e+000,-2.39634e+001
-3.99481e-005,-2.29953e-005,-3.06152e-001,-1.13281e-001,8.61816e-001,1.39024e+001,-9.69512e+000,-2.40854e+001
-2.83665e-005,-4.06195e-005,-2.80762e-001,-1.21582e-001,8.64746e-001,1.42683e+001,-1.52439e+001,-2.39634e+001
-1.09102e-005,-2.66880e-005,-2.07031e-001,-1.13770e-001,8.67676e-001,1.45732e+001,-1.73780e+001,-2.38415e+001
7.06645e-005,-3.27306e-005,-1.78711e-001,-9.86328e-002,8.67188e-001,1.51220e+001,-2.04268e+001,-2.37195e+001
1.21187e-004,-5.32082e-005,-1.10840e-001,-4.58984e-002,8.65723e-001,1.53049e+001,-2.15244e+001,-2.32927e+001
6.02579e-005,-2.26596e-005,-8.64258e-002,-2.34375e-002,8.76953e-001,1.57927e+001,-2.25610e+001,-2.17073e+001
-1.93027e-005,-3.69268e-006,-5.12695e-002,4.00391e-002,8.66211e-001,1.84146e+001,-2.14634e+001,-1.89634e+001
-4.49836e-005,-3.07164e-005,-4.19922e-002,6.78711e-002,8.63281e-001,1.90854e+001,-2.06098e+001,-1.76829e+001
-1.01549e-004,-1.84634e-006,-3.46680e-002,1.18164e-001,8.69141e-001,2.05488e+001,-1.82317e+001,-1.53659e+001
-1.06920e-004,2.56809e-005,-2.58789e-002,1.37207e-001,8.70117e-001,2.15854e+001,-1.70732e+001,-1.40244e+001
-4.85084e-005,-1.35958e-005,-6.34766e-003,1.62598e-001,8.77441e-001,2.32317e+001,-1.45732e+001,-1.14634e+001
-1.71206e-005,7.55322e-006,3.90625e-003,1.73828e-001,8.80859e-001,2.35976e+001,-1.32317e+001,-1.01220e+001
-1.02388e-005,5.97543e-005,3.02734e-002,1.72363e-001,8.90137e-001,2.37195e+001,-8.71951e+000,-8.04878e+000
-5.03548e-007,5.82437e-005,4.68750e-002,1.67969e-001,8.94531e-001,2.41463e+001,-6.15854e+000,-7.01220e+000
9.23171e-006,2.76951e-005,8.44727e-002,1.48438e-001,8.87695e-001,2.46341e+001,-1.95122e+000,-5.36585e+000
3.86053e-006,8.72816e-006,9.66797e-002,1.39648e-001,8.82813e-001,2.51829e+001,-4.87805e-001,-3.96341e+000
-2.87022e-005,1.72885e-005,1.07910e-001,1.16211e-001,8.90625e-001,2.54268e+001,2.01220e+000,-2.74390e+000
-5.33761e-005,1.19173e-005,1.09863e-001,1.06934e-001,8.82813e-001,2.58537e+001,3.04878e+000,-1.58537e+000
-3.87732e-005,-1.52743e-005,8.69141e-002,9.61914e-002,8.44727e-001,2.68902e+001,3.04878e+000,0.00000e+000
-2.85344e-006,-1.29244e-005,4.63867e-002,8.49609e-002,8.10059e-001,2.68902e+001,2.92683e+000,6.70732e-001
2.70237e-005,8.39246e-006,2.00195e-002,8.34961e-002,7.95898e-001,2.76220e+001,2.37805e+000,1.15854e+000
2.40024e-005,6.21042e-006,-3.22266e-002,7.61719e-002,7.73438e-001,2.83537e+001,1.89024e+000,8.53659e-001
-6.10971e-005,1.07424e-005,-6.68945e-002,7.37305e-002,7.55371e-001,2.93293e+001,-5.48781e-001,3.04878e-001
-9.21492e-005,3.44091e-005,-1.33301e-001,7.42188e-002,7.25586e-001,2.96341e+001,-1.89024e+000,-2.43902e-001
-4.98512e-005,4.17945e-005,-1.63086e-001,7.22656e-002,7.06055e-001,2.94512e+001,-6.40244e+000,-1.03659e+000
-5.11940e-005,1.76242e-005,-2.27051e-001,7.86133e-002,6.51367e-001,2.89634e+001,-9.39024e+000,-1.89024e+000
-5.69009e-005,4.53193e-006,-2.58301e-001,7.76367e-002,6.25488e-001,2.73171e+001,-1.53659e+001,-2.80488e+000
-4.17945e-005,1.34279e-006,-3.00781e-001,7.27539e-002,5.94727e-001,2.46951e+001,-2.12805e+001,-3.90244e+000
6.21042e-006,6.04257e-006,-3.12988e-001,6.93359e-002,5.79102e-001,2.34756e+001,-2.39634e+001,-4.26829e+000
6.88182e-006,3.00450e-005,-3.14941e-001,5.41992e-002,5.45410e-001,2.09146e+001,-2.97561e+001,-5.54878e+000
-6.88182e-006,3.97803e-005,-3.00293e-001,4.39453e-002,5.24902e-001,2.02439e+001,-3.29878e+001,-6.15854e+000
1.32601e-005,-1.51064e-006,-2.60742e-001,3.22266e-002,4.90234e-001,1.87805e+001,-3.96341e+001,-7.98780e+000
-1.15816e-005,-2.36667e-005,-2.40723e-001,3.02734e-002,4.82910e-001,1.84756e+001,-4.29878e+001,-9.02439e+000
-3.91089e-005,-4.04517e-005,-2.06543e-001,2.29492e-002,4.91699e-001,1.73780e+001,-5.03049e+001,-1.14634e+001
-2.70237e-005,-1.54421e-005,-1.90918e-001,2.44141e-002,5.08301e-001,1.64634e+001,-5.37195e+001,-1.17683e+001
-1.42672e-005,2.29953e-005,-1.59668e-001,2.68555e-002,5.70801e-001,1.42683e+001,-5.91463e+001,-1.32317e+001
-4.69978e-005,2.06455e-005,-1.51367e-001,3.12500e-002,6.06934e-001,1.26829e+001,-6.06707e+001,-1.34756e+001
-1.82956e-005,-1.99741e-005,-1.32813e-001,3.80859e-002,6.83105e-001,9.69512e+000,-6.25610e+001,-1.40854e+001
9.06386e-006,-3.99481e-005,-1.19141e-001,4.88281e-002,7.24609e-001,8.29268e+000,-6.31098e+001,-1.46951e+001
-1.17494e-006,-3.91089e-005,-9.13086e-002,6.20117e-002,7.84668e-001,5.24390e+000,-6.48781e+001,-1.56707e+001
4.86763e-005,-1.24208e-005,-6.93359e-002,8.25195e-002,8.03711e-001,4.14634e+000,-6.58537e+001,-1.61585e+001
2.34989e-004,1.94705e-005,-6.05469e-002,9.32617e-002,8.14941e-001,2.74390e+000,-6.65854e+001,-1.69512e+001
2.23239e-004,8.72816e-006,-5.22461e-002,1.24512e-001,8.45215e-001,2.43902e+000,-6.68293e+001,-1.75610e+001
1.30922e-004,8.22461e-006,-4.05273e-002,1.37207e-001,8.68652e-001,9.14634e-001,-6.54268e+001,-1.84146e+001
6.05936e-005,3.81018e-005,-3.12500e-002,1.63086e-001,9.13086e-001,6.09756e-002,-6.43293e+001,-1.84756e+001
-1.46532e-004,1.51064e-005,-2.19727e-002,1.73828e-001,9.16992e-001,-9.75610e-001,-6.12805e+001,-1.75000e+001
-3.40566e-004,2.51774e-006,2.92969e-003,1.93359e-001,9.21387e-001,-1.89024e+000,-5.96341e+001,-1.63415e+001
-2.29114e-004,6.54612e-006,1.95313e-002,1.95313e-001,9.34082e-001,-3.29268e+000,-5.41463e+001,-1.35976e+001
-1.79431e-004,3.57519e-005,6.25000e-002,1.98242e-001,9.39453e-001,-4.87805e+000,-4.51829e+001,-1.00610e+001
-2.26261e-004,6.54612e-005,9.08203e-002,1.97754e-001,9.35547e-001,-5.54878e+000,-4.04878e+001,-7.56098e+000
-1.31929e-004,5.48867e-005,1.48926e-001,1.89453e-001,9.65332e-001,-5.73171e+000,-3.03659e+001,-2.80488e+000
-7.87213e-005,3.37377e-005,1.77734e-001,1.81641e-001,9.90234e-001,-5.00000e+000,-2.53049e+001,-4.87805e-001
-5.05226e-005,2.19883e-005,2.11914e-001,1.67969e-001,1.04150e+000,-2.74390e+000,-1.35366e+001,5.24390e+000
-2.16526e-005,5.03548e-007,2.26074e-001,1.67969e-001,1.07520e+000,-2.19512e+000,-8.10976e+000,7.80488e+000
-1.25887e-005,-3.07164e-005,2.48047e-001,1.72363e-001,1.13867e+000,-1.09756e+000,2.37805e+000,1.37805e+001
-4.86763e-006,-7.88891e-006,2.52441e-001,1.80176e-001,1.16455e+000,-1.03659e+000,6.52439e+000,1.63415e+001
2.53452e-005,6.54612e-006,2.39746e-001,2.06055e-001,1.21924e+000,-1.52439e+000,1.24390e+001,2.15854e+001
4.86763e-005,-1.14137e-005,2.29980e-001,2.23145e-001,1.23193e+000,-2.37805e+000,1.39024e+001,2.35366e+001
5.11940e-005,-2.11490e-005,2.01172e-001,2.56348e-001,1.24805e+000,-4.57317e+000,1.54268e+001,2.68293e+001
6.36149e-005,-3.37377e-005,1.84570e-001,2.62207e-001,1.25488e+000,-5.06098e+000,1.64634e+001,2.82927e+001
6.26078e-005,-4.28016e-005,1.45996e-001,2.59277e-001,1.27246e+000,-4.81707e+000,2.08537e+001,3.07927e+001
4.63264e-005,-2.33310e-005,1.03516e-001,2.34863e-001,1.26123e+000,-4.39024e+000,2.41463e+001,3.22561e+001
5.75723e-005,2.61845e-005,9.17969e-002,2.14844e-001,1.27490e+000,-4.14634e+000,2.76220e+001,3.73780e+001
6.91539e-005,3.05486e-005,9.22852e-002,1.93848e-001,1.39502e+000,-3.78049e+000,2.53049e+001,3.94512e+001
4.14588e-005,3.07164e-005,9.32617e-002,2.05566e-001,1.49316e+000,-4.51220e+000,7.98780e+000,4.18293e+001
2.03098e-005,9.06386e-006,0.00000e+000,2.49023e-001,1.60986e+000,-4.20732e+000,-5.24390e+000,4.18293e+001
5.03548e-006,1.76242e-005,-1.00586e-001,2.84180e-001,1.56592e+000,1.09756e+000,-3.51220e+001,3.73171e+001
-5.03548e-007,2.92058e-005,-3.30078e-001,2.92480e-001,1.36816e+000,3.35366e+000,-4.96341e+001,3.21341e+001
-1.76242e-005,3.97803e-005,-4.15527e-001,2.53906e-001,1.25098e+000,5.79268e+000,-7.13415e+001,2.19512e+001
-6.99931e-005,6.86503e-005,-4.57031e-001,9.71680e-002,1.10107e+000,6.09756e+000,-8.48171e+001,1.45122e+001
-1.10613e-004,6.46220e-005,-4.57031e-001,8.30078e-003,1.06885e+000,5.42683e+000,-8.95122e+001,1.13415e+001
-1.09941e-004,3.13878e-005,-5.05371e-001,-1.03516e-001,1.07422e+000,2.86585e+000,-9.93293e+001,5.91463e+000
-9.01350e-005,5.03548e-007,-5.47852e-001,-1.19141e-001,1.08936e+000,1.64634e+000,-1.03659e+002,4.02439e+000
-5.89151e-005,-2.83665e-005,-5.68359e-001,-1.07422e-001,1.07129e+000,-6.70732e-001,-1.08049e+002,7.50000e+000
-3.47448e-005,-4.83406e-005,-5.20996e-001,-9.27734e-002,1.04688e+000,-2.07317e+000,-1.06829e+002,1.29878e+001
-4.19623e-006,-6.22721e-005,-3.31055e-001,-6.34766e-002,9.65820e-001,-3.59756e+000,-9.73781e+001,2.49390e+001
9.23171e-006,-5.99222e-005,-2.08496e-001,-5.22461e-002,9.34570e-001,-3.78049e+000,-8.93902e+001,3.04878e+001
6.21042e-006,-9.06386e-006,4.73633e-002,-2.09961e-002,9.01855e-001,-2.43902e+000,-6.87195e+001,3.85366e+001
1.42672e-005,-7.55322e-006,1.79688e-001,-4.88281e-004,9.07227e-001,-1.64634e+000,-5.77439e+001,4.07317e+001
4.53193e-006,-2.46738e-005,4.09180e-001,6.44531e-002,9.61914e-001,1.58537e+000,-3.40244e+001,4.23780e+001
4.86763e-006,-1.59457e-005,4.89746e-001,9.57031e-002,1.00000e+000,2.80488e+000,-2.34146e+001,4.12805e+001
1.09102e-005,-1.69528e-005,5.90332e-001,1.58691e-001,1.06543e+000,7.13415e+000,-4.57317e+000,3.81098e+001
1.67849e-007,-2.14847e-005,6.15723e-001,1.89453e-001,1.10791e+000,8.84146e+000,2.74390e+000,3.67683e+001
6.37827e-006,-2.87022e-005,6.01074e-001,1.98730e-001,1.11475e+000,1.34146e+001,1.39024e+001,3.19512e+001
1.05745e-005,-4.51514e-005,5.10742e-001,2.07520e-001,1.10840e+000,1.59146e+001,1.78659e+001,2.89634e+001
5.53903e-006,-4.53193e-005,4.43848e-001,2.05078e-001,1.09375e+000,1.86585e+001,2.23171e+001,2.24390e+001
-1.32601e-005,-1.17494e-006,2.82715e-001,1.86035e-001,1.06250e+000,1.95732e+001,2.31707e+001,1.94512e+001
-2.98772e-005,3.47448e-005,1.98242e-001,1.73340e-001,1.04639e+000,1.98171e+001,2.26220e+001,1.44512e+001
-2.58488e-005,6.19364e-005,2.97852e-002,1.48438e-001,1.01074e+000,1.93902e+001,2.12805e+001,1.20732e+001
-2.85344e-006,1.09773e-004,-3.80859e-002,1.33789e-001,1.00098e+000,1.60976e+001,1.73780e+001,9.39024e+000
-1.66171e-005,1.34615e-004,-1.27441e-001,1.10352e-001,9.82910e-001,1.21341e+001,1.29878e+001,8.84146e+000
-4.01160e-005,1.64996e-004,-1.49414e-001,9.96094e-002,9.81445e-001,9.57317e+000,1.05488e+001,9.08537e+000
-4.98512e-005,2.02426e-004,-1.57715e-001,9.47266e-002,9.85840e-001,4.32927e+000,5.85366e+000,1.10976e+001
-4.26337e-005,1.42504e-004,-1.47461e-001,9.91211e-002,9.95605e-001,1.21951e+000,4.08537e+000,1.23171e+001
-2.16526e-005,6.76432e-005,-9.57031e-002,1.16699e-001,1.02344e+000,-3.71951e+000,2.19512e+000,1.57927e+001
-1.82956e-005,3.13878e-005,-5.71289e-002,1.25977e-001,1.03857e+000,-6.28049e+000,1.64634e+000,1.78049e+001
-3.02129e-005,-1.55932e-004,1.02539e-002,1.50391e-001,1.07861e+000,-9.93902e+000,9.75610e-001,2.13415e+001
-4.88441e-005,-1.72045e-004,4.68750e-002,1.62109e-001,1.09131e+000,-1.15854e+001,8.53659e-001,2.28659e+001
-5.99222e-005,3.23949e-005,9.52148e-002,1.82617e-001,1.11475e+000,-1.37805e+001,1.03659e+000,2.46951e+001
-4.24659e-005,8.22461e-005,1.09863e-001,1.83594e-001,1.12451e+000,-1.43902e+001,1.95122e+000,2.53659e+001
-3.50805e-005,-5.79080e-005,1.24512e-001,1.79688e-001,1.12891e+000,-1.56707e+001,3.35366e+000,2.59146e+001
-3.47448e-005,-2.87861e-004,1.18652e-001,1.57715e-001,1.11719e+000,-1.60366e+001,4.57317e+000,2.57927e+001
-3.34020e-005,5.30404e-005,1.16211e-001,1.49414e-001,1.10938e+000,-1.67683e+001,7.01220e+000,2.54268e+001
-2.38346e-005,7.98962e-005,9.52148e-002,1.31348e-001,1.10010e+000,-1.73171e+001,8.41463e+000,2.50000e+001
-6.21042e-006,-9.29885e-005,8.64258e-002,1.25488e-001,1.08789e+000,-1.87195e+001,1.09756e+001,2.44512e+001
4.41444e-005,-1.18334e-004,4.73633e-002,1.17188e-001,1.07373e+000,-1.96341e+001,1.23171e+001,2.43293e+001
7.28466e-005,-6.81468e-005,3.41797e-002,1.17676e-001,1.07910e+000,-2.29268e+001,1.28049e+001,2.46951e+001
6.96574e-005,-5.80758e-005,1.36719e-002,1.12793e-001,1.05859e+000,-2.39024e+001,1.34146e+001,2.51829e+001
8.10712e-005,-1.20348e-004,6.83594e-003,1.08887e-001,1.05518e+000,-2.60366e+001,1.21341e+001,2.50610e+001
6.12650e-005,-1.50896e-004,-4.44336e-002,1.06445e-001,1.05176e+000,-2.78049e+001,9.75610e+000,2.35366e+001
3.23949e-005,-1.24712e-004,-6.25000e-002,1.01563e-001,1.04834e+000,-2.84756e+001,4.81707e+000,2.23171e+001
3.40734e-005,-9.58419e-005,-6.73828e-002,9.47266e-002,1.02490e+000,-3.00000e+001,1.21951e-001,2.21951e+001
1.02388e-005,-7.36858e-005,-6.05469e-002,9.52148e-002,1.01758e+000,-3.12805e+001,-2.37805e+000,2.18902e+001
-3.45769e-005,-4.46479e-005,-5.32227e-002,9.47266e-002,1.00000e+000,-3.25000e+001,-6.09756e+000,2.08537e+001
-7.13359e-005,-4.19623e-006,-5.85938e-002,9.61914e-002,9.90723e-001,-3.35366e+001,-8.47561e+000,2.01220e+001
-8.34211e-005,1.67849e-007,-7.12891e-002,1.07910e-001,9.79980e-001,-3.67683e+001,-1.34756e+001,1.93293e+001
-6.41184e-005,-1.51064e-006,-7.08008e-002,1.08887e-001,9.87305e-001,-3.76220e+001,-1.60976e+001,1.85366e+001
-2.53452e-005,3.77661e-005,-7.81250e-002,1.03027e-001,9.91211e-001,-3.82317e+001,-2.14024e+001,1.63415e+001
1.84634e-005,8.50996e-005,-7.61719e-002,1.00586e-001,9.97559e-001,-3.86585e+001,-2.42683e+001,1.51829e+001
2.85344e-006,5.48867e-005,-7.22656e-002,9.61914e-002,1.01416e+000,-3.78049e+001,-2.91463e+001,1.40854e+001
-1.37636e-005,-8.19104e-005,-6.93359e-002,9.91211e-002,1.01563e+000,-3.79878e+001,-3.14024e+001,1.34146e+001
-1.22530e-005,-1.25551e-004,-5.81055e-002,1.01563e-001,9.97559e-001,-3.79268e+001,-3.55488e+001,1.27439e+001
-1.30922e-005,-1.07088e-004,-4.15039e-002,9.76563e-002,1.01758e+000,-3.81098e+001,-3.70732e+001,1.22561e+001
-4.48157e-005,-2.87022e-005,-3.27148e-002,9.22852e-002,1.01904e+000,-3.68902e+001,-4.09756e+001,1.08537e+001
-5.62295e-005,-3.70947e-005,-8.30078e-003,8.30078e-002,1.01514e+000,-3.62195e+001,-4.25610e+001,1.02439e+001
-4.29694e-005,-5.60616e-005,5.85938e-003,7.32422e-002,1.01758e+000,-3.53049e+001,-4.51220e+001,8.84146e+000
-4.78370e-005,-5.03548e-007,3.71094e-002,6.29883e-002,1.01318e+000,-3.48780e+001,-4.60976e+001,8.71951e+000
-4.93477e-005,1.28405e-004,6.00586e-002,6.05469e-002,1.01172e+000,-3.43293e+001,-4.67073e+001,8.59756e+000
-3.18914e-005,2.58656e-004,1.09375e-001,5.56641e-002,1.00830e+000,-3.42683e+001,-4.62805e+001,8.53659e+000
-5.11940e-005,2.50935e-004,1.25488e-001,5.66406e-002,1.00195e+000,-3.48171e+001,-4.40244e+001,9.08537e+000
-8.02319e-005,1.53246e-004,1.58691e-001,6.49414e-002,9.90723e-001,-3.46341e+001,-4.15854e+001,9.45122e+000
-5.72366e-005,7.06645e-005,1.72852e-001,6.83594e-002,9.96094e-001,-3.49390e+001,-3.69512e+001,9.57317e+000
-1.22530e-005,1.86313e-005,2.04102e-001,7.17773e-002,9.96582e-001,-3.34146e+001,-3.11585e+001,8.59756e+000
1.35958e-005,-8.56031e-006,2.14844e-001,7.51953e-002,9.90234e-001,-3.20122e+001,-2.77439e+001,8.23171e+000
1.46029e-005,-1.29244e-005,2.12891e-001,7.37305e-002,9.55078e-001,-2.93902e+001,-1.97561e+001,6.28049e+000
-5.03548e-007,6.37827e-006,2.01172e-001,7.08008e-002,9.33105e-001,-2.81098e+001,-1.64024e+001,5.67073e+000
-2.90379e-005,3.67590e-005,1.50391e-001,5.27344e-002,9.54102e-001,-2.60976e+001,-9.26829e+000,6.09756e+000
-3.67590e-005,6.21042e-005,1.56738e-001,3.32031e-002,9.51172e-001,-2.49390e+001,-6.64634e+000,7.86585e+000
7.21752e-006,3.27306e-005,1.86523e-001,1.41602e-002,9.54102e-001,-2.30488e+001,-1.09756e+000,9.26829e+000
4.76692e-005,3.07164e-005,1.78223e-001,1.41602e-002,9.54102e-001,-2.18902e+001,1.21951e-001,7.92683e+000
5.38796e-005,-3.84375e-005,1.34766e-001,1.26953e-002,9.14551e-001,-1.97561e+001,6.70732e-001,4.32927e+000
4.46479e-005,-1.77752e-004,1.08887e-001,1.26953e-002,8.97461e-001,-1.93902e+001,7.92683e-001,2.68293e+000
2.66880e-005,-2.47578e-004,6.83594e-002,1.22070e-002,9.02344e-001,-1.96341e+001,7.31707e-001,6.09756e-001
-3.86053e-006,-1.77417e-004,4.44336e-002,1.41602e-002,9.34570e-001,-1.98171e+001,3.65854e-001,-3.65854e-001
-4.54871e-005,-2.33310e-005,3.71094e-002,1.41602e-002,9.51660e-001,-1.95732e+001,4.26829e-001,-2.31707e+000
-4.53193e-005,9.70169e-005,2.63672e-002,2.09961e-002,9.88281e-001,-1.94512e+001,6.70732e-001,-2.86585e+000
4.86763e-006,1.11116e-004,2.58789e-002,2.19727e-002,1.00293e+000,-2.00610e+001,1.82927e-001,-4.32927e+000
-5.53903e-006,1.77249e-004,2.53906e-002,2.49023e-002,1.01318e+000,-1.99390e+001,-6.09756e-002,-5.42683e+000
-1.01381e-004,1.70703e-004,2.29492e-002,2.44141e-002,1.00342e+000,-1.90244e+001,-1.82927e-001,-8.47561e+000
-1.34447e-004,8.44282e-005,3.07617e-002,2.83203e-002,9.65820e-001,-1.84756e+001,7.92683e-001,-1.02439e+001
-9.24849e-005,1.00206e-004,3.51563e-002,2.88086e-002,9.39453e-001,-1.60976e+001,4.45122e+000,-1.29268e+001
-1.96384e-005,1.02220e-004,3.66211e-002,2.09961e-002,9.03809e-001,-1.50000e+001,6.21951e+000,-1.44512e+001
2.93736e-005,3.75982e-005,3.07617e-002,2.09961e-002,8.94043e-001,-1.31098e+001,8.84146e+000,-1.66463e+001
1.76242e-005,-1.21859e-004,2.00195e-002,1.17188e-002,9.02832e-001,-1.17683e+001,1.02439e+001,-1.77439e+001
-2.26596e-005,-1.67010e-004,1.90430e-002,6.83594e-003,9.28223e-001,-1.15854e+001,1.11585e+001,-1.75610e+001
-8.89601e-006,-3.14382e-004,1.17188e-002,-4.39453e-003,9.77051e-001,-1.15244e+001,1.31098e+001,-1.71341e+001
-1.84634e-006,-3.48119e-004,1.07422e-002,-7.32422e-003,9.97070e-001,-1.17683e+001,1.46951e+001,-1.71341e+001
-6.21042e-006,-1.49554e-004,2.34375e-002,-6.83594e-003,1.03076e+000,-1.21341e+001,1.68902e+001,-1.81707e+001
2.46738e-005,2.45060e-005,2.49023e-002,-8.78906e-003,1.03516e+000,-1.17073e+001,1.77439e+001,-1.93902e+001
4.46479e-005,7.88891e-006,3.36914e-002,-3.90625e-003,9.99023e-001,-8.90244e+000,2.02439e+001,-2.25610e+001
4.33051e-005,-5.52224e-005,3.22266e-002,-1.22070e-002,9.69238e-001,-7.13415e+000,2.20122e+001,-2.41463e+001
3.40734e-005,-5.69009e-005,3.07617e-002,-1.56250e-002,8.88184e-001,-3.53659e+000,2.46951e+001,-2.49390e+001
2.51774e-005,-1.32601e-005,2.97852e-002,-2.68555e-002,8.51563e-001,-1.95122e+000,2.59756e+001,-2.40854e+001
7.72107e-006,6.12650e-005,7.32422e-003,-5.71289e-002,8.31543e-001,0.00000e+000,2.83537e+001,-2.01220e+001
-2.85344e-006,1.15312e-004,-5.85938e-003,-9.86328e-002,8.26660e-001,8.53659e-001,2.97561e+001,-1.77439e+001
1.67849e-007,8.94636e-005,-9.76563e-003,-1.24512e-001,8.12988e-001,4.69512e+000,3.29268e+001,-1.35366e+001
-9.90310e-006,8.42603e-005,1.46484e-002,-1.75293e-001,7.95410e-001,6.03659e+000,3.49390e+001,-1.17683e+001
-1.99741e-005,8.47639e-005,3.80859e-002,-2.04102e-001,7.57813e-001,1.04268e+001,3.96951e+001,-8.84146e+000
-4.11231e-005,6.16007e-005,1.11816e-001,-2.54395e-001,6.99219e-001,1.32317e+001,4.20122e+001,-7.50000e+000
-6.32792e-005,3.40734e-005,1.46973e-001,-2.75879e-001,6.60645e-001,1.92683e+001,4.58537e+001,-6.64634e+000
-3.17235e-005,2.03098e-005,2.38770e-001,-2.70020e-001,6.10840e-001,2.31707e+001,4.78659e+001,-7.68293e+000
1.10781e-005,3.32342e-005,2.86621e-001,-2.44141e-001,6.07422e-001,2.93293e+001,5.18902e+001,-1.28049e+001
1.54421e-005,2.78630e-005,3.79883e-001,-1.52344e-001,6.47949e-001,3.20122e+001,5.49390e+001,-1.65854e+001
-2.13169e-005,9.73526e-006,4.17480e-001,-9.42383e-002,6.65527e-001,3.62805e+001,6.39634e+001,-2.65244e+001
-6.56291e-005,2.63523e-005,4.43848e-001,1.80664e-002,6.96289e-001,3.90244e+001,7.28049e+001,-3.56707e+001
-6.66362e-005,5.18654e-005,4.30664e-001,6.15234e-002,7.14355e-001,3.97561e+001,7.59146e+001,-3.96341e+001
-8.29175e-005,9.78561e-005,3.72070e-001,1.29395e-001,7.35840e-001,4.12195e+001,8.11585e+001,-4.50000e+001
-6.36149e-005,1.24712e-004,3.26172e-001,1.48438e-001,7.39258e-001,4.21951e+001,8.26829e+001,-4.67073e+001
3.52483e-006,1.30755e-004,2.02148e-001,1.70898e-001,7.29004e-001,4.31707e+001,8.28659e+001,-4.89634e+001
3.42412e-005,6.36149e-005,1.36719e-001,1.69434e-001,7.22168e-001,4.34146e+001,8.14634e+001,-4.93293e+001
3.96124e-005,-6.22721e-005,2.92969e-003,1.36230e-001,7.04102e-001,4.38415e+001,7.76829e+001,-4.85366e+001
2.09812e-005,-1.02388e-004,-5.61523e-002,1.14258e-001,6.87500e-001,4.31098e+001,7.41463e+001,-4.74390e+001
7.21752e-006,-8.96315e-005,-1.46973e-001,5.90820e-002,6.86523e-001,4.03659e+001,6.71341e+001,-4.46341e+001
4.86763e-006,-7.01610e-005,-1.80664e-001,3.02734e-002,6.98730e-001,3.90854e+001,6.33537e+001,-4.37195e+001
1.27565e-005,-7.48608e-005,-2.12891e-001,-1.90430e-002,7.32422e-001,3.58537e+001,5.46951e+001,-4.23171e+001
-2.29953e-005,-3.97803e-005,-2.18750e-001,-5.22461e-002,7.69043e-001,3.53049e+001,5.09146e+001,-4.17073e+001
-4.58228e-005,2.66880e-005,-2.21191e-001,-5.76172e-002,7.78809e-001,3.37195e+001,4.32317e+001,-4.08537e+001
-2.97093e-005,1.10781e-004,-1.94336e-001,-5.85938e-002,7.98828e-001,3.33537e+001,3.95122e+001,-4.01220e+001
4.36408e-006,1.02556e-004,-1.79199e-001,-4.78516e-002,8.15918e-001,3.25000e+001,3.25610e+001,-3.82927e+001
-1.09102e-005,3.50805e-005,-1.32324e-001,-2.14844e-002,8.32520e-001,3.17683e+001,3.00000e+001,-3.70122e+001
-2.60166e-005,3.18914e-006,-1.04004e-001,-7.81250e-003,8.35449e-001,3.09756e+001,2.51829e+001,-3.45122e+001
6.88182e-006,-3.08843e-005,-4.54102e-002,2.14844e-002,8.21289e-001,3.15244e+001,2.36585e+001,-3.28049e+001
7.38537e-006,-4.85084e-005,-1.66016e-002,3.17383e-002,8.08594e-001,3.21951e+001,2.04878e+001,-3.02439e+001
1.00710e-006,-7.63714e-005,3.90625e-002,4.44336e-002,7.52441e-001,3.32927e+001,1.96341e+001,-2.89634e+001
-4.04517e-005,-6.96574e-005,5.95703e-002,4.73633e-002,7.21680e-001,3.59146e+001,1.85976e+001,-2.65244e+001
-3.77661e-005,4.86763e-006,8.05664e-002,5.07813e-002,6.71387e-001,3.66463e+001,1.71341e+001,-2.48171e+001
-3.52483e-005,8.25818e-005,7.42188e-002,5.12695e-002,6.52832e-001,3.69512e+001,1.64634e+001,-2.40244e+001
-7.08324e-005,1.01717e-004,4.54102e-002,4.98047e-002,6.08887e-001,3.66463e+001,1.32927e+001,-2.21951e+001
-6.61326e-005,3.82696e-005,3.12500e-002,4.58984e-002,5.82520e-001,3.67073e+001,1.14024e+001,-2.09756e+001
-6.86503e-005,2.18204e-006,-8.30078e-003,2.68555e-002,5.48340e-001,3.64024e+001,8.29268e+000,-1.89634e+001
-4.59907e-005,-4.07874e-005,-3.02734e-002,1.17188e-002,5.34180e-001,3.70122e+001,7.13415e+000,-1.80488e+001
-8.22461e-006,-5.37118e-005,-7.56836e-002,-1.07422e-002,4.98047e-001,3.78049e+001,3.71951e+000,-1.60976e+001
1.44350e-005,-6.12650e-005,-9.57031e-002,-1.70898e-002,4.54102e-001,3.90244e+001,1.70732e+000,-1.53659e+001
-3.02129e-006,-2.29953e-005,-1.40137e-001,-2.63672e-002,3.91113e-001,3.92683e+001,-5.48780e+000,-1.39024e+001
-2.36667e-005,3.94446e-005,-1.61133e-001,-3.02734e-002,3.71582e-001,3.84146e+001,-9.93902e+000,-1.32927e+001
1.32601e-005,5.72366e-005,-2.02148e-001,-3.27148e-002,3.57910e-001,3.67683e+001,-1.70122e+001,-1.29268e+001
5.18654e-005,3.91089e-005,-2.59277e-001,-1.95313e-002,3.72559e-001,3.56707e+001,-1.98780e+001,-1.26220e+001
3.97803e-005,-3.69268e-006,-2.91016e-001,-5.85938e-003,3.77930e-001,3.38415e+001,-2.57317e+001,-1.17683e+001
3.18914e-006,-2.87022e-005,-3.35449e-001,2.00195e-002,3.80859e-001,3.27439e+001,-2.87195e+001,-1.12195e+001
-3.67590e-005,-2.66880e-005,-3.54980e-001,3.66211e-002,3.94531e-001,2.80488e+001,-3.53049e+001,-1.03049e+001
1.69528e-005,-4.98512e-005,-4.04297e-001,6.88477e-002,4.56543e-001,2.53659e+001,-3.96951e+001,-1.00000e+001
1.22026e-004,-1.00542e-004,-4.29199e-001,8.15430e-002,4.86816e-001,1.93293e+001,-4.85366e+001,-9.93902e+000
1.22698e-004,-9.95346e-005,-4.54102e-001,1.16211e-001,5.48828e-001,1.56707e+001,-5.32317e+001,-1.01829e+001
3.97803e-005,-4.01160e-005,-4.55078e-001,1.28906e-001,5.82031e-001,9.87805e+000,-6.04878e+001,-1.14024e+001
-1.84634e-006,7.88891e-006,-4.30664e-001,1.53320e-001,6.94824e-001,7.07317e+000,-6.32317e+001,-1.21951e+001
2.80308e-005,-1.77920e-005,-3.95996e-001,1.67969e-001,7.65625e-001,4.26829e-001,-6.78659e+001,-1.29268e+001
-1.32601e-005,5.37118e-006,-3.09570e-001,1.84082e-001,8.92578e-001,-6.03659e+000,-7.29268e+001,-1.30488e+001
-7.10002e-005,3.86053e-006,-2.55371e-001,1.96289e-001,9.54102e-001,-9.08537e+000,-7.62195e+001,-1.28049e+001
-7.83856e-005,-4.98512e-005,-1.38184e-001,2.12891e-001,1.07178e+000,-1.60976e+001,-8.20122e+001,-1.21341e+001
-8.64424e-005,4.19623e-006,-7.86133e-002,2.12891e-001,1.10205e+000,-1.90854e+001,-8.65244e+001,-1.12195e+001
-9.28206e-005,6.73075e-005,3.07617e-002,2.14355e-001,1.10107e+000,-2.37195e+001,-9.60976e+001,-9.75610e+000
-8.71138e-005,7.30144e-005,7.81250e-002,2.07520e-001,1.07666e+000,-2.54268e+001,-1.00732e+002,-8.84146e+000
-8.39246e-005,7.08324e-005,1.57227e-001,1.91406e-001,1.00146e+000,-2.81098e+001,-1.07073e+002,-6.70732e+000
-7.08324e-005,7.97284e-005,1.85059e-001,1.79688e-001,9.74609e-001,-2.86585e+001,-1.07866e+002,-6.09756e+000
-3.12200e-005,3.62554e-005,2.15332e-001,1.63574e-001,9.75586e-001,-2.92073e+001,-1.04146e+002,-5.54878e+000
-1.62814e-005,4.12909e-005,2.18262e-001,1.51367e-001,9.84375e-001,-2.85976e+001,-9.97561e+001,-4.69512e+000
-2.90379e-005,4.01160e-005,2.17285e-001,1.32813e-001,9.80469e-001,-2.69512e+001,-8.73171e+001,-2.19512e+000
-5.70687e-005,-2.18204e-006,2.10938e-001,1.16699e-001,9.69238e-001,-2.58537e+001,-8.07317e+001,-1.82927e-001
-6.16007e-005,-3.74304e-005,2.15820e-001,1.16211e-001,9.71191e-001,-2.29268e+001,-6.64634e+001,4.69512e+000
-4.02838e-005,-2.80308e-005,2.14355e-001,1.09863e-001,9.95605e-001,-2.12805e+001,-5.85976e+001,7.80488e+000
4.53193e-006,-3.74304e-005,2.06543e-001,1.10840e-001,1.00977e+000,-1.75000e+001,-4.35366e+001,1.41463e+001
4.61585e-005,-4.68299e-005,2.01172e-001,1.13770e-001,1.02441e+000,-1.56098e+001,-3.61585e+001,1.74390e+001
4.58228e-005,-5.15297e-005,1.96289e-001,1.19141e-001,1.01367e+000,-1.21341e+001,-2.03049e+001,2.36585e+001
3.74304e-005,-5.72366e-005,1.90430e-001,1.16211e-001,1.00244e+000,-9.93902e+000,-1.21341e+001,2.64634e+001
3.60876e-005,-5.28725e-005,1.83105e-001,1.06934e-001,1.00098e+000,-4.75610e+000,6.03659e+000,3.13415e+001
3.35698e-007,-4.04517e-005,2.17285e-001,7.81250e-002,1.04736e+000,-2.31707e+000,1.34146e+001,3.37195e+001
-6.22721e-005,-3.65911e-005,2.44629e-001,5.61523e-002,1.08594e+000,3.71951e+000,2.76220e+001,3.84756e+001
-9.41634e-005,-7.72107e-006,3.00293e-001,3.80859e-002,1.22412e+000,6.89024e+000,3.67683e+001,4.46341e+001
-6.41184e-005,3.69268e-006,3.18359e-001,5.32227e-002,1.32422e+000,6.89024e+000,3.53049e+001,4.79268e+001
-3.55840e-005,-1.49386e-005,3.26172e-001,1.20605e-001,1.59570e+000,4.08537e+000,1.40854e+001,5.14024e+001
-2.43381e-005,-4.59907e-005,3.10059e-001,1.48438e-001,1.71729e+000,5.12195e+000,-9.14634e-001,4.89024e+001
-8.22461e-006,-4.22980e-005,7.51953e-002,2.08496e-001,1.62988e+000,1.42073e+001,-3.18902e+001,3.33537e+001
1.51064e-006,-4.11231e-005,-8.44727e-002,2.20703e-001,1.48926e+000,1.88415e+001,-4.48780e+001,2.48780e+001
-4.86763e-006,-3.81018e-005,-3.26172e-001,1.66504e-001,1.19189e+000,2.35976e+001,-6.42073e+001,1.26829e+001
-1.67849e-005,-4.14588e-005,-4.04297e-001,1.08887e-001,1.07617e+000,2.38415e+001,-7.11585e+001,8.17073e+000
1.32601e-005,-7.93927e-005,-5.28809e-001,-3.22266e-002,9.31152e-001,2.34756e+001,-8.20732e+001,2.43902e-001
3.75982e-005,-9.50027e-005,-5.81543e-001,-9.61914e-002,8.80371e-001,2.51829e+001,-8.48781e+001,-2.01220e+000
2.60166e-005,-8.35889e-005,-6.28418e-001,-1.83105e-001,7.40234e-001,2.86585e+001,-8.29268e+001,-2.43902e-001
-7.88891e-006,-6.00900e-005,-5.45898e-001,-2.12891e-001,6.52832e-001,2.83537e+001,-7.83537e+001,3.84146e+000
-5.00191e-005,-8.59388e-005,-4.60938e-001,-2.09961e-001,6.58691e-001,2.46341e+001,-6.57317e+001,1.46951e+001
-5.32082e-005,-1.33104e-004,-2.16797e-001,-1.65039e-001,7.86133e-001,2.16463e+001,-5.97561e+001,1.99390e+001
-2.48417e-005,-1.37804e-004,-8.25195e-002,-1.27930e-001,8.88184e-001,1.72561e+001,-4.50000e+001,2.85366e+001
5.53903e-006,-9.24849e-005,1.68945e-001,-4.10156e-002,1.06689e+000,1.53659e+001,-3.69512e+001,3.23780e+001
4.73335e-005,-5.52224e-005,2.84668e-001,-4.88281e-004,1.13232e+000,1.36585e+001,-2.10976e+001,3.82317e+001
4.11231e-005,1.07424e-005,4.81934e-001,6.88477e-002,1.20605e+000,1.39634e+001,-1.36585e+001,4.01220e+001
-3.18914e-006,3.23949e-005,5.58594e-001,9.47266e-002,1.20898e+000,1.64634e+001,-1.28049e+000,4.09146e+001
-3.32342e-005,-2.23239e-005,6.54785e-001,1.36230e-001,1.15723e+000,1.82927e+001,3.65854e+000,3.93902e+001
-4.04517e-005,-4.31373e-005,6.59668e-001,1.52832e-001,1.11328e+000,2.21951e+001,1.14024e+001,3.34756e+001
-2.80308e-005,-3.67590e-005,5.97168e-001,1.71387e-001,1.03174e+000,2.56707e+001,1.62805e+001,2.40244e+001
-2.18204e-006,-4.11231e-005,5.27832e-001,1.74316e-001,1.00439e+000,2.68902e+001,1.81707e+001,1.91463e+001
-1.17494e-006,-5.85794e-005,3.59375e-001,1.62109e-001,9.71191e-001,2.87805e+001,2.05488e+001,1.21341e+001
3.02129e-006,-5.80758e-005,2.77344e-001,1.50391e-001,9.65332e-001,2.90244e+001,2.16463e+001,9.69512e+000
3.86053e-006,-2.70237e-005,1.31348e-001,1.18652e-001,9.78027e-001,2.82927e+001,2.26829e+001,7.01220e+000
1.84634e-006,-2.93736e-005,8.44727e-002,1.00586e-001,9.89746e-001,2.71951e+001,2.28659e+001,6.40244e+000
-1.93027e-005,-3.54162e-005,2.19727e-002,6.39648e-002,1.01904e+000,2.35976e+001,2.28049e+001,6.46341e+000
-6.73075e-005,-2.83665e-005,1.07422e-002,4.83398e-002,1.03223e+000,2.10366e+001,2.28049e+001,7.01220e+000
-9.44991e-005,-2.53452e-005,3.41797e-003,2.73438e-002,1.05225e+000,1.71951e+001,2.39024e+001,8.78049e+000
-8.10712e-005,-2.76951e-005,2.00195e-002,2.73438e-002,1.05371e+000,1.50000e+001,2.43902e+001,1.00610e+001
-2.23239e-005,-3.00450e-005,6.15234e-002,3.61328e-002,1.06641e+000,1.05488e+001,2.56707e+001,1.26220e+001
3.30663e-005,-2.60166e-005,1.18652e-001,6.29883e-002,1.07471e+000,9.20732e+000,2.70122e+001,1.37195e+001
1.66171e-005,3.52483e-006,1.45508e-001,8.25195e-002,1.07861e+000,6.46341e+000,3.03049e+001,1.51829e+001
1.19173e-005,1.82956e-005,1.74805e-001,1.16211e-001,1.08594e+000,5.85366e+000,3.22561e+001,1.53659e+001
3.17235e-005,1.17494e-006,1.77734e-001,1.32324e-001,1.09424e+000,3.35366e+000,3.49390e+001,1.60366e+001
2.06455e-005,-1.56100e-005,1.62109e-001,1.51855e-001,1.12695e+000,1.95122e+000,3.59146e+001,1.62805e+001
3.52483e-006,-1.14137e-005,1.51855e-001,1.59180e-001,1.13623e+000,1.82927e-001,3.59146e+001,1.62195e+001
-1.15816e-005,-3.52483e-006,1.21582e-001,1.58691e-001,1.14893e+000,0.00000e+000,3.60366e+001,1.62805e+001
-4.48157e-005,4.76692e-005,1.15234e-001,1.47949e-001,1.15088e+000,-8.53659e-001,3.55488e+001,1.57927e+001
-6.39506e-005,1.20684e-004,8.20313e-002,1.28906e-001,1.12549e+000,-9.75610e-001,3.53659e+001,1.56707e+001
-5.85794e-005,9.16457e-005,7.12891e-002,1.19629e-001,1.11426e+000,-1.95122e+000,3.42683e+001,1.54268e+001
-3.40734e-005,6.19364e-005,4.63867e-002,1.06934e-001,1.06543e+000,-3.29268e+000,3.17073e+001,1.51829e+001
-4.86763e-006,4.12909e-005,3.56445e-002,1.02539e-001,1.02881e+000,-4.57317e+000,2.99390e+001,1.47561e+001
1.56100e-005,1.72885e-005,1.02539e-002,1.01074e-001,1.01465e+000,-8.10976e+000,2.56707e+001,1.39024e+001
1.81277e-005,3.91089e-005,-1.95313e-003,9.52148e-002,1.02148e+000,-9.02439e+000,2.42683e+001,1.40854e+001
2.09812e-005,4.54871e-005,-3.90625e-003,9.52148e-002,1.02100e+000,-9.63415e+000,2.06098e+001,1.55488e+001
2.38346e-005,5.40475e-005,1.07422e-002,9.27734e-002,1.01660e+000,-9.93902e+000,2.01220e+001,1.59756e+001
1.86313e-005,7.33501e-005,5.85938e-002,1.02051e-001,9.78027e-001,-1.10976e+001,2.04268e+001,1.57927e+001
7.72107e-006,7.13359e-005,8.49609e-002,1.01563e-001,9.71680e-001,-1.25000e+001,2.11585e+001,1.50000e+001
-6.37827e-006,5.38796e-005,1.13770e-001,1.03516e-001,1.02734e+000,-1.48171e+001,2.20732e+001,1.30488e+001
-1.51064e-005,7.90570e-005,1.16211e-001,1.04492e-001,1.05322e+000,-1.50000e+001,2.14634e+001,1.15244e+001
-2.33310e-005,6.61326e-005,1.16699e-001,1.18164e-001,1.06592e+000,-1.47561e+001,1.91463e+001,9.51220e+000
-3.42412e-005,-3.03807e-005,1.01074e-001,1.27441e-001,1.08984e+000,-1.46341e+001,1.82317e+001,8.59756e+000
-3.23949e-005,-7.97284e-005,9.13086e-002,1.30859e-001,1.09668e+000,-1.45732e+001,1.56098e+001,6.95122e+000
-2.65202e-005,7.55322e-006,7.76367e-002,1.33301e-001,1.08154e+000,-1.41463e+001,1.43902e+001,5.48780e+000
-3.77661e-005,8.20783e-005,6.83594e-002,1.35742e-001,1.07031e+000,-1.46341e+001,1.26220e+001,2.19512e+000
-4.12909e-005,5.95865e-005,5.22461e-002,1.32324e-001,1.05518e+000,-1.51829e+001,1.22561e+001,1.09756e+000
-3.17235e-005,1.86313e-005,4.54102e-002,1.24512e-001,1.06348e+000,-1.70122e+001,1.30488e+001,-1.64634e+000
-3.60876e-005,1.04067e-005,2.49023e-002,1.10840e-001,1.09229e+000,-1.81707e+001,1.25610e+001,-3.17073e+000
-2.73594e-005,-2.98772e-005,1.80664e-002,1.06445e-001,1.10498e+000,-1.88415e+001,1.18293e+001,-5.91463e+000
2.70237e-005,3.67590e-005,4.88281e-004,9.32617e-002,1.13818e+000,-1.91463e+001,1.19512e+001,-7.13415e+000
3.49126e-005,5.89151e-005,-3.90625e-003,8.59375e-002,1.15039e+000,-2.02439e+001,1.02439e+001,-8.71951e+000
5.53903e-006,6.69719e-005,-4.88281e-004,7.66602e-002,1.12451e+000,-2.01829e+001,9.81707e+000,-9.69512e+000
-2.09812e-005,5.65652e-005,-1.46484e-003,6.88477e-002,1.12451e+000,-2.10366e+001,1.07927e+001,-9.69512e+000
-5.32082e-005,-3.97803e-005,1.07422e-002,4.83398e-002,1.15967e+000,-2.23171e+001,1.54268e+001,-9.51220e+000
-1.19173e-005,-8.44282e-005,2.09961e-002,3.80859e-002,1.15674e+000,-2.28049e+001,1.83537e+001,-8.53659e+000
1.84634e-006,-2.04776e-005,6.20117e-002,2.92969e-002,1.16553e+000,-2.28049e+001,2.29268e+001,-6.52439e+000
-9.56741e-006,1.46029e-005,7.22656e-002,2.88086e-002,1.16504e+000,-2.24390e+001,2.44512e+001,-6.70732e+000
-9.23171e-006,1.53918e-004,8.30078e-002,3.17383e-002,1.14746e+000,-1.99390e+001,2.76829e+001,-8.41463e+000
-1.49386e-005,1.83124e-004,9.32617e-002,4.10156e-002,1.14844e+000,-1.95732e+001,3.01829e+001,-9.26829e+000
-3.17235e-005,2.70237e-005,9.81445e-002,5.90820e-002,1.16895e+000,-1.85366e+001,3.76220e+001,-9.02439e+000
-5.35439e-005,2.34989e-006,1.01563e-001,6.39648e-002,1.17578e+000,-1.76220e+001,4.23171e+001,-8.71951e+000
-3.54162e-005,-8.89601e-006,1.10352e-001,8.20313e-002,1.19775e+000,-1.70122e+001,5.20122e+001,-6.21951e+000
-2.04776e-005,-2.87022e-005,1.38672e-001,9.22852e-002,1.20166e+000,-1.61585e+001,5.57317e+001,-4.81707e+000
-2.03098e-005,-4.71656e-005,1.52832e-001,9.61914e-002,1.18262e+000,-1.50000e+001,6.25000e+001,-1.64634e+000
3.35698e-007,-4.63264e-005,1.74316e-001,9.91211e-002,1.13135e+000,-1.39634e+001,6.61585e+001,-1.82927e-001
-6.37827e-006,-9.13100e-005,1.82129e-001,1.00586e-001,1.10059e+000,-1.29878e+001,7.10976e+001,1.82927e+000
-3.27306e-005,-1.61975e-004,1.73340e-001,9.27734e-002,1.04248e+000,-1.20122e+001,7.31707e+001,1.95122e+000
-3.60876e-005,-8.15747e-005,1.56738e-001,9.52148e-002,1.02881e+000,-1.14634e+001,7.56098e+001,1.03659e+000
-3.70947e-005,8.30854e-005,9.86328e-002,9.61914e-002,1.02734e+000,-1.15854e+001,7.65244e+001,3.65854e-001
1.00710e-006,2.31464e-004,6.68945e-002,9.42383e-002,1.05078e+000,-1.23780e+001,7.65244e+001,-6.09756e-001
5.85794e-005,2.30793e-004,3.41797e-003,9.57031e-002,1.07568e+000,-1.29878e+001,7.46341e+001,-9.14634e-001
6.17685e-005,1.25216e-004,-2.58789e-002,8.64258e-002,1.09961e+000,-1.39634e+001,7.17683e+001,-1.28049e+000
8.17426e-005,7.23430e-005,-8.88672e-002,6.73828e-002,1.11621e+000,-1.43902e+001,6.49390e+001,-1.46341e+000
6.83146e-005,4.91798e-005,-1.19629e-001,5.81055e-002,1.08350e+000,-1.42683e+001,6.14634e+001,-1.76829e+000
9.39956e-006,9.97024e-005,-1.80176e-001,4.44336e-002,9.80957e-001,-1.23780e+001,5.41463e+001,-2.86585e+000
-3.86053e-006,1.85809e-004,-2.08008e-001,3.71094e-002,9.26758e-001,-1.06098e+001,5.10976e+001,-3.96341e+000
7.15038e-005,1.96551e-004,-2.58301e-001,2.92969e-003,7.93457e-001,-6.46341e+000,4.48780e+001,-6.64634e+000
2.36667e-004,2.04944e-004,-2.76367e-001,-1.70898e-002,7.54395e-001,-4.45122e+000,4.02439e+001,-7.98780e+000
3.66415e-004,1.52743e-005,-3.19824e-001,-7.27539e-002,6.50391e-001,-1.58537e+000,3.15244e+001,-7.80488e+000
3.21431e-004,-2.54292e-004,-3.44238e-001,-1.21094e-001,5.92773e-001,-7.31707e-001,2.71341e+001,-5.91463e+000
1.30922e-004,-3.78836e-004,-3.55469e-001,-2.49023e-001,4.84863e-001,1.15854e+000,1.95732e+001,1.03659e+000
-1.60632e-004,-3.91257e-004,-3.51074e-001,-3.16895e-001,4.25781e-001,2.31707e+000,1.70122e+001,3.96341e+000
-3.41237e-004,-2.61341e-004,-3.03223e-001,-4.03809e-001,3.33496e-001,5.12195e+000,9.26829e+000,7.62195e+000
-4.21805e-004,-2.49592e-004,-1.40625e-001,-3.39355e-001,3.47656e-001,7.86585e+000,5.91463e+000,6.64634e+000
-4.47990e-004,-9.23171e-006,-4.10156e-002,-2.48047e-001,4.12598e-001,1.28659e+001,5.24390e+000,-3.23171e+000
-3.38888e-004,1.50225e-004,1.28906e-001,6.83594e-003,5.74219e-001,1.43902e+001,8.23171e+000,-1.05488e+001
-1.79767e-004,1.16655e-004,1.85059e-001,1.26465e-001,6.51855e-001,1.50000e+001,1.81098e+001,-2.28659e+001
1.29244e-005,8.09033e-005,2.42188e-001,3.10059e-001,7.75391e-001,1.43293e+001,2.20732e+001,-2.52439e+001
2.71412e-004,2.70741e-004,2.56348e-001,3.66699e-001,8.09570e-001,1.43902e+001,2.49390e+001,-2.34756e+001
3.97299e-004,2.17533e-004,2.38770e-001,4.14063e-001,7.98340e-001,1.58537e+001,2.45122e+001,-2.00610e+001
2.08637e-004,-1.76242e-005,2.01172e-001,4.04785e-001,7.68066e-001,1.71341e+001,2.06098e+001,-1.39024e+001
2.33310e-005,-7.20073e-005,7.37305e-002,3.38867e-001,7.08984e-001,1.66463e+001,1.45732e+001,-1.09756e+001
-7.73785e-005,-5.58938e-005,-1.02539e-002,2.88574e-001,6.74805e-001,1.49390e+001,1.20122e+001,-1.09146e+001
-2.48920e-004,6.37827e-006,-1.49902e-001,1.46973e-001,7.00684e-001,1.07927e+001,5.36585e+000,-1.21341e+001
-4.28183e-004,-5.03548e-007,-2.03125e-001,7.37305e-002,6.99219e-001,9.45122e+000,4.02439e+000,-1.32927e+001
-4.58900e-004,1.59121e-004,-2.49023e-001,-5.17578e-002,7.14844e-001,8.84146e+000,-1.21951e-001,-1.57927e+001
-1.69360e-004,3.57519e-004,-2.50488e-001,-9.71680e-002,7.26074e-001,8.29268e+000,-2.07317e+000,-1.73171e+001
8.66102e-005,1.58282e-004,-2.33887e-001,-1.40137e-001,7.50977e-001,9.57317e+000,-5.12195e+000,-1.87195e+001
1.81613e-004,-8.50996e-005,-2.17285e-001,-1.41113e-001,7.61719e-001,1.03659e+001,-6.95122e+000,-1.89634e+001
2.26429e-004,-2.57649e-004,-1.83594e-001,-9.71680e-002,7.78809e-001,1.11585e+001,-1.02439e+001,-1.95732e+001
1.45525e-004,-1.78759e-004,-1.67480e-001,-6.54297e-002,7.87598e-001,1.17073e+001,-1.15854e+001,-1.96341e+001
-2.88701e-005,-1.28069e-004,-1.64063e-001,-9.76563e-004,7.81250e-001,1.31098e+001,-1.44512e+001,-1.93902e+001
-7.93927e-005,-5.72366e-005,-1.66016e-001,3.07617e-002,7.67090e-001,1.35976e+001,-1.59756e+001,-1.90244e+001
-1.33944e-004,7.16716e-005,-1.72363e-001,9.03320e-002,7.38281e-001,1.40244e+001,-1.81707e+001,-1.79268e+001
-2.98939e-004,1.16320e-004,-1.95801e-001,1.30859e-001,7.20703e-001,1.37805e+001,-1.89634e+001,-1.73780e+001
-3.11360e-004,2.70237e-005,-2.03613e-001,1.41602e-001,7.31445e-001,1.24390e+001,-2.02439e+001,-1.53659e+001
-5.70687e-006,9.51705e-005,-2.03125e-001,1.45508e-001,7.55859e-001,1.20122e+001,-2.00610e+001,-1.42683e+001
2.73594e-004,9.21492e-005,-1.92871e-001,1.38184e-001,7.57324e-001,1.16463e+001,-1.89024e+001,-1.17683e+001
3.65072e-004,-1.52743e-005,-1.57227e-001,1.05469e-001,7.23145e-001,1.21341e+001,-1.83537e+001,-1.06098e+001
2.83833e-004,-1.10613e-004,-1.33789e-001,8.78906e-002,6.90918e-001,1.35366e+001,-1.71341e+001,-9.26829e+000
3.57519e-005,-1.33776e-004,-9.57031e-002,5.51758e-002,6.32813e-001,1.47561e+001,-1.67073e+001,-9.20732e+000
-3.07836e-004,-1.07591e-004,-8.05664e-002,3.71094e-002,6.09863e-001,1.61585e+001,-1.73171e+001,-8.96342e+000
-4.56382e-004,1.20180e-004,-6.20117e-002,5.37109e-003,5.58594e-001,1.81098e+001,-1.85366e+001,-7.92683e+000
-4.38254e-004,4.42115e-004,-5.56641e-002,-1.31836e-002,5.33691e-001,1.90244e+001,-1.97561e+001,-7.13415e+000
-3.30495e-004,2.35996e-004,-5.32227e-002,-3.80859e-002,5.01953e-001,2.19512e+001,-2.40244e+001,-5.85366e+000
-2.80308e-005,4.93477e-005,-5.37109e-002,-4.78516e-002,4.81934e-001,2.37805e+001,-2.63415e+001,-5.54878e+000
2.22736e-004,3.34020e-005,-7.27539e-002,-5.37109e-002,4.49707e-001,2.50610e+001,-3.00610e+001,-4.93902e+000
3.34691e-004,-1.12963e-004,-8.64258e-002,-5.27344e-002,4.47754e-001,2.53049e+001,-3.18902e+001,-4.45122e+000
2.98604e-004,-2.16358e-004,-1.13281e-001,-4.19922e-002,4.66309e-001,2.50610e+001,-3.41463e+001,-3.78049e+000
6.07614e-005,-1.84634e-004,-1.27441e-001,-3.22266e-002,4.79004e-001,2.48780e+001,-3.41463e+001,-3.41463e+000
-1.40322e-004,-1.02220e-004,-1.52344e-001,-1.51367e-002,5.08789e-001,2.40854e+001,-3.44512e+001,-2.62195e+000
-2.02426e-004,-1.34447e-004,-1.67480e-001,0.00000e+000,5.19531e-001,2.35976e+001,-3.48171e+001,-2.19512e+000
-2.41367e-004,-1.97223e-004,-1.93848e-001,2.58789e-002,5.45410e-001,2.18902e+001,-3.54268e+001,-1.82927e+000
-1.41161e-004,-1.91180e-004,-1.99707e-001,3.36914e-002,5.64453e-001,2.05488e+001,-3.56098e+001,-2.01220e+000
-2.08133e-005,-8.14069e-005,-2.08496e-001,4.54102e-002,6.14258e-001,1.79878e+001,-3.38415e+001,-2.50000e+000
2.76951e-005,1.97559e-004,-1.93848e-001,4.49219e-002,6.53320e-001,1.68293e+001,-3.34756e+001,-2.86585e+000
6.07614e-005,7.56161e-004,-1.81641e-001,4.83398e-002,6.64551e-001,1.60976e+001,-3.33537e+001,-5.12195e+000
1.97726e-004,4.80217e-004,-1.50391e-001,5.27344e-002,6.81152e-001,1.61585e+001,-3.37195e+001,-6.34146e+000
3.97299e-004,-1.63317e-004,-1.28418e-001,5.81055e-002,7.06055e-001,1.47561e+001,-3.48171e+001,-9.08537e+000
3.56008e-004,-3.05150e-004,-1.00586e-001,6.64063e-002,7.97852e-001,1.29878e+001,-3.48171e+001,-1.07927e+001
1.13970e-004,-2.61677e-004,-8.20313e-002,6.78711e-002,8.44727e-001,8.84146e+000,-3.44512e+001,-1.29268e+001
-1.40826e-004,-3.21935e-004,-4.15039e-002,6.68945e-002,9.12109e-001,6.76829e+000,-3.44512e+001,-1.35976e+001
-3.29320e-004,-2.58320e-004,-2.24609e-002,6.54297e-002,9.24805e-001,2.98780e+000,-3.59146e+001,-1.28659e+001
-3.93774e-004,-2.53284e-004,1.51367e-002,7.86133e-002,9.14551e-001,-6.09756e-001,-3.83537e+001,-1.21341e+001
-2.55802e-004,-2.55970e-004,2.24609e-002,7.86133e-002,9.05273e-001,-2.62195e+000,-3.96951e+001,-1.18293e+001
-5.60616e-005,-8.40925e-005,1.46484e-002,8.83789e-002,8.75000e-001,-6.34146e+000,-4.18902e+001,-1.21951e+001
1.19005e-004,1.15312e-004,-7.81250e-003,9.42383e-002,8.46191e-001,-7.68293e+000,-4.24390e+001,-1.27439e+001
1.74228e-004,1.48882e-004,-5.02930e-002,1.06445e-001,7.91992e-001,-9.63415e+000,-4.14024e+001,-1.42683e+001
1.19173e-004,5.55581e-005,-7.22656e-002,1.14746e-001,7.81250e-001,-1.03659e+001,-3.95122e+001,-1.54878e+001
3.92767e-005,1.38140e-004,-1.37207e-001,1.30859e-001,8.07129e-001,-1.17683e+001,-3.22561e+001,-1.67073e+001
1.05745e-005,1.30083e-004,-1.52832e-001,1.36230e-001,8.37402e-001,-1.29268e+001,-2.75610e+001,-1.67073e+001
-2.40024e-005,-9.73526e-006,-1.71875e-001,1.49902e-001,9.23828e-001,-1.40854e+001,-1.58537e+001,-1.37805e+001
-6.49577e-005,-3.74304e-005,-1.62109e-001,1.55762e-001,9.68750e-001,-1.50610e+001,-1.06707e+001,-1.10976e+001
-9.58419e-005,2.40024e-005,-1.16211e-001,1.67480e-001,1.09082e+000,-1.53049e+001,-3.35366e+000,-3.90244e+000
-4.53193e-005,2.95750e-004,-8.59375e-002,1.83105e-001,1.14600e+000,-1.59146e+001,-1.46341e+000,-6.09756e-002
1.75738e-004,4.08881e-004,-1.70898e-002,2.11426e-001,1.18945e+000,-1.87195e+001,3.71951e+000,9.87805e+000
6.16510e-004,2.52277e-004,4.10156e-002,2.38281e-001,1.23926e+000,-2.03659e+001,6.34146e+000,1.53049e+001
7.91409e-004,8.49317e-005,6.15234e-002,2.53906e-001,1.24121e+000,-2.21341e+001,1.06707e+001,2.71951e+001
5.69177e-004,-3.13878e-005,1.38184e-001,2.93945e-001,1.28320e+000,-2.19512e+001,1.23780e+001,3.20732e+001
2.48081e-004,-7.23430e-005,1.87012e-001,3.16406e-001,1.35303e+000,-2.08537e+001,1.03049e+001,3.79268e+001
-9.81918e-005,-6.36149e-005,2.68066e-001,3.62305e-001,1.51270e+000,-2.06707e+001,4.93902e+000,3.98171e+001
-3.85046e-004,-5.92508e-005,2.71484e-001,3.87207e-001,1.54639e+000,-1.72561e+001,-1.19512e+001,4.18902e+001
-6.21546e-004,-2.70237e-005,1.37695e-001,4.06738e-001,1.41455e+000,-1.34146e+001,-2.23780e+001,3.96951e+001
-6.87678e-004,4.41444e-005,5.12695e-002,3.93555e-001,1.31738e+000,-5.97561e+000,-4.58537e+001,3.15244e+001
-4.25666e-004,4.54871e-005,-1.01563e-001,2.61719e-001,1.16650e+000,-3.04878e-001,-6.20122e+001,1.99390e+001
-1.91180e-004,-6.51255e-005,-1.68945e-001,1.57227e-001,1.10889e+000,2.13415e+000,-6.77439e+001,1.50000e+001
4.21302e-005,-1.15480e-004,-3.11523e-001,-3.80859e-002,1.06836e+000,5.12195e+000,-7.77439e+001,8.04878e+000
1.41497e-004,-5.25368e-005,-3.81836e-001,-1.18652e-001,1.09424e+000,6.76829e+000,-8.35366e+001,6.28049e+000
9.60098e-005,-1.46197e-004,-5.06836e-001,-2.13379e-001,1.12793e+000,8.84146e+000,-9.43293e+001,7.86585e+000
-1.47707e-005,-2.57313e-004,-5.34180e-001,-2.37793e-001,1.12305e+000,8.78049e+000,-9.67683e+001,1.18293e+001
-2.04944e-004,-1.45022e-004,-4.75586e-001,-2.70020e-001,1.05273e+000,6.28049e+000,-9.46951e+001,2.39634e+001
-3.51644e-004,-1.44015e-004,-3.95996e-001,-2.82227e-001,1.00439e+000,5.12195e+000,-9.00000e+001,2.96951e+001
-3.40902e-004,-1.07927e-004,-1.94824e-001,-2.95410e-001,9.15039e-001,2.50000e+000,-7.71951e+001,3.98171e+001
-1.54925e-004,-1.86313e-005,-8.39844e-002,-2.93945e-001,8.90137e-001,1.46341e+000,-7.00000e+001,4.37195e+001
3.57519e-005,-9.41634e-005,1.27441e-001,-2.65137e-001,8.86230e-001,6.70732e-001,-5.56098e+001,4.71341e+001
1.91852e-004,-5.65652e-005,2.18262e-001,-2.32422e-001,8.94531e-001,1.40244e+000,-4.86585e+001,4.77439e+001
2.74769e-004,-7.46929e-005,3.52539e-001,-1.53809e-001,9.38965e-001,3.53659e+000,-3.62805e+001,4.57927e+001
2.32807e-004,-1.55596e-004,4.21387e-001,-6.73828e-002,9.73145e-001,5.00000e+000,-3.06707e+001,4.41463e+001
1.75067e-004,-7.13359e-005,4.38477e-001,-2.68555e-002,9.82910e-001,9.20732e+000,-2.20732e+001,4.09146e+001
8.50996e-005,-7.70428e-005,4.15527e-001,4.15039e-002,9.80469e-001,1.15854e+001,-1.82927e+001,3.84756e+001
-8.54353e-005,-3.86053e-005,3.84277e-001,7.22656e-002,9.69238e-001,1.71341e+001,-1.29878e+001,3.21341e+001
-2.08301e-004,2.47242e-004,2.76367e-001,1.24023e-001,9.40430e-001,1.98171e+001,-1.10976e+001,2.78049e+001
-2.43214e-004,3.24788e-004,2.09961e-001,1.37695e-001,9.37012e-001,2.21341e+001,-9.93902e+000,1.84756e+001
-1.15648e-004,1.80438e-004,7.86133e-002,1.40137e-001,9.34570e-001,2.36585e+001,-9.63415e+000,1.42073e+001
1.67849e-005,3.47448e-005,1.85547e-002,1.33789e-001,9.25781e-001,2.62195e+001,-1.01829e+001,6.21951e+000
1.60632e-004,7.88891e-006,-7.22656e-002,1.06445e-001,9.16992e-001,2.60976e+001,-1.20732e+001,1.21951e-001
3.01793e-004,3.13878e-005,-1.05957e-001,8.78906e-002,9.22363e-001,2.60366e+001,-1.31707e+001,-2.31707e+000
2.82155e-004,1.86313e-005,-1.37207e-001,5.02930e-002,9.35059e-001,2.43293e+001,-1.54878e+001,-5.73171e+000
3.08675e-004,-1.11955e-004,-1.36719e-001,3.56445e-002,9.41406e-001,2.29268e+001,-1.63415e+001,-6.52439e+000
2.94240e-004,-3.81018e-005,-1.00098e-001,9.27734e-003,9.64844e-001,2.03049e+001,-1.75000e+001,-6.34146e+000
6.05936e-005,1.34279e-005,-7.37305e-002,8.30078e-003,9.71680e-001,1.84146e+001,-1.76829e+001,-5.60976e+000
-3.16396e-004,-3.84375e-005,-1.36719e-002,9.76563e-003,9.95605e-001,1.56098e+001,-1.63415e+001,-4.63415e+000
-4.17105e-004,-1.25048e-004,1.85547e-002,1.56250e-002,1.00586e+000,1.42073e+001,-1.49390e+001,-4.08537e+000
-3.04143e-004,-1.82452e-004,8.69141e-002,3.95508e-002,1.01367e+000,1.23780e+001,-1.07927e+001,-3.59756e+000
-1.96551e-004,-2.37171e-004,1.19629e-001,5.56641e-002,1.01514e+000,1.20122e+001,-8.65854e+000,-3.90244e+000
-1.42504e-004,-1.88159e-004,1.60645e-001,8.88672e-002,1.02002e+000,1.11585e+001,-3.17073e+000,-4.51220e+000
-1.30419e-004,-3.17235e-005,1.72363e-001,1.03027e-001,1.02539e+000,1.09756e+001,-4.26829e-001,-4.87805e+000
-1.05745e-004,-4.73335e-005,1.87500e-001,1.35254e-001,1.04443e+000,1.06707e+001,5.91463e+000,-5.48780e+000
-1.33104e-004,-2.13672e-004,1.88477e-001,1.53320e-001,1.06738e+000,1.01220e+001,8.96342e+000,-5.24390e+000
-9.63455e-005,1.95209e-004,1.91895e-001,1.59180e-001,1.07520e+000,8.90244e+000,1.58537e+001,-4.69512e+000
-2.18204e-005,6.18189e-004,1.85059e-001,1.54297e-001,1.09668e+000,8.41463e+000,1.88415e+001,-4.20732e+000
2.71916e-005,3.06661e-004,1.74805e-001,1.53809e-001,1.10596e+000,7.62195e+000,2.28659e+001,-4.32927e+000
1.47875e-004,-8.54353e-005,1.30859e-001,1.37207e-001,1.12793e+000,7.07317e+000,2.35366e+001,-4.20732e+000
3.27474e-004,-1.20348e-004,1.09863e-001,1.30371e-001,1.13477e+000,5.24390e+000,2.35366e+001,-2.56098e+000
3.65744e-004,-5.32082e-005,8.00781e-002,1.06934e-001,1.13086e+000,4.02439e+000,2.22561e+001,-1.95122e+000
1.91852e-004,-9.21492e-005,6.20117e-002,9.27734e-002,1.12500e+000,2.07317e+000,1.86585e+001,-1.46341e+000
6.17685e-005,-1.09606e-004,4.10156e-002,7.61719e-002,1.08545e+000,0.00000e+000,1.45122e+001,-1.15854e+000
7.43572e-005,-7.73785e-005,3.02734e-002,7.51953e-002,1.06982e+000,-1.34146e+000,1.36585e+001,-7.92683e-001
4.88441e-005,-2.83665e-005,2.29492e-002,8.00781e-002,1.04346e+000,-4.57317e+000,1.49390e+001,1.03659e+000
1.56100e-005,-1.07424e-005,3.27148e-002,8.15430e-002,1.03271e+000,-6.46341e+000,1.51220e+001,1.34146e+000
-4.95155e-005,-3.44091e-005,4.63867e-002,9.17969e-002,1.01416e+000,-7.74390e+000,1.68902e+001,1.15854e+000
-1.61807e-004,-5.63973e-005,4.49219e-002,1.03027e-001,1.01563e+000,-8.96342e+000,1.68293e+001,6.09756e-001
-2.58656e-004,-1.20348e-004,2.83203e-002,1.34766e-001,1.04199e+000,-1.15854e+001,1.53659e+001,1.21951e-001
-2.04944e-004,-9.65133e-005,1.61133e-002,1.45508e-001,1.06299e+000,-1.31707e+001,1.46951e+001,1.34146e+000
-8.25818e-005,-4.95155e-005,1.51367e-002,1.60645e-001,1.09082e+000,-1.43902e+001,1.20122e+001,3.35366e+000
3.81018e-005,-4.59907e-005,1.95313e-002,1.67480e-001,1.08594e+000,-1.50000e+001,1.07927e+001,3.96341e+000
4.17945e-005,-2.63523e-005,3.12500e-002,1.63574e-001,1.08057e+000,-1.69512e+001,7.37805e+000,2.98780e+000
1.84634e-006,-2.31632e-005,3.12500e-002,1.54785e-001,1.08105e+000,-1.71341e+001,5.12195e+000,1.15854e+000
2.09812e-005,9.56741e-006,1.36719e-002,1.36719e-001,1.07324e+000,-1.68902e+001,9.14634e-001,-2.92683e+000
7.82177e-005,4.04517e-005,-1.07422e-002,1.20117e-001,1.05908e+000,-1.70732e+001,-1.58537e+000,-5.12195e+000
2.43381e-005,5.48867e-005,-2.05078e-002,1.10352e-001,1.04785e+000,-1.63415e+001,-6.34146e+000,-1.03049e+001
-1.39315e-005,7.73785e-005,-4.49219e-002,9.61914e-002,1.00342e+000,-1.58537e+001,-8.35366e+000,-1.28659e+001
1.51064e-005,3.97803e-005,-6.20117e-002,9.32617e-002,9.90234e-001,-1.50000e+001,-1.12805e+001,-1.69512e+001
2.46738e-005,-9.24849e-005,-8.25195e-002,7.95898e-002,9.67285e-001,-1.56707e+001,-1.24390e+001,-1.84146e+001
-6.63004e-005,-1.53750e-004,-8.39844e-002,7.61719e-002,9.71191e-001,-1.58537e+001,-1.53049e+001,-2.14024e+001
-7.73785e-005,-1.03731e-004,-8.05664e-002,5.76172e-002,1.01660e+000,-1.68293e+001,-1.75610e+001,-2.28659e+001
-6.21042e-006,-5.11940e-005,-7.71484e-002,5.27344e-002,1.02393e+000,-1.60366e+001,-2.11585e+001,-2.51220e+001
-6.12650e-005,4.24659e-005,-6.68945e-002,4.73633e-002,1.00342e+000,-1.54268e+001,-2.22561e+001,-2.68293e+001
-2.60166e-005,1.54589e-004,-7.08008e-002,3.56445e-002,1.00342e+000,-1.54878e+001,-2.15854e+001,-2.76220e+001
-7.88891e-006,1.15984e-004,-2.44141e-002,1.75781e-002,9.62402e-001,-1.50000e+001,-1.84756e+001,-2.75610e+001
-8.94636e-005,4.19623e-006,9.76563e-004,4.88281e-003,9.47754e-001,-1.39634e+001,-1.60366e+001,-2.81098e+001
-1.50896e-004,4.53193e-006,4.44336e-002,-6.34766e-003,9.00391e-001,-1.04268e+001,-9.20732e+000,-3.09756e+001
-1.38476e-004,3.94446e-005,6.39648e-002,-1.17188e-002,8.88184e-001,-8.47561e+000,-5.24390e+000,-3.29878e+001
-8.82887e-005,1.06416e-004,8.88672e-002,-1.17188e-002,8.86719e-001,-3.78049e+000,5.06098e+000,-3.62195e+001
1.09606e-004,3.02129e-006,1.00586e-001,-1.02539e-002,9.00879e-001,-1.15854e+000,1.04878e+001,-3.72561e+001
2.19379e-004,-7.80499e-005,1.23535e-001,7.32422e-003,9.41895e-001,3.23171e+000,2.17073e+001,-3.77439e+001
2.52949e-004,-6.69719e-005,1.34766e-001,1.51367e-002,9.66309e-001,4.32927e+000,2.67073e+001,-3.71951e+001
1.60967e-004,-5.52224e-005,1.44043e-001,3.61328e-002,9.99512e-001,7.25610e+000,3.59146e+001,-3.52439e+001
-7.93927e-005,-4.28016e-005,1.48438e-001,5.12695e-002,9.96582e-001,8.41463e+000,3.95732e+001,-3.37805e+001
-2.05951e-004,-2.56809e-005,1.70410e-001,5.76172e-002,9.62402e-001,1.09756e+001,4.59146e+001,-3.23780e+001
-2.75441e-004,-1.51064e-006,1.87988e-001,6.05469e-002,9.16504e-001,1.27439e+001,4.96341e+001,-3.18902e+001
-3.22438e-004,8.39246e-006,1.98730e-001,5.61523e-002,9.03809e-001,1.67073e+001,5.59756e+001,-3.12195e+001
-1.41329e-004,-1.62814e-005,1.98242e-001,5.61523e-002,9.25293e-001,1.85976e+001,5.87805e+001,-3.14024e+001
4.48157e-005,-3.70947e-005,1.83594e-001,5.81055e-002,9.57031e-001,2.10366e+001,6.42683e+001,-3.25610e+001
1.17998e-004,-3.27306e-005,1.46484e-001,6.34766e-002,1.00732e+000,2.22561e+001,6.71341e+001,-3.28049e+001
6.34470e-005,1.15816e-005,1.37695e-001,6.34766e-002,1.02344e+000,2.38415e+001,7.01220e+001,-3.21951e+001
-1.37469e-004,1.66171e-005,1.19629e-001,5.95703e-002,1.09473e+000,2.37805e+001,7.00610e+001,-3.15244e+001
-1.99573e-004,4.36408e-006,1.06445e-001,5.81055e-002,1.11670e+000,2.19512e+001,6.90244e+001,-2.99390e+001
-1.32097e-004,2.24918e-005,8.83789e-002,5.85938e-002,1.15283e+000,2.06098e+001,6.75610e+001,-2.82317e+001
-8.82887e-005,2.03098e-005,7.51953e-002,5.71289e-002,1.15039e+000,1.99390e+001,6.61585e+001,-2.75610e+001
-3.70947e-005,1.35958e-005,4.88281e-002,4.68750e-002,1.10254e+000,1.88415e+001,6.24390e+001,-2.67073e+001
-3.50805e-005,1.79599e-005,3.46680e-002,4.15039e-002,1.03809e+000,1.89634e+001,6.13415e+001,-2.67683e+001
9.23171e-006,2.50095e-005,-1.46484e-003,3.46680e-002,9.13574e-001,1.94512e+001,5.84146e+001,-2.73780e+001
1.20684e-004,3.94446e-005,-1.75781e-002,3.02734e-002,8.79395e-001,1.90244e+001,5.59146e+001,-2.84756e+001
1.64660e-004,3.74304e-005,-5.56641e-002,1.46484e-002,7.60742e-001,1.98171e+001,5.06098e+001,-3.00610e+001
1.17998e-004,1.51064e-006,-7.12891e-002,3.90625e-003,6.97754e-001,2.04268e+001,4.79268e+001,-3.04268e+001
9.03029e-005,-4.93477e-005,-9.81445e-002,-2.19727e-002,5.97168e-001,2.03659e+001,4.39634e+001,-3.00610e+001
-8.89601e-006,-4.71656e-005,-1.16211e-001,-3.80859e-002,5.56641e-001,2.00610e+001,4.28049e+001,-2.95732e+001
-1.28237e-004,-2.33310e-005,-1.30371e-001,-6.44531e-002,5.62012e-001,1.76220e+001,4.14024e+001,-2.68902e+001
-1.06249e-004,-2.03098e-005,-1.27930e-001,-8.00781e-002,5.88867e-001,1.68293e+001,4.15244e+001,-2.54878e+001
-6.99931e-005,1.86313e-005,-1.06445e-001,-7.86133e-002,6.45996e-001,1.59756e+001,4.17683e+001,-2.24390e+001
-1.59457e-005,4.58228e-005,-5.66406e-002,-3.51563e-002,7.02148e-001,1.62805e+001,4.22561e+001,-2.10976e+001
5.70687e-005,1.56100e-005,-2.88086e-002,4.88281e-004,7.32910e-001,1.58537e+001,4.06707e+001,-1.89634e+001
1.12459e-004,7.21752e-006,1.36719e-002,7.76367e-002,7.77832e-001,1.61585e+001,3.90244e+001,-1.77439e+001
1.06920e-004,2.03098e-005,2.97852e-002,1.14746e-001,7.97852e-001,1.53659e+001,3.28659e+001,-1.50000e+001
3.30663e-005,1.42672e-005,3.22266e-002,1.72852e-001,8.07617e-001,1.45732e+001,2.96951e+001,-1.34756e+001
-1.69528e-005,3.52483e-006,2.53906e-002,1.93359e-001,8.09570e-001,1.39024e+001,2.31707e+001,-1.16463e+001
-4.22980e-005,2.31632e-005,-1.36719e-002,2.09961e-001,8.13477e-001,1.28049e+001,1.97561e+001,-1.10366e+001
-6.93217e-005,7.88891e-006,-3.51563e-002,2.03613e-001,8.21777e-001,1.05488e+001,1.33537e+001,-1.05488e+001
-3.54162e-005,-2.61845e-005,-7.12891e-002,1.62598e-001,8.29590e-001,8.10976e+000,9.45122e+000,-9.87805e+000
4.24659e-005,-1.96384e-005,-8.00781e-002,1.31348e-001,8.28125e-001,6.95122e+000,7.74390e+000,-9.14634e+000
3.65911e-005,6.54612e-006,-7.37305e-002,7.03125e-002,8.49121e-001,3.78049e+000,3.29268e+000,-6.76829e+000
1.09102e-005,-1.67849e-007,-5.66406e-002,3.85742e-002,8.60840e-001,2.92683e+000,1.21951e+000,-5.60976e+000
1.72885e-005,-1.79599e-005,-1.80664e-002,-4.88281e-004,8.85742e-001,1.15854e+000,-2.43902e+000,-3.35366e+000
8.89601e-006,-9.06386e-006,-8.30078e-003,-9.27734e-003,8.93066e-001,1.21951e-001,-4.08537e+000,-2.74390e+000
1.99741e-005,7.04967e-006,7.32422e-003,-5.85938e-003,9.01855e-001,-7.31707e-001,-7.74390e+000,-2.25610e+000
7.36858e-005,-8.56031e-006,1.70898e-002,4.39453e-003,9.05762e-001,-8.53659e-001,-8.96342e+000,-2.50000e+000
7.98962e-005,6.88182e-006,9.27734e-003,2.53906e-002,9.11133e-001,-1.28049e+000,-1.09146e+001,-2.37805e+000
4.36408e-006,4.24659e-005,6.83594e-003,3.90625e-002,9.12109e-001,-1.34146e+000,-1.14634e+001,-2.37805e+000
-8.61067e-005,4.53193e-005,8.30078e-003,6.00586e-002,9.01855e-001,-4.26829e-001,-1.22561e+001,-1.28049e+000
-1.20012e-004,1.84634e-006,4.39453e-003,6.78711e-002,8.97461e-001,-6.09756e-001,-1.22561e+001,-9.75610e-001
-9.88632e-005,-1.51064e-006,-2.44141e-003,7.03125e-002,8.88672e-001,-1.82927e-001,-1.21341e+001,1.28049e+000
-2.93736e-005,9.23171e-006,4.88281e-003,6.78711e-002,8.79883e-001,2.43902e-001,-1.22561e+001,2.80488e+000
2.53452e-005,4.81727e-005,1.51367e-002,6.10352e-002,8.79883e-001,6.70732e-001,-1.21951e+001,6.03659e+000
3.47448e-005,3.27306e-005,4.29688e-002,4.00391e-002,8.73535e-001,1.46341e+000,-1.20122e+001,7.31707e+000
9.06386e-006,1.05745e-005,5.76172e-002,2.88086e-002,8.61328e-001,2.31707e+000,-1.18293e+001,9.57317e+000
1.29244e-005,-9.23171e-006,8.30078e-002,-2.44141e-003,8.21289e-001,3.23171e+000,-1.25000e+001,1.06098e+001
7.55322e-006,-3.03807e-005,9.52148e-002,-1.12305e-002,7.98828e-001,5.00000e+000,-1.43902e+001,1.17073e+001
-1.40993e-005,-4.83406e-005,8.69141e-002,-2.49023e-002,7.61230e-001,6.21951e+000,-1.60366e+001,1.15244e+001
-4.44800e-005,-4.85084e-005,7.76367e-002,-2.63672e-002,7.45605e-001,7.98780e+000,-1.89634e+001,1.13415e+001
-5.11940e-005,-3.20592e-005,4.54102e-002,-2.78320e-002,7.34375e-001,9.87805e+000,-2.19512e+001,1.03049e+001
-5.45510e-005,-1.51064e-006,2.44141e-002,-2.73438e-002,7.27051e-001,1.04268e+001,-2.39024e+001,9.39024e+000
-7.62036e-005,1.01717e-004,-2.63672e-002,-2.39258e-002,6.89453e-001,1.25610e+001,-2.85976e+001,7.86585e+000
-8.14069e-005,1.82788e-004,-5.27344e-002,-1.41602e-002,6.53320e-001,1.33537e+001,-3.16463e+001,6.82927e+000
-8.34211e-005,7.43572e-005,-1.19629e-001,2.92969e-003,5.68359e-001,1.39024e+001,-3.71951e+001,4.57317e+000
-6.16007e-005,-5.11940e-005,-1.53809e-001,9.76563e-003,5.31250e-001,1.38415e+001,-3.96341e+001,3.23171e+000
-3.34020e-005,-6.54612e-005,-2.55859e-001,4.63867e-002,5.06348e-001,1.09146e+001,-4.12805e+001,1.21951e+000
-1.34279e-005,-7.78820e-005,-3.31543e-001,5.95703e-002,5.30762e-001,8.41463e+000,-4.28049e+001,2.43902e-001
3.27306e-005,-9.34920e-005,-4.58984e-001,8.25195e-002,5.97656e-001,4.14634e+000,-5.10976e+001,-1.89024e+000
4.81727e-005,-7.46929e-005,-5.03418e-001,8.83789e-002,6.12305e-001,3.41463e+000,-5.56098e+001,-2.86585e+000
2.92058e-005,-2.03098e-005,-5.58105e-001,8.78906e-002,5.98145e-001,3.59756e+000,-6.48781e+001,-5.67073e+000
2.68559e-005,1.19173e-005,-5.75684e-001,8.88672e-002,5.84473e-001,3.71951e+000,-6.87195e+001,-7.92683e+000
2.66880e-005,3.74304e-005,-5.83496e-001,8.10547e-002,5.82520e-001,2.86585e+000,-7.66463e+001,-1.26220e+001
3.52483e-006,4.21302e-005,-5.44922e-001,6.49414e-002,5.88379e-001,2.68293e+000,-7.87195e+001,-1.47561e+001
-1.39315e-005,2.43381e-005,-5.07813e-001,5.41992e-002,6.04004e-001,1.15854e+000,-8.09146e+001,-1.70732e+001
-1.69528e-005,2.29953e-005,-3.85254e-001,3.27148e-002,6.50879e-001,1.82927e-001,-8.02439e+001,-1.72561e+001
-1.64492e-005,1.51064e-006,-3.09082e-001,2.39258e-002,6.82129e-001,-9.75610e-001,-7.68293e+001,-1.58537e+001
-1.19173e-005,5.03548e-007,-1.20605e-001,1.46484e-002,7.55859e-001,-1.46341e+000,-7.43293e+001,-1.45122e+001
-2.83665e-005,1.46029e-005,-2.09961e-002,1.31836e-002,7.99805e-001,-1.09756e+000,-6.62805e+001,-1.09146e+001
-4.69978e-005,6.21042e-006,1.55273e-001,1.31836e-002,8.38379e-001,1.21951e-001,-6.03659e+001,-8.84146e+000
-4.75013e-005,5.87472e-006,2.31445e-001,2.29492e-002,8.26172e-001,2.31707e+000,-4.64024e+001,-5.97561e+000
-3.91089e-005,3.35698e-006,3.31543e-001,5.02930e-002,7.65625e-001,3.04878e+000,-3.48171e+001,-3.78049e+000
-3.57519e-005,-1.09102e-005,3.65234e-001,6.93359e-002,7.55371e-001,2.92683e+000,-2.92073e+001,-3.41463e+000
-3.13878e-005,-3.17235e-005,3.72559e-001,1.10352e-001,7.55859e-001,2.74390e+000,-1.64634e+001,-2.50000e+000
-2.03098e-005,-3.23949e-005,3.57910e-001,1.30371e-001,7.59766e-001,3.35366e+000,-8.90244e+000,-2.07317e+000
-6.37827e-006,-1.04067e-005,2.95898e-001,1.71387e-001,7.78320e-001,4.75610e+000,6.52439e+000,-1.95122e+000
-1.22530e-005,2.18204e-006,2.53906e-001,1.91895e-001,7.91504e-001,5.73171e+000,1.46341e+001,-2.01220e+000
-1.32601e-005,1.04067e-005,1.61133e-001,2.16309e-001,8.59863e-001,7.01220e+000,2.85366e+001,-1.15854e+000
-7.21752e-006,-3.70947e-005,1.24512e-001,2.30957e-001,9.07715e-001,8.35366e+000,3.43902e+001,-3.65854e-001
-1.77920e-005,-4.36408e-005,6.78711e-002,2.43164e-001,1.01758e+000,8.04878e+000,4.44512e+001,1.64634e+000
-3.84375e-005,-1.79599e-005,4.54102e-002,2.47559e-001,1.07520e+000,7.25610e+000,4.82317e+001,2.86585e+000
-5.72366e-005,-5.69009e-005,2.09961e-002,2.46094e-001,1.15527e+000,6.34146e+000,5.31098e+001,6.70732e+000
-5.52224e-005,-1.17494e-005,2.53906e-002,2.41699e-001,1.18457e+000,5.73171e+000,5.45732e+001,9.39024e+000
-2.90379e-005,9.01350e-005,6.05469e-002,2.26074e-001,1.22363e+000,3.84146e+000,5.80488e+001,1.34756e+001
-2.92058e-005,1.53918e-004,1.21582e-001,1.87988e-001,1.23291e+000,2.98780e+000,6.04268e+001,1.57927e+001
-4.07874e-005,2.08301e-004,1.71387e-001,1.61621e-001,1.22852e+000,1.89024e+000,6.37805e+001,2.10976e+001
-2.36667e-005,1.13298e-004,2.64648e-001,1.07422e-001,1.23438e+000,1.21951e+000,6.50000e+001,2.42683e+001
-1.24208e-005,3.44091e-005,2.85156e-001,9.03320e-002,1.24512e+000,6.70732e-001,6.67073e+001,3.01829e+001
-1.04067e-005,-5.62295e-005,2.90527e-001,8.93555e-002,1.31494e+000,4.87805e-001,6.50000e+001,3.29878e+001
-6.54612e-006,-5.23690e-005,2.57324e-001,1.13281e-001,1.33936e+000,2.68293e+000,5.47561e+001,3.47561e+001
-2.76951e-005,-1.12963e-004,1.22070e-001,1.70898e-001,1.43262e+000,3.96341e+000,4.45732e+001,3.30488e+001
-6.46220e-005,-1.73724e-004,1.41602e-002,1.96777e-001,1.48584e+000,6.03659e+000,1.71341e+001,2.71341e+001
-6.74754e-005,-9.56741e-005,-1.78711e-001,2.29492e-001,1.49951e+000,8.90244e+000,-1.14024e+001,2.42073e+001
-5.82437e-005,-4.04517e-005,-2.48047e-001,2.22168e-001,1.47852e+000,9.63415e+000,-2.48780e+001,2.27439e+001
-4.29694e-005,-5.20333e-005,-3.55469e-001,1.35254e-001,1.39990e+000,1.30488e+001,-4.63415e+001,1.76829e+001
-2.56809e-005,-4.80049e-005,-4.14063e-001,7.51953e-002,1.30518e+000,1.56098e+001,-5.45732e+001,1.45122e+001
-1.62814e-005,-9.56741e-006,-5.13184e-001,-1.51367e-002,1.10498e+000,1.73780e+001,-6.61585e+001,1.01220e+001
-1.02388e-005,-3.47448e-005,-5.43945e-001,-3.80859e-002,1.04980e+000,1.65854e+001,-7.20732e+001,8.90244e+000
-1.02388e-005,-9.68490e-005,-5.35645e-001,-1.00586e-001,9.79980e-001,1.31707e+001,-7.92073e+001,1.24390e+001
-1.66171e-005,-1.68856e-004,-4.87793e-001,-1.30859e-001,9.42383e-001,1.19512e+001,-7.82927e+001,1.73780e+001
5.20333e-006,-1.70367e-004,-3.30566e-001,-1.72852e-001,8.54492e-001,8.53659e+000,-6.92683e+001,2.82927e+001
3.92767e-005,-9.88632e-005,-2.39746e-001,-1.86035e-001,8.19824e-001,6.40244e+000,-6.24390e+001,3.26829e+001
4.64942e-005,-1.15816e-005,-5.90820e-002,-1.83105e-001,8.01758e-001,3.47561e+000,-4.72561e+001,3.84146e+001
4.49836e-005,8.82887e-005,2.53906e-002,-1.65527e-001,8.24707e-001,2.19512e+000,-3.96341e+001,3.98171e+001
7.03288e-005,8.97993e-005,1.71875e-001,-9.37500e-002,8.95508e-001,1.15854e+000,-2.56707e+001,3.96341e+001
8.02319e-005,-3.18914e-006,2.37793e-001,3.90625e-003,9.82422e-001,1.40244e+000,-1.90244e+001,3.79268e+001
6.88182e-005,-3.00450e-005,2.41211e-001,4.49219e-002,1.02002e+000,2.98780e+000,-9.39024e+000,3.40854e+001
6.22721e-005,-2.80308e-005,2.02637e-001,1.15234e-001,1.06152e+000,4.26829e+000,-6.21951e+000,3.23780e+001
4.33051e-005,-2.60166e-005,1.71387e-001,1.43066e-001,1.06738e+000,6.89024e+000,-4.14634e+000,2.88415e+001
-1.19173e-005,3.52483e-006,7.32422e-002,1.78711e-001,1.04785e+000,8.35366e+000,-4.75610e+000,2.64024e+001
-7.80499e-005,4.51514e-005,1.46484e-002,1.84082e-001,1.02783e+000,1.20732e+001,-7.92683e+000,2.12805e+001
-1.06920e-004,8.10712e-005,-1.03516e-001,1.75781e-001,9.65820e-001,1.27439e+001,-1.01829e+001,1.84146e+001
-9.68490e-005,9.28206e-005,-1.60156e-001,1.59668e-001,9.37500e-001,1.50610e+001,-1.47561e+001,1.33537e+001
-4.96834e-005,1.22026e-004,-2.36328e-001,1.25977e-001,8.98926e-001,1.41463e+001,-1.93293e+001,1.01829e+001
-2.87022e-005,7.97284e-005,-2.52930e-001,1.00098e-001,8.91602e-001,1.26829e+001,-2.10976e+001,9.63415e+000
-3.77661e-005,-5.75723e-005,-2.50977e-001,5.85938e-002,8.95996e-001,9.93902e+000,-2.31707e+001,9.45122e+000
-3.87732e-005,-6.12650e-005,-2.35840e-001,3.75977e-002,9.09668e-001,8.90244e+000,-2.32317e+001,1.06098e+001
-3.64233e-005,1.79599e-005,-1.78711e-001,1.80664e-002,9.43359e-001,6.09756e+000,-2.12805e+001,1.30488e+001
-4.51514e-005,2.46738e-005,-1.41113e-001,1.51367e-002,9.59961e-001,5.36585e+000,-1.94512e+001,1.52439e+001
-5.82437e-005,5.79080e-005,-4.98047e-002,2.68555e-002,9.88770e-001,3.78049e+000,-1.45732e+001,1.88415e+001
-7.40215e-005,2.09140e-004,-8.78906e-003,3.41797e-002,9.99023e-001,3.23171e+000,-1.15244e+001,2.05488e+001
-7.46929e-005,4.06027e-004,6.88477e-002,6.34766e-002,1.01074e+000,2.92683e+000,-4.69512e+000,2.31098e+001
-6.69719e-005,1.47707e-004,1.02051e-001,8.00781e-002,1.01367e+000,2.86585e+000,-1.09756e+000,2.40854e+001
-5.03548e-005,1.34279e-005,1.42090e-001,1.13770e-001,1.01074e+000,3.65854e+000,6.21951e+000,2.44512e+001
-2.13169e-005,1.63485e-004,1.56250e-001,1.26953e-001,1.00537e+000,4.39024e+000,9.51220e+000,2.39634e+001
4.19623e-006,1.59289e-004,1.55273e-001,1.45020e-001,1.00000e+000,5.36585e+000,1.56098e+001,2.32317e+001
2.60166e-005,2.11490e-005,1.49902e-001,1.55762e-001,1.00732e+000,5.79268e+000,1.80488e+001,2.24390e+001
4.01160e-005,4.48157e-005,1.38672e-001,1.59180e-001,1.01221e+000,6.09756e+000,2.24390e+001,2.15244e+001
2.63523e-005,-8.34211e-005,1.10840e-001,1.61133e-001,1.02637e+000,5.60976e+000,2.34146e+001,2.09756e+001
1.25887e-005,8.72816e-006,1.00098e-001,1.62109e-001,1.02930e+000,4.32927e+000,2.42073e+001,2.06098e+001
-1.17494e-006,2.39185e-004,6.88477e-002,1.56250e-001,1.01807e+000,3.59756e+000,2.48780e+001,2.02439e+001
5.53903e-006,1.64324e-004,5.66406e-002,1.52832e-001,1.01758e+000,1.21951e-001,2.53049e+001,2.02439e+001
2.70237e-005,-2.46738e-005,2.29492e-002,1.39160e-001,1.01074e+000,-1.46341e+000,2.53049e+001,2.00610e+001
2.19883e-005,-2.35325e-004,1.17188e-002,1.31348e-001,1.00732e+000,-4.14634e+000,2.32317e+001,1.93902e+001
2.34989e-006,-2.47242e-004,-1.36719e-002,1.17676e-001,9.87305e-001,-6.09756e+000,1.81098e+001,1.78049e+001
-1.17494e-005,-2.31632e-004,-3.17383e-002,1.14258e-001,9.73145e-001,-7.25610e+000,1.54878e+001,1.70122e+001
-1.67849e-007,-2.64363e-004,-6.20117e-002,1.05957e-001,9.39453e-001,-9.57317e+000,1.09146e+001,1.62805e+001
1.76242e-005,-1.31426e-004,-7.71484e-002,1.06445e-001,9.26758e-001,-1.08537e+001,8.23171e+000,1.54878e+001
2.40024e-005,-6.94896e-005,-9.96094e-002,9.71680e-002,9.00391e-001,-1.28659e+001,2.50000e+000,1.29268e+001
7.21752e-006,-1.29076e-004,-1.08887e-001,9.52148e-002,8.84766e-001,-1.31707e+001,-6.09756e-002,1.16463e+001
-4.21302e-005,-1.80102e-004,-1.14258e-001,8.74023e-002,8.43750e-001,-1.42683e+001,-4.39024e+000,7.92683e+000
-4.54871e-005,-1.24544e-004,-1.07422e-001,8.39844e-002,8.25195e-001,-1.46951e+001,-6.03659e+000,6.21951e+000
6.02579e-005,-8.81209e-005,-8.98438e-002,9.03320e-002,8.28613e-001,-1.51220e+001,-6.03659e+000,2.56098e+000
1.21691e-004,-1.27062e-004,-8.44727e-002,9.42383e-002,8.36914e-001,-1.48171e+001,-6.40244e+000,4.26829e-001
7.73785e-005,-1.32769e-004,-7.03125e-002,1.07422e-001,8.79883e-001,-1.48171e+001,-5.54878e+000,-3.78049e+000
-8.39246e-007,-1.09606e-004,-6.34766e-002,1.15234e-001,9.01855e-001,-1.45732e+001,-5.36585e+000,-6.09756e+000
-5.62295e-005,-9.68490e-005,-4.44336e-002,1.16211e-001,9.27246e-001,-1.39634e+001,-7.19512e+000,-1.11585e+001
-4.56550e-005,-4.58228e-005,-3.75977e-002,1.15234e-001,9.27734e-001,-1.28659e+001,-8.41463e+000,-1.43293e+001
-2.88701e-005,1.46029e-005,-5.02930e-002,1.09375e-001,9.21875e-001,-1.03659e+001,-1.35976e+001,-2.09756e+001
-4.44800e-005,7.41894e-005,-7.95898e-002,1.05469e-001,9.35547e-001,-9.39024e+000,-1.71341e+001,-2.43902e+001
-4.31373e-005,1.36629e-004,-1.00098e-001,1.01074e-001,9.37500e-001,-8.35366e+000,-2.37195e+001,-2.98171e+001
1.22530e-005,1.82284e-004,-1.35254e-001,9.57031e-002,9.19922e-001,-8.17073e+000,-2.68902e+001,-3.16463e+001
1.76242e-005,2.56809e-004,-1.40137e-001,8.30078e-002,9.12598e-001,-8.65854e+000,-3.07927e+001,-3.41463e+001
-9.06386e-006,2.37842e-004,-1.39160e-001,6.34766e-002,9.18945e-001,-8.96342e+000,-3.20732e+001,-3.44512e+001
-6.09293e-005,1.22530e-004,-1.28906e-001,5.37109e-002,9.17480e-001,-9.02439e+000,-3.32927e+001,-3.50610e+001
-1.21691e-004,5.80758e-005,-8.74023e-002,4.19922e-002,9.18457e-001,-1.00000e+001,-3.23780e+001,-3.62195e+001
-8.09033e-005,2.19883e-005,-6.59180e-002,4.10156e-002,9.27734e-001,-1.05488e+001,-3.03659e+001,-3.64634e+001
-2.16526e-005,-2.16526e-005,-2.97852e-002,2.92969e-002,9.47754e-001,-1.06098e+001,-2.69512e+001,-3.75000e+001
-4.68299e-005,-2.73594e-005,2.92969e-003,2.88086e-002,9.72656e-001,-1.07317e+001,-2.41463e+001,-3.76220e+001
-4.88441e-005,-1.49386e-005,6.59180e-002,2.00195e-002,1.08496e+000,-9.81707e+000,-1.79878e+001,-3.69512e+001
-2.97093e-005,2.73594e-005,8.30078e-002,4.39453e-003,1.11182e+000,-8.35366e+000,-1.32927e+001,-3.65854e+001
-2.76951e-005,8.71138e-005,1.38672e-001,-9.76563e-003,1.07520e+000,-6.21951e+000,-2.86585e+000,-3.40854e+001
-4.93477e-005,9.58419e-005,1.69434e-001,-1.12305e-002,1.05371e+000,-5.30488e+000,2.01220e+000,-3.32317e+001
-6.88182e-005,5.18654e-005,2.20215e-001,-1.80664e-002,1.00049e+000,-3.04878e+000,9.51220e+000,-3.44512e+001
-5.18654e-005,-2.65202e-005,2.35840e-001,-1.80664e-002,9.84375e-001,-1.89024e+000,1.39024e+001,-3.54878e+001
5.03548e-007,-1.43175e-004,2.57813e-001,-1.31836e-002,9.64844e-001,2.25610e+000,2.48780e+001,-3.70732e+001
5.62295e-005,-2.59327e-004,2.61719e-001,-8.78906e-003,9.64355e-001,3.84146e+000,3.04878e+001,-3.73780e+001
5.35439e-005,-1.27565e-004,2.60254e-001,8.30078e-003,9.78516e-001,6.89024e+000,4.08537e+001,-3.59146e+001
4.07874e-005,-1.15648e-004,2.53906e-001,3.07617e-002,1.01318e+000,7.43902e+000,4.53049e+001,-3.41463e+001
2.70237e-005,-1.43679e-004,2.51953e-001,4.39453e-002,1.02148e+000,9.32927e+000,5.30488e+001,-3.08537e+001
-3.52483e-006,6.29435e-005,2.54395e-001,5.41992e-002,1.00488e+000,1.03049e+001,5.73171e+001,-2.88415e+001
-2.97093e-005,9.41634e-005,2.48047e-001,6.10352e-002,1.00000e+000,1.26829e+001,6.54878e+001,-2.60976e+001
-1.56100e-005,1.15312e-004,2.09473e-001,7.22656e-002,1.00781e+000,1.33537e+001,6.82927e+001,-2.50610e+001
-8.39246e-007,2.39521e-004,1.79688e-001,7.86133e-002,1.00977e+000,1.45732e+001,7.30488e+001,-2.39634e+001
-4.86763e-006,3.36873e-004,1.13281e-001,9.03320e-002,1.01660e+000,1.43902e+001,7.34146e+001,-2.31707e+001
-2.68559e-006,1.93866e-004,8.54492e-002,9.81445e-002,1.02930e+000,1.33537e+001,7.15854e+001,-2.19512e+001
-1.84634e-006,6.34470e-005,1.95313e-002,1.03516e-001,1.03760e+000,1.16463e+001,6.83537e+001,-2.04878e+001
8.56031e-006,2.85344e-005,-8.78906e-003,1.08398e-001,1.03662e+000,1.00000e+001,6.60366e+001,-1.99390e+001
4.71656e-005,-1.19173e-005,-6.34766e-002,1.16211e-001,1.06250e+000,6.34146e+000,6.05488e+001,-1.87805e+001
6.81468e-005,-3.97803e-005,-8.98438e-002,1.13770e-001,1.06885e+000,4.08537e+000,5.73781e+001,-1.84756e+001
4.36408e-006,-5.11940e-005,-1.46484e-001,1.01074e-001,1.06738e+000,1.09756e+000,4.92683e+001,-1.72561e+001
-5.82437e-005,-5.72366e-005,-1.75293e-001,9.52148e-002,1.04590e+000,3.65854e-001,4.43293e+001,-1.71951e+001
-8.07355e-005,-4.12909e-005,-2.22656e-001,8.00781e-002,9.72656e-001,1.21951e-001,3.35366e+001,-1.56707e+001
-7.95605e-005,-5.55581e-005,-2.42188e-001,7.32422e-002,9.32617e-001,-1.82927e-001,2.70122e+001,-1.56707e+001
-1.00877e-004,-7.01610e-005,-2.81250e-001,5.66406e-002,8.91602e-001,-9.75610e-001,1.32317e+001,-1.53049e+001
-8.24140e-005,-7.30144e-005,-3.00293e-001,5.12695e-002,8.72559e-001,-1.15854e+000,6.76829e+000,-1.54878e+001
1.93027e-005,-7.50286e-005,-3.15918e-001,3.12500e-002,8.17871e-001,-1.89024e+000,-5.06098e+000,-1.58537e+001
8.40925e-005,-1.02556e-004,-3.10059e-001,1.66016e-002,7.86621e-001,-2.31707e+000,-9.63415e+000,-1.58537e+001
7.93927e-005,-1.19341e-004,-2.76855e-001,-9.27734e-003,7.35352e-001,-4.51220e+000,-1.44512e+001,-1.45122e+001
2.80308e-005,-1.15648e-004,-2.15820e-001,-4.54102e-002,6.87988e-001,-4.57317e+000,-1.48171e+001,-1.37195e+001
-2.40024e-005,-6.66362e-005,-1.77734e-001,-6.44531e-002,6.71387e-001,-4.02439e+000,-1.12195e+001,-1.12195e+001
-5.48867e-005,1.79599e-005,-8.93555e-002,-8.83789e-002,6.89453e-001,-3.59756e+000,-7.56098e+000,-1.03659e+001
-7.70428e-005,8.52674e-005,-4.19922e-002,-9.13086e-002,7.23633e-001,-2.50000e+000,3.35366e+000,-8.78049e+000
-1.44686e-004,6.26078e-005,4.88281e-002,-7.56836e-002,7.91016e-001,-7.31707e-001,1.03049e+001,-8.10976e+000
-1.43343e-004,-2.65202e-005,1.00098e-001,-4.88281e-002,8.16895e-001,2.56098e+000,2.00610e+001,-6.46341e+000
-7.87213e-005,-6.56291e-005,1.77734e-001,2.68555e-002,8.69629e-001,3.10976e+000,2.31707e+001,-5.97561e+000
-4.11231e-005,-6.68040e-005,1.95801e-001,6.73828e-002,8.86230e-001,5.54878e+000,2.75610e+001,-4.63415e+000
-3.18914e-005,-7.23430e-005,2.12891e-001,1.36719e-001,9.07227e-001,7.31707e+000,2.69512e+001,-2.56098e+000
1.32601e-005,-7.06645e-005,2.00195e-001,1.73340e-001,9.12109e-001,7.62195e+000,2.50610e+001,-1.21951e+000
3.67590e-005,-4.69978e-006,1.39160e-001,2.17773e-001,9.18945e-001,7.68293e+000,1.93293e+001,0.00000e+000
-7.21752e-006,6.78111e-005,9.86328e-002,2.24121e-001,9.13574e-001,6.82927e+000,1.64634e+001,6.09756e-001
-2.09812e-005,8.00641e-005,1.85547e-002,2.05566e-001,8.95996e-001,5.18293e+000,1.11585e+001,8.53659e-001
-4.86763e-006,5.87472e-005,-1.07422e-002,1.84082e-001,8.88184e-001,3.90244e+000,8.65854e+000,9.75610e-001
4.31373e-005,-7.72107e-006,-5.56641e-002,1.17188e-001,8.69629e-001,1.46341e+000,4.39024e+000,9.14634e-001
8.20783e-005,-2.06455e-005,-6.10352e-002,7.81250e-002,8.61816e-001,3.65854e-001,2.74390e+000,1.09756e+000
4.53193e-005,-1.02388e-005,-5.85938e-002,2.19727e-002,8.52051e-001,-6.09756e-001,3.04878e-001,6.70732e-001
3.92767e-005,-1.49386e-005,-5.61523e-002,-5.85938e-003,8.46680e-001,-1.15854e+000,-8.53659e-001,7.92683e-001
3.18914e-005,-3.27306e-005,-4.29688e-002,-3.32031e-002,8.39355e-001,-1.34146e+000,-2.50000e+000,6.70732e-001
-1.19173e-005,-6.02579e-005,-3.46680e-002,-3.90625e-002,8.34961e-001,-9.75610e-001,-2.74390e+000,1.03659e+000
-3.17235e-005,-1.47707e-005,-2.97852e-002,-3.56445e-002,8.36914e-001,-6.09756e-001,-3.23171e+000,7.92683e-001
-3.37377e-005,5.55581e-005,-2.58789e-002,-1.90430e-002,8.41309e-001,-3.65854e-001,-3.59756e+000,1.03659e+000
-4.22980e-005,6.94896e-005,-2.00195e-002,-1.31836e-002,8.47168e-001,6.09756e-001,-3.17073e+000,8.53659e-001
2.51774e-006,3.99481e-005,-1.95313e-002,6.83594e-003,8.47168e-001,1.09756e+000,-2.25610e+000,6.09756e-001
1.67849e-007,-5.87472e-006,-1.70898e-002,1.95313e-002,8.46680e-001,2.43902e+000,0.00000e+000,1.09756e+000
-2.09812e-005,-2.26596e-005,-1.02539e-002,3.41797e-002,8.54492e-001,3.35366e+000,1.40244e+000,1.89024e+000
4.53193e-006,-1.62814e-005,-4.88281e-003,4.15039e-002,8.60352e-001,4.51220e+000,2.98780e+000,3.29268e+000
1.62814e-005,-1.15816e-005,1.26953e-002,4.68750e-002,8.70605e-001,4.87805e+000,3.96341e+000,4.08537e+000
3.17235e-005,-5.03548e-006,2.29492e-002,4.54102e-002,8.77930e-001,5.48780e+000,6.82927e+000,5.91463e+000
3.18914e-006,-1.09102e-005,3.22266e-002,3.90625e-002,8.67676e-001,6.89024e+000,1.00000e+001,7.19512e+000
-7.88891e-006,-1.46029e-005,3.27148e-002,3.56445e-002,8.47168e-001,7.68293e+000,1.07317e+001,7.86585e+000
-6.54612e-006,-1.35958e-005,2.39258e-002,3.90625e-002,7.93945e-001,9.87805e+000,1.21951e+001,8.53659e+000
-3.72625e-005,-5.53903e-006,1.85547e-002,3.56445e-002,7.74414e-001,1.05488e+001,1.22561e+001,8.35366e+000
-6.56291e-005,2.88701e-005,-1.70898e-002,2.78320e-002,7.51465e-001,1.34146e+001,1.29878e+001,7.50000e+000
-8.61067e-005,4.71656e-005,-3.27148e-002,2.49023e-002,7.23145e-001,1.46951e+001,1.20122e+001,6.89024e+000
-1.04067e-004,1.02388e-005,-7.51953e-002,2.58789e-002,6.67969e-001,1.68902e+001,8.65854e+000,5.48780e+000
-7.97284e-005,-2.83665e-005,-1.04980e-001,2.34375e-002,6.44531e-001,1.76829e+001,5.48780e+000,4.87805e+000
-1.14137e-005,-4.31373e-005,-1.64551e-001,2.14844e-002,6.21582e-001,1.79878e+001,-3.10976e+000,2.74390e+000
6.54612e-006,-6.16007e-005,-2.01172e-001,2.19727e-002,6.11328e-001,1.84756e+001,-7.19512e+000,1.70732e+000
-2.83665e-005,2.36667e-005,-2.82715e-001,2.49023e-002,5.84473e-001,1.73780e+001,-1.65854e+001,-1.82927e-001
-2.45060e-005,8.81209e-005,-3.63281e-001,2.68555e-002,5.71289e-001,1.71341e+001,-2.22561e+001,-1.03659e+000
5.03548e-006,6.69719e-005,-3.99902e-001,2.83203e-002,5.56152e-001,1.62195e+001,-3.46341e+001,-3.47561e+000
7.38537e-006,4.16266e-005,-4.53125e-001,2.34375e-002,5.25879e-001,1.68902e+001,-4.08537e+001,-4.26829e+000
6.54612e-006,5.99222e-005,-4.70703e-001,2.05078e-002,5.24902e-001,1.50610e+001,-5.37195e+001,-5.30488e+000
3.77661e-005,4.54871e-005,-4.82910e-001,1.80664e-002,5.37598e-001,1.45122e+001,-5.92683e+001,-5.91463e+000
6.07614e-005,-3.03807e-005,-4.83398e-001,1.80664e-002,5.52734e-001,1.33537e+001,-7.01829e+001,-6.64634e+000
5.55581e-005,-6.34470e-005,-4.47754e-001,2.39258e-002,5.92773e-001,1.23171e+001,-7.47561e+001,-6.82927e+000
2.80308e-005,-3.54162e-005,-4.16992e-001,2.78320e-002,6.16699e-001,1.03049e+001,-8.07317e+001,-6.76829e+000
1.15816e-005,1.76242e-005,-3.36914e-001,3.61328e-002,6.78223e-001,9.32927e+000,-8.18293e+001,-6.21951e+000
1.51064e-006,2.41703e-005,-2.80762e-001,4.19922e-002,7.10449e-001,6.89024e+000,-8.22561e+001,-5.30488e+000
-3.02129e-005,2.80308e-005,-1.48926e-001,5.07813e-002,7.65625e-001,4.81707e+000,-7.94512e+001,-5.12195e+000
-4.34730e-005,4.95155e-005,-7.95898e-002,4.98047e-002,7.83691e-001,4.08537e+000,-7.70122e+001,-4.63415e+000
-2.51774e-006,5.28725e-005,4.88281e-002,5.56641e-002,8.15918e-001,3.29268e+000,-7.17683e+001,-4.26829e+000
-1.42672e-005,2.38346e-005,1.12305e-001,6.15234e-002,8.16406e-001,3.04878e+000,-6.82927e+001,-3.90244e+000
-5.58938e-005,-2.50095e-005,2.06055e-001,7.32422e-002,8.13477e-001,3.04878e+000,-6.01829e+001,-2.19512e+000
-6.66362e-005,-1.29244e-005,2.40234e-001,8.64258e-002,7.95898e-001,3.90244e+000,-5.65854e+001,-1.64634e+000
-8.50996e-005,3.65911e-005,2.85645e-001,1.22070e-001,7.74902e-001,3.17073e+000,-4.90244e+001,-1.82927e-001
-7.63714e-005,2.98772e-005,2.89551e-001,1.40625e-001,7.73926e-001,2.37805e+000,-4.56707e+001,1.82927e-001
-4.44800e-005,-3.44091e-005,2.58301e-001,1.81641e-001,7.51953e-001,1.34146e+000,-3.73780e+001,1.82927e-001
-1.76242e-005,-6.09293e-005,2.29004e-001,2.01660e-001,7.38770e-001,9.14634e-001,-3.21951e+001,0.00000e+000
3.69268e-006,-9.58419e-005,1.44531e-001,2.31445e-001,7.39746e-001,3.04878e-001,-1.96951e+001,-9.14634e-001
1.51064e-006,-1.06249e-004,5.37109e-002,2.47559e-001,7.79297e-001,3.65854e-001,-1.31707e+001,-9.14634e-001
8.22461e-006,-8.17426e-005,1.75781e-002,2.48535e-001,8.03711e-001,1.21951e+000,-6.09756e-001,-1.34146e+000
-1.35958e-005,-8.35889e-005,-4.54102e-002,2.41699e-001,8.66699e-001,2.31707e+000,5.00000e+000,-1.15854e+000
-3.57519e-005,-1.02220e-004,-7.42188e-002,2.40234e-001,8.99414e-001,3.96341e+000,1.32927e+001,-6.09756e-002
-1.87991e-005,-1.30755e-004,-1.03516e-001,2.26074e-001,9.92188e-001,3.96341e+000,1.64024e+001,1.46341e+000
8.39246e-007,-1.53918e-004,-1.04492e-001,2.28027e-001,1.05322e+000,3.41463e+000,2.36585e+001,5.48780e+000
1.59457e-005,-1.26390e-004,-8.25195e-002,2.22168e-001,1.17285e+000,2.68293e+000,2.81707e+001,8.17073e+000
2.53452e-005,-7.43572e-005,-5.90820e-002,2.14844e-001,1.22021e+000,-1.82927e-001,3.88415e+001,1.40854e+001
6.37827e-006,-2.98772e-005,8.30078e-003,1.97266e-001,1.29688e+000,-1.28049e+000,4.25610e+001,1.68293e+001
-8.22461e-006,1.17494e-006,4.83398e-002,1.83105e-001,1.31348e+000,-3.04878e+000,4.59146e+001,2.20122e+001
-2.46738e-005,2.58488e-005,1.46973e-001,1.48438e-001,1.30225e+000,-3.71951e+000,4.59756e+001,2.64634e+001
-5.28725e-005,1.39315e-005,1.95801e-001,1.18164e-001,1.29248e+000,-4.08537e+000,4.65244e+001,2.84756e+001
-9.09743e-005,-3.70947e-005,2.69043e-001,4.10156e-002,1.23828e+000,-2.74390e+000,5.18293e+001,3.38415e+001
-7.93927e-005,-7.93927e-005,2.83691e-001,1.41602e-002,1.18604e+000,-1.58537e+000,5.48781e+001,3.78659e+001
-4.43122e-005,-8.67781e-005,2.93457e-001,1.75781e-002,1.14990e+000,6.09756e-001,5.47561e+001,4.29268e+001
-3.10521e-005,-1.01045e-004,2.61719e-001,4.54102e-002,1.17627e+000,2.01220e+000,5.00610e+001,4.32927e+001
1.76242e-005,-1.23201e-004,1.25000e-001,1.57715e-001,1.32959e+000,5.06098e+000,2.38415e+001,3.93902e+001
8.50996e-005,-1.01884e-004,2.88086e-002,2.12402e-001,1.41357e+000,7.62195e+000,3.23171e+000,3.51220e+001
4.31373e-005,-2.87022e-005,-2.68066e-001,2.73926e-001,1.33203e+000,1.90244e+001,-3.70732e+001,2.33537e+001
-1.99741e-005,7.55322e-006,-4.09668e-001,2.81738e-001,1.18604e+000,2.32927e+001,-5.42073e+001,1.84756e+001
-2.24918e-005,-1.62814e-005,-5.64941e-001,1.63574e-001,9.90723e-001,2.40854e+001,-7.88415e+001,1.07927e+001
-3.44091e-005,-3.89410e-005,-6.70410e-001,1.46484e-003,9.21875e-001,2.29268e+001,-8.80488e+001,7.37805e+000
-6.05936e-005,-5.01869e-005,-7.25098e-001,-5.12695e-002,9.30176e-001,1.85976e+001,-1.06463e+002,6.09756e-001
-5.90829e-005,-6.83146e-005,-8.43750e-001,-1.15723e-001,9.73145e-001,1.63415e+001,-1.15488e+002,-2.50000e+000
-4.93477e-005,-7.33501e-005,-8.42773e-001,-1.44531e-001,9.78516e-001,1.31707e+001,-1.24939e+002,2.01220e+000
-5.53903e-006,-6.66362e-005,-6.63086e-001,-1.94336e-001,9.11133e-001,1.17683e+001,-1.22927e+002,8.96342e+000
1.86313e-005,-6.68040e-005,-5.28809e-001,-2.08496e-001,8.71582e-001,8.53659e+000,-1.09817e+002,2.45122e+001
2.24918e-005,-6.27756e-005,-2.43652e-001,-2.13379e-001,8.25684e-001,7.31707e+000,-1.01159e+002,3.11585e+001
1.52743e-005,-1.76242e-005,-9.52148e-002,-2.00684e-001,8.15430e-001,5.60976e+000,-8.15854e+001,4.06098e+001
-6.37827e-006,1.56100e-005,1.79199e-001,-1.27930e-001,8.49121e-001,5.36585e+000,-7.16463e+001,4.34756e+001
-2.87022e-005,6.71397e-007,2.92480e-001,-7.95898e-002,8.78418e-001,5.91463e+000,-5.15244e+001,4.45732e+001
-3.75982e-005,-1.51064e-006,4.27734e-001,2.63672e-002,9.73145e-001,7.31707e+000,-3.40854e+001,4.03659e+001
-3.15557e-005,1.54421e-005,4.52637e-001,7.91016e-002,1.02197e+000,8.41463e+000,-2.73780e+001,3.83537e+001
-1.44350e-005,2.60166e-005,4.30176e-001,1.63086e-001,1.09180e+000,1.25610e+001,-1.90854e+001,3.34146e+001
-1.67849e-007,1.39315e-005,3.96484e-001,1.93359e-001,1.09473e+000,1.51220e+001,-1.67073e+001,3.05488e+001
2.85344e-006,-3.52483e-006,2.62207e-001,2.43652e-001,1.06055e+000,1.93293e+001,-1.50610e+001,2.35366e+001
4.19623e-006,-1.29244e-005,1.69434e-001,2.57324e-001,1.04590e+000,2.12195e+001,-1.59146e+001,2.03049e+001
-4.86763e-006,7.04967e-006,-1.70898e-002,2.49023e-001,1.00293e+000,2.37805e+001,-1.90244e+001,1.40244e+001
2.13169e-005,1.00710e-005,-9.91211e-002,2.35840e-001,9.79004e-001,2.43902e+001,-2.10976e+001,1.19512e+001
3.87732e-005,-3.35698e-007,-2.20215e-001,1.98730e-001,9.43848e-001,2.32317e+001,-2.51829e+001,9.93902e+000
4.41444e-005,5.70687e-006,-2.53418e-001,1.71875e-001,9.33594e-001,2.15244e+001,-2.70732e+001,9.93902e+000
3.47448e-005,2.63523e-005,-2.46582e-001,1.11328e-001,9.44824e-001,1.66463e+001,-2.98780e+001,1.18293e+001
6.37827e-006,4.88441e-005,-1.71875e-001,5.66406e-002,9.74121e-001,1.42683e+001,-2.97561e+001,1.40854e+001
-9.06386e-006,5.74044e-005,-1.18164e-001,3.51563e-002,9.94141e-001,9.14634e+000,-2.75000e+001,1.98171e+001
-2.29953e-005,5.58938e-005,1.41602e-002,2.05078e-002,1.04834e+000,6.82927e+000,-2.55488e+001,2.26220e+001
-3.20592e-005,3.59197e-005,8.25195e-002,2.39258e-002,1.07080e+000,3.23171e+000,-1.95122e+001,2.81098e+001
-1.15816e-005,3.44091e-005,2.16797e-001,5.17578e-002,1.09619e+000,2.07317e+000,-1.61585e+001,3.04268e+001
-6.37827e-006,5.55581e-005,2.65137e-001,6.54297e-002,1.10400e+000,1.82927e-001,-8.17073e+000,3.31098e+001
-1.66171e-005,3.39055e-005,3.33496e-001,1.05469e-001,1.11182e+000,-7.31707e-001,-3.78049e+000,3.37805e+001
-1.71206e-005,2.87022e-005,3.45703e-001,1.26465e-001,1.10645e+000,-1.46341e+000,4.08537e+000,3.29878e+001
-2.40024e-005,3.57519e-005,3.33496e-001,1.57715e-001,1.08643e+000,-1.40244e+000,7.74390e+000,3.15244e+001
-3.23949e-005,3.67590e-005,3.07617e-001,1.71387e-001,1.07471e+000,-1.70732e+000,1.39634e+001,2.83537e+001
-3.97803e-005,3.42412e-005,2.41211e-001,1.75781e-001,1.05225e+000,-1.64634e+000,1.89634e+001,2.40244e+001
-5.42153e-005,3.30663e-005,1.96777e-001,1.69922e-001,1.04297e+000,-1.40244e+000,2.10366e+001,2.14634e+001
-7.40215e-005,3.47448e-005,1.13770e-001,1.55273e-001,1.01660e+000,-8.53659e-001,2.38415e+001,1.75610e+001
-7.21752e-005,3.92767e-005,7.56836e-002,1.46973e-001,1.01123e+000,-1.40244e+000,2.44512e+001,1.54878e+001
-4.17945e-005,4.33051e-005,-1.95313e-003,1.19141e-001,1.00586e+000,-2.50000e+000,2.35366e+001,1.20122e+001
8.72816e-006,4.61585e-005,-3.75977e-002,1.08398e-001,1.00732e+000,-3.65854e+000,2.20732e+001,1.07927e+001
2.08133e-005,4.68299e-005,-9.17969e-002,9.08203e-002,1.01953e+000,-5.79268e+000,1.78659e+001,8.47561e+000
-5.03548e-007,4.38087e-005,-1.11328e-001,7.91016e-002,1.02148e+000,-7.07317e+000,1.49390e+001,7.68293e+000
-2.80308e-005,4.48157e-005,-1.38672e-001,6.05469e-002,1.01855e+000,-9.08537e+000,8.59756e+000,5.73171e+000
-6.00900e-005,3.17235e-005,-1.43066e-001,5.61523e-002,1.00488e+000,-9.75610e+000,5.48780e+000,5.12195e+000
-6.46220e-005,4.17945e-005,-1.48926e-001,4.88281e-002,9.76074e-001,-1.19512e+001,-1.21951e+000,3.17073e+000
-5.28725e-005,5.72366e-005,-1.58203e-001,5.61523e-002,9.43359e-001,-1.33537e+001,-3.78049e+000,2.13415e+000
-7.77142e-005,5.85794e-005,-1.57715e-001,5.66406e-002,9.30176e-001,-1.50610e+001,-8.96342e+000,-4.26829e-001
-5.05226e-005,5.48867e-005,-1.48438e-001,6.59180e-002,9.07227e-001,-1.52439e+001,-1.08537e+001,-1.52439e+000
2.40024e-005,2.46738e-005,-1.39160e-001,7.17773e-002,8.99902e-001,-1.63415e+001,-1.48780e+001,-3.59756e+000
9.86954e-005,1.67849e-005,-1.04980e-001,8.00781e-002,8.95996e-001,-1.62195e+001,-1.68293e+001,-4.75610e+000
1.12627e-004,3.25628e-005,-8.74023e-002,8.20313e-002,8.97949e-001,-1.59756e+001,-1.75000e+001,-7.13415e+000
7.77142e-005,-1.00710e-006,-4.78516e-002,8.69141e-002,9.12598e-001,-1.54878e+001,-1.56098e+001,-7.74390e+000
3.32342e-005,-2.85344e-006,-2.49023e-002,8.74023e-002,9.25293e-001,-1.34146e+001,-1.30488e+001,-9.39024e+000
1.72885e-005,7.87213e-005,2.00195e-002,9.52148e-002,9.76074e-001,-1.23171e+001,-1.12195e+001,-1.03049e+001
1.27565e-005,1.16655e-004,3.85742e-002,9.42383e-002,9.98047e-001,-1.07927e+001,-8.78049e+000,-1.33537e+001
2.51774e-006,1.12291e-004,6.78711e-002,8.69141e-002,9.99512e-001,-8.35366e+000,-5.67073e+000,-1.65244e+001
-1.34279e-006,8.10712e-005,7.86133e-002,8.05664e-002,1.00293e+000,-7.74390e+000,-4.14634e+000,-1.77439e+001
1.51064e-006,4.39765e-005,8.49609e-002,7.66602e-002,1.01465e+000,-5.60976e+000,-2.92683e+000,-2.10976e+001
-5.87472e-006,1.15816e-005,7.37305e-002,7.91016e-002,1.01221e+000,-4.45122e+000,-3.41463e+000,-2.29878e+001
-2.38346e-005,-5.20333e-006,5.02930e-002,7.61719e-002,1.01611e+000,-3.35366e+000,-4.69512e+000,-2.60976e+001
-3.64233e-005,2.01419e-006,4.00391e-002,7.17773e-002,1.01904e+000,-3.04878e+000,-5.48780e+000,-2.70732e+001
-4.51514e-005,4.86763e-005,3.71094e-002,6.00586e-002,1.00830e+000,-2.19512e+000,-6.70732e+000,-2.87805e+001
-5.35439e-005,1.10613e-004,3.95508e-002,5.37109e-002,1.00928e+000,-1.70732e+000,-6.46341e+000,-2.93293e+001
-4.61585e-005,5.20333e-005,5.71289e-002,4.58984e-002,1.00146e+000,-1.70732e+000,-5.12195e+000,-2.91463e+001
-3.40734e-005,-1.12627e-004,6.34766e-002,4.54102e-002,9.99023e-001,-1.82927e+000,-3.23171e+000,-2.94512e+001
-2.63523e-005,-1.13466e-004,7.42188e-002,4.73633e-002,1.01221e+000,-2.37805e+000,-1.21951e+000,-3.02439e+001
-2.63523e-005,2.92058e-005,9.42383e-002,5.51758e-002,1.01074e+000,-1.58537e+000,-6.09756e-001,-3.07317e+001
-1.99741e-005,9.76883e-005,1.07422e-001,6.64063e-002,1.01758e+000,-1.46341e+000,1.03659e+000,-3.07927e+001
-2.06455e-005,2.13169e-005,1.29395e-001,7.71484e-002,1.08643e+000,-3.29268e+000,2.07317e+000,-3.01220e+001
-2.70237e-005,-7.48608e-005,1.26465e-001,8.49609e-002,1.11182e+000,-5.79268e+000,2.37805e+000,-2.95732e+001
-3.03807e-005,1.05745e-005,9.08203e-002,8.05664e-002,1.16406e+000,-7.07317e+000,2.13415e+000,-3.00000e+001
-3.00450e-005,1.59792e-004,8.64258e-002,7.81250e-002,1.15723e+000,-8.78049e+000,2.62195e+000,-2.89024e+001
-2.18204e-005,6.73075e-005,1.08887e-001,6.68945e-002,1.08789e+000,-9.20732e+000,2.98780e+000,-2.78659e+001
-1.49386e-005,1.09102e-005,1.18164e-001,5.85938e-002,1.05176e+000,-9.45122e+000,2.86585e+000,-2.71341e+001
-8.89601e-006,5.67330e-005,1.08398e-001,5.41992e-002,1.00244e+000,-9.32927e+000,2.01220e+000,-2.75000e+001
-7.55322e-006,2.87022e-005,9.03320e-002,5.12695e-002,9.95117e-001,-8.84146e+000,3.04878e-001,-2.86585e+001
-1.17494e-005,7.72107e-006,6.54297e-002,5.22461e-002,1.02686e+000,-8.84146e+000,9.14634e-001,-2.94512e+001
-2.85344e-006,1.67849e-007,5.56641e-002,5.27344e-002,1.04883e+000,-8.84146e+000,2.74390e+000,-2.92683e+001
3.13878e-005,-1.56100e-005,6.29883e-002,5.37109e-002,1.08105e+000,-8.84146e+000,9.32927e+000,-2.73171e+001
8.39246e-005,-2.29953e-005,7.37305e-002,5.51758e-002,1.09570e+000,-8.53659e+000,1.40244e+001,-2.51829e+001
9.75204e-005,-5.79080e-005,1.22070e-001,5.12695e-002,1.08447e+000,-7.68293e+000,2.30488e+001,-2.03049e+001
1.19509e-004,-7.55322e-006,1.64551e-001,5.07813e-002,1.06494e+000,-6.82927e+000,2.76829e+001,-1.82317e+001
1.21355e-004,4.07874e-005,2.30957e-001,5.12695e-002,1.01953e+000,-4.69512e+000,3.75000e+001,-1.50000e+001
6.12650e-005,-4.86763e-006,2.59766e-001,5.66406e-002,1.00342e+000,-3.90244e+000,4.21341e+001,-1.35976e+001
-1.10948e-004,-5.94186e-005,2.78320e-001,6.25000e-002,1.02686e+000,-3.10976e+000,5.14024e+001,-1.28049e+001
-2.16190e-004,-1.02892e-004,2.78809e-001,7.08008e-002,1.05957e+000,-3.90244e+000,5.51829e+001,-1.24390e+001
-1.95209e-004,-1.53750e-004,2.44629e-001,7.42188e-002,1.14307e+000,-5.24390e+000,5.93293e+001,-1.18902e+001
-1.13634e-004,-1.19173e-004,1.90918e-001,7.91016e-002,1.18262e+000,-5.79268e+000,5.95732e+001,-1.14024e+001
2.73594e-005,-8.64424e-005,1.63574e-001,7.81250e-002,1.17188e+000,-5.85366e+000,5.84146e+001,-1.01829e+001
1.37133e-004,-7.97284e-005,1.05469e-001,7.27539e-002,1.08936e+000,-5.30488e+000,5.75610e+001,-9.87805e+000
5.63973e-005,4.86763e-006,7.56836e-002,5.95703e-002,1.03662e+000,-3.47561e+000,5.62805e+001,-1.04268e+001
-8.40925e-005,1.24041e-004,3.22266e-002,3.02734e-002,9.19922e-001,-1.46341e+000,5.64024e+001,-1.04878e+001
-8.67781e-005,1.63989e-004,2.05078e-002,5.37109e-003,8.58398e-001,2.68293e+000,5.64634e+001,-8.78049e+000
-1.13130e-004,1.17662e-004,-1.26953e-002,-3.66211e-002,7.57324e-001,5.12195e+000,5.61585e+001,-8.17073e+000
-1.92523e-004,5.42153e-005,-3.17383e-002,-6.20117e-002,6.86035e-001,9.20732e+000,5.45122e+001,-6.28049e+000
-2.29953e-004,5.48867e-005,-3.85742e-002,-1.18164e-001,5.26855e-001,1.14634e+001,5.07317e+001,-5.24390e+000
-1.45525e-004,-4.53193e-006,-3.32031e-002,-1.42578e-001,4.99023e-001,1.46341e+001,4.03049e+001,-3.84146e+000
-7.36858e-005,1.35958e-005,-6.59180e-002,-1.83594e-001,4.93652e-001,1.62195e+001,3.39634e+001,-2.98780e+000
-5.22011e-005,9.48348e-005,-8.05664e-002,-1.94824e-001,5.25879e-001,1.60976e+001,3.28049e+001,-3.04878e+000
-4.53193e-006,6.96574e-005,-8.10547e-002,-1.93848e-001,6.58691e-001,1.46951e+001,3.68902e+001,-4.57317e+000
7.63714e-005,-4.04517e-005,-7.17773e-002,-1.86035e-001,7.20215e-001,1.43902e+001,4.09756e+001,-6.58537e+000
1.67681e-004,-3.67590e-005,-2.73438e-002,-1.47461e-001,8.01758e-001,1.57927e+001,5.08537e+001,-1.12195e+001
2.22065e-004,-4.38087e-005,-4.88281e-004,-1.12305e-001,8.22266e-001,1.71951e+001,5.58537e+001,-1.39024e+001
2.59663e-004,-3.39055e-005,6.15234e-002,-2.00195e-002,8.34473e-001,2.09146e+001,6.48781e+001,-1.85366e+001
4.16098e-004,-6.93217e-005,8.00781e-002,2.00195e-002,8.25195e-001,2.28659e+001,6.82317e+001,-2.01220e+001
5.84283e-004,-3.82696e-005,9.13086e-002,8.69141e-002,7.87109e-001,2.49390e+001,6.91463e+001,-2.16463e+001
4.45975e-004,1.00877e-004,7.81250e-002,1.09375e-001,7.63184e-001,2.52439e+001,6.70732e+001,-2.12195e+001
6.68040e-005,-8.77852e-005,3.07617e-002,1.30859e-001,7.49512e-001,2.50000e+001,5.84756e+001,-1.85366e+001
-2.25757e-004,-7.87213e-005,-2.92969e-002,1.21094e-001,7.50000e-001,2.44512e+001,5.39024e+001,-1.70122e+001
-4.01495e-004,6.36149e-005,-6.39648e-002,1.06934e-001,7.40234e-001,2.35976e+001,4.29878e+001,-1.45122e+001
-4.60578e-004,1.89670e-005,-1.19629e-001,7.61719e-002,7.17285e-001,2.28049e+001,3.68902e+001,-1.34146e+001
-3.93606e-004,4.59907e-005,-1.47949e-001,5.61523e-002,7.09961e-001,2.10366e+001,2.42073e+001,-1.21951e+001
-1.63485e-004,1.03731e-004,-1.77246e-001,2.53906e-002,6.85547e-001,1.98171e+001,1.78049e+001,-1.23780e+001
1.07759e-004,-3.18914e-005,-1.77734e-001,7.32422e-003,7.00684e-001,1.78049e+001,6.34146e+000,-1.35366e+001
1.40826e-004,-1.46532e-004,-1.68945e-001,1.95313e-003,7.13867e-001,1.72561e+001,2.25610e+000,-1.43902e+001
-1.35958e-005,-1.13298e-004,-1.55273e-001,6.83594e-003,7.18262e-001,1.70122e+001,-5.12195e+000,-1.54878e+001
-2.81147e-004,-6.49577e-005,-1.21094e-001,2.68555e-002,7.33398e-001,1.71341e+001,-7.68293e+000,-1.57927e+001
-6.15167e-004,5.62295e-005,-1.01074e-001,4.05273e-002,7.42188e-001,1.64634e+001,-1.20122e+001,-1.55488e+001
-7.85031e-004,-1.16320e-004,-7.22656e-002,7.51953e-002,7.67578e-001,1.57317e+001,-1.44512e+001,-1.43902e+001
-6.05768e-004,-2.73426e-004,-6.44531e-002,9.17969e-002,7.85645e-001,1.51220e+001,-1.53049e+001,-1.40854e+001
-3.49294e-004,2.99275e-004,-5.81055e-002,1.15723e-001,8.15918e-001,1.45122e+001,-1.57317e+001,-1.28659e+001
-1.56100e-004,7.39712e-004,-5.46875e-002,1.25000e-001,8.33008e-001,1.42073e+001,-1.60366e+001,-1.26829e+001
1.54421e-005,3.94278e-004,-5.17578e-002,1.38672e-001,8.59863e-001,1.37805e+001,-1.48171e+001,-1.24390e+001
4.38087e-005,-1.19173e-005,-4.88281e-002,1.38672e-001,8.61816e-001,1.33537e+001,-1.45122e+001,-1.21951e+001
8.50996e-005,-1.14641e-004,-3.66211e-002,1.32324e-001,8.59863e-001,1.33537e+001,-1.29878e+001,-1.11585e+001
2.11322e-004,-1.99908e-004,-2.44141e-002,1.24512e-001,8.57910e-001,1.33537e+001,-1.22561e+001,-1.01829e+001
2.43046e-004,-3.77829e-004,8.30078e-003,1.12793e-001,8.45703e-001,1.29268e+001,-1.01220e+001,-7.74390e+000
1.98566e-004,-1.50561e-004,2.44141e-002,1.05469e-001,8.44238e-001,1.26829e+001,-8.84146e+000,-6.58537e+000
1.39147e-004,3.00618e-004,6.10352e-002,8.93555e-002,8.63281e-001,1.28049e+001,-6.64634e+000,-4.02439e+000
1.31762e-004,2.25757e-004,8.74023e-002,7.42188e-002,8.88184e-001,1.26829e+001,-5.60976e+000,-3.04878e+000
1.21355e-004,2.66880e-005,9.52148e-002,6.83594e-002,8.98438e-001,1.38415e+001,-3.53659e+000,-7.31707e-001
2.78294e-004,4.88441e-005,1.20605e-001,5.81055e-002,9.01367e-001,1.45122e+001,-2.25610e+000,6.09756e-002
5.51049e-004,-1.32433e-004,1.23047e-001,5.66406e-002,8.93555e-001,1.51220e+001,0.00000e+000,1.82927e+000
5.77905e-004,-2.48585e-004,1.11816e-001,6.59180e-002,8.60352e-001,1.59146e+001,9.75610e-001,2.50000e+000
3.93774e-004,-1.67849e-007,9.32617e-002,7.37305e-002,8.33984e-001,1.68902e+001,1.82927e+000,2.92683e+000
2.66712e-004,1.65499e-004,4.34570e-002,9.03320e-002,7.85156e-001,1.73171e+001,1.89024e+000,2.68293e+000
-5.05226e-005,1.81781e-004,1.56250e-002,9.42383e-002,7.53906e-001,1.85366e+001,2.13415e+000,1.21951e+000
-5.33257e-004,2.32807e-004,-6.73828e-002,9.47266e-002,6.87500e-001,2.01220e+001,3.65854e-001,-8.53659e-001
-7.22759e-004,1.17662e-004,-1.18164e-001,9.86328e-002,6.63574e-001,2.04268e+001,-2.56098e+000,-2.31707e+000
-6.73075e-004,-4.53193e-005,-2.36328e-001,9.66797e-002,6.34277e-001,2.15854e+001,-1.03049e+001,-5.18293e+000
-4.49668e-004,-1.29412e-004,-2.91504e-001,8.98438e-002,6.18652e-001,2.16463e+001,-1.54878e+001,-6.09756e+000
-1.07591e-004,-1.49889e-004,-3.85254e-001,7.51953e-002,5.97168e-001,2.29268e+001,-2.61585e+001,-6.34146e+000
1.11284e-004,-3.44259e-004,-4.20898e-001,6.54297e-002,5.99121e-001,2.31098e+001,-3.17683e+001,-6.46341e+000
1.80102e-004,-3.67758e-004,-4.65332e-001,4.78516e-002,5.89844e-001,2.29878e+001,-4.23780e+001,-5.42683e+000
1.81109e-004,-2.16358e-004,-4.81934e-001,3.85742e-002,5.71777e-001,2.27439e+001,-4.88415e+001,-4.81707e+000
1.49722e-004,6.07614e-005,-4.87305e-001,3.36914e-002,5.26855e-001,2.14634e+001,-6.40854e+001,-2.80488e+000
3.74304e-005,3.37545e-004,-4.81445e-001,2.97852e-002,5.18066e-001,2.00610e+001,-7.19512e+001,-1.89024e+000
-5.55581e-005,2.15351e-004,-4.53125e-001,2.97852e-002,4.97070e-001,1.79268e+001,-8.71951e+001,-1.21951e-001
7.72107e-006,-1.51064e-006,-4.31152e-001,2.78320e-002,4.82910e-001,1.69512e+001,-9.32317e+001,6.70732e-001
6.79789e-005,-1.58282e-004,-3.82324e-001,3.41797e-002,4.52148e-001,1.32317e+001,-1.03415e+002,1.70732e+000
1.13466e-004,-1.03899e-004,-3.23242e-001,4.68750e-002,4.57031e-001,1.17073e+001,-1.07195e+002,1.70732e+000
3.36873e-004,-1.59457e-005,-2.95898e-001,5.61523e-002,4.65820e-001,9.20732e+000,-1.11037e+002,5.48781e-001
5.05730e-004,-4.28016e-005,-2.51465e-001,8.00781e-002,4.96094e-001,8.23171e+000,-1.11402e+002,-3.04878e-001
4.05356e-004,-4.11231e-005,-2.27051e-001,8.74023e-002,5.23438e-001,5.91463e+000,-1.09024e+002,-2.25610e+000
2.18372e-004,-1.89670e-005,-1.62598e-001,1.07422e-001,6.04492e-001,4.02439e+000,-1.06829e+002,-2.92683e+000
-1.22530e-005,3.54162e-005,-1.22559e-001,1.19141e-001,6.59180e-001,1.34146e+000,-9.81707e+001,-4.69512e+000
-3.02464e-004,7.03288e-005,-3.46680e-002,1.32324e-001,7.61719e-001,9.14634e-001,-9.26220e+001,-5.73171e+000
-5.09590e-004,4.54871e-005,1.12305e-002,1.41602e-001,7.90527e-001,1.40244e+000,-8.06098e+001,-7.07317e+000
-5.64813e-004,-1.55596e-004,1.18652e-001,1.61621e-001,8.15918e-001,7.31707e-001,-6.87195e+001,-8.47561e+000
-4.10559e-004,-4.63600e-004,1.67480e-001,1.65527e-001,8.24219e-001,2.43902e-001,-6.26220e+001,-8.65854e+000
-1.74395e-004,-1.61303e-004,2.50488e-001,1.75781e-001,8.38867e-001,-1.76829e+000,-4.98171e+001,-8.59756e+000
1.86313e-005,3.82528e-004,2.81250e-001,1.75781e-001,8.36426e-001,-2.86585e+000,-4.33537e+001,-7.56098e+000
2.28779e-004,1.78088e-004,3.40332e-001,1.70898e-001,8.60352e-001,-3.84146e+000,-2.93902e+001,-6.40244e+000
2.89876e-004,-5.01869e-005,3.60352e-001,1.63086e-001,8.78418e-001,-3.90244e+000,-2.19512e+001,-6.03659e+000
2.62684e-004,-1.09773e-004,3.72559e-001,1.64063e-001,9.08691e-001,-3.65854e+000,-7.62195e+000,-4.32927e+000
1.94537e-004,-2.01587e-004,3.65234e-001,1.58203e-001,9.16504e-001,-3.23171e+000,-6.70732e-001,-3.47561e+000
-1.99741e-005,-2.47410e-004,3.31055e-001,1.66992e-001,9.18457e-001,-2.37805e+000,1.10976e+001,-1.76829e+000
-2.74434e-004,-1.88327e-004,3.09570e-001,1.76758e-001,9.17969e-001,-1.95122e+000,1.67683e+001,-1.03659e+000
-2.65370e-004,5.22011e-005,2.38281e-001,1.89453e-001,9.68262e-001,-1.03659e+000,2.87195e+001,1.21951e-001
-3.42412e-005,3.16564e-004,1.99219e-001,1.95313e-001,1.00684e+000,0.00000e+000,3.47561e+001,6.70732e-001
1.58114e-004,9.58419e-005,1.18164e-001,2.04102e-001,1.05615e+000,2.25610e+000,4.60976e+001,3.17073e+000
1.29747e-004,-1.01045e-004,4.19922e-002,2.24609e-001,1.08203e+000,3.53659e+000,5.00000e+001,4.69512e+000
1.11955e-004,-4.86763e-005,6.34766e-003,2.33398e-001,1.09424e+000,3.59756e+000,5.42683e+001,8.78049e+000
7.70428e-005,1.02556e-004,-4.68750e-002,2.49512e-001,1.13916e+000,3.84146e+000,5.43293e+001,1.06098e+001
-1.28405e-004,4.54871e-005,-6.15234e-002,2.49023e-001,1.15625e+000,2.25610e+000,5.32317e+001,1.54268e+001
-2.78798e-004,-1.24376e-004,-5.51758e-002,2.23145e-001,1.18457e+000,1.89024e+000,5.35366e+001,1.78049e+001
-2.56306e-004,-6.21042e-006,-4.15039e-002,1.96777e-001,1.19678e+000,2.13415e+000,5.48171e+001,2.19512e+001
-1.17830e-004,1.87488e-004,-1.95313e-003,1.55273e-001,1.20996e+000,2.37805e+000,5.56707e+001,2.46341e+001
6.41184e-005,1.53918e-004,2.63672e-002,1.45020e-001,1.24512e+000,6.09756e-002,5.53659e+001,3.14634e+001
2.53620e-004,1.47875e-004,6.98242e-002,1.90918e-001,1.48096e+000,-5.79268e+000,4.45122e+001,3.92683e+001
3.91592e-004,2.42878e-004,8.83789e-002,2.20215e-001,1.62646e+000,-7.80488e+000,3.07317e+001,4.26220e+001
3.25292e-004,-4.66621e-005,5.66406e-002,3.12500e-001,1.75342e+000,-4.57317e+000,-5.54878e+000,3.87805e+001
1.62814e-004,-3.80850e-004,-4.93164e-002,3.55469e-001,1.67432e+000,-1.28049e+000,-2.29878e+001,3.25000e+001
-4.41444e-005,-2.04776e-004,-2.71484e-001,3.46680e-001,1.39648e+000,1.64634e+000,-5.18902e+001,2.28049e+001
-2.79133e-004,-2.92058e-005,-3.10059e-001,2.67578e-001,1.28369e+000,2.01220e+000,-6.06098e+001,1.96951e+001
-3.26131e-004,1.67849e-007,-3.61816e-001,5.37109e-002,1.11328e+000,4.69512e+000,-6.92683e+001,1.43902e+001
-2.98939e-004,4.73335e-005,-4.08203e-001,-3.36914e-002,1.07080e+000,6.40244e+000,-7.32927e+001,1.13415e+001
-2.01587e-004,-4.17945e-005,-5.24414e-001,-1.45996e-001,1.02295e+000,8.90244e+000,-8.19512e+001,4.57317e+000
-1.71206e-005,4.61585e-005,-5.57617e-001,-1.75781e-001,9.84863e-001,1.03049e+001,-8.25000e+001,4.93902e+000
1.41497e-004,-1.71710e-004,-5.06836e-001,-2.18750e-001,8.93066e-001,1.00610e+001,-7.45122e+001,1.53659e+001
5.89151e-005,-3.15724e-004,-4.17969e-001,-2.29492e-001,8.57422e-001,9.45122e+000,-6.63415e+001,2.20122e+001
5.87472e-005,-2.29114e-004,-1.86523e-001,-2.37793e-001,8.44727e-001,7.80488e+000,-4.62195e+001,3.44512e+001
1.55932e-004,-2.82490e-004,6.49414e-002,-1.85547e-001,9.02832e-001,7.37805e+000,-3.54268e+001,3.94512e+001
1.83124e-004,-2.47913e-004,1.83594e-001,-1.43066e-001,9.48242e-001,8.10976e+000,-1.31707e+001,4.59146e+001
7.80499e-005,5.90829e-005,3.67676e-001,-4.00391e-002,1.03662e+000,8.59756e+000,-2.50000e+000,4.69512e+001
1.06249e-004,3.06325e-004,4.22852e-001,1.26953e-002,1.06982e+000,1.18293e+001,1.61585e+001,4.61585e+001
1.05913e-004,8.89601e-006,4.69727e-001,1.05957e-001,1.10938e+000,1.39634e+001,2.38415e+001,4.49390e+001
-2.14679e-004,-3.05989e-004,4.62891e-001,1.45996e-001,1.10596e+000,2.01829e+001,3.66463e+001,4.19512e+001
-4.99687e-004,2.53452e-005,3.98926e-001,2.10938e-001,1.06885e+000,2.31707e+001,4.09756e+001,3.98171e+001
-3.95453e-004,4.15259e-004,3.37402e-001,2.31934e-001,1.04443e+000,3.07317e+001,4.56098e+001,3.25000e+001
-1.93194e-004,3.56344e-004,1.80176e-001,2.46582e-001,1.00195e+000,3.56098e+001,4.53049e+001,2.42073e+001
-9.86954e-005,1.97223e-004,9.32617e-002,2.44141e-001,9.81934e-001,3.73780e+001,4.42073e+001,2.02439e+001
-7.46929e-005,2.51774e-005,-7.27539e-002,2.13379e-001,9.57520e-001,3.82317e+001,3.93293e+001,1.32927e+001
-1.11955e-004,-5.40475e-005,-1.36719e-001,1.89941e-001,9.49219e-001,3.78659e+001,3.65854e+001,1.06098e+001
-1.40490e-004,-5.69009e-005,-2.26563e-001,1.40625e-001,9.52637e-001,3.40854e+001,2.93293e+001,7.74390e+000
-1.13298e-004,-5.08583e-005,-2.43164e-001,1.19141e-001,9.61426e-001,3.12805e+001,2.57927e+001,6.89024e+000
-5.47189e-005,-3.92767e-005,-2.46582e-001,6.88477e-002,1.00391e+000,2.51829e+001,1.97561e+001,6.76829e+000
8.89601e-006,-5.70687e-006,-2.30957e-001,5.12695e-002,1.02441e+000,2.17073e+001,1.71951e+001,7.50000e+000
7.10002e-005,-6.19364e-005,-1.79199e-001,4.49219e-002,1.06445e+000,1.57317e+001,1.34146e+001,1.02439e+001
7.88891e-005,-4.73335e-005,-1.39160e-001,5.46875e-002,1.08252e+000,1.27439e+001,1.16463e+001,1.18293e+001
5.32082e-005,-3.18914e-006,-7.03125e-002,8.30078e-002,1.11279e+000,7.98780e+000,9.63415e+000,1.37805e+001
1.72885e-005,-2.31632e-005,-4.10156e-002,1.00586e-001,1.12256e+000,6.28049e+000,9.20732e+000,1.44512e+001
7.28466e-005,-5.32082e-005,6.34766e-003,1.45996e-001,1.13086e+000,3.29268e+000,8.41463e+000,1.51220e+001
1.93530e-004,-8.61067e-005,3.07617e-002,1.77734e-001,1.12939e+000,1.76829e+000,7.74390e+000,1.51220e+001
2.19715e-004,-1.04570e-004,3.36914e-002,1.88965e-001,1.13135e+000,-7.92683e-001,8.17073e+000,1.43902e+001
1.20180e-004,-9.16457e-005,4.39453e-002,1.95313e-001,1.14355e+000,-2.25610e+000,8.23171e+000,1.39024e+001
6.49577e-005,-2.18204e-005,4.83398e-002,2.01660e-001,1.14551e+000,-4.87805e+000,8.59756e+000,1.37195e+001
1.23369e-004,9.28206e-005,5.37109e-002,1.97754e-001,1.15869e+000,-5.97561e+000,8.96342e+000,1.36585e+001
1.70367e-004,8.49317e-005,6.00586e-002,1.93359e-001,1.16650e+000,-9.02439e+000,9.32927e+000,1.45732e+001
1.51904e-004,-3.82696e-005,6.34766e-002,1.76758e-001,1.17676e+000,-1.04268e+001,1.00610e+001,1.48171e+001
1.04067e-004,-6.98253e-005,6.88477e-002,1.72852e-001,1.18311e+000,-1.46341e+001,1.06707e+001,1.60366e+001
-8.62745e-005,1.17494e-006,6.73828e-002,1.65527e-001,1.18457e+000,-1.87805e+001,1.09146e+001,1.72561e+001
-2.98100e-004,-2.33310e-005,5.71289e-002,1.65039e-001,1.18164e+000,-2.15854e+001,1.07927e+001,1.77439e+001
-2.73426e-004,-5.75723e-005,3.17383e-002,1.64063e-001,1.17822e+000,-2.67683e+001,9.81707e+000,1.79268e+001
-1.53414e-004,-3.12200e-005,1.26953e-002,1.65527e-001,1.18066e+000,-2.93902e+001,8.90244e+000,1.79268e+001
-9.90310e-006,-1.22530e-005,-3.66211e-002,1.64551e-001,1.16943e+000,-3.32317e+001,6.46341e+000,1.79878e+001
5.94186e-005,-1.76242e-005,-5.71289e-002,1.66016e-001,1.15918e+000,-3.48171e+001,4.39024e+000,1.73780e+001
4.53193e-006,-1.71206e-005,-1.21582e-001,1.60645e-001,1.13281e+000,-3.88415e+001,-2.01220e+000,1.62195e+001
-2.18204e-006,-1.67849e-005,-1.46484e-001,1.61133e-001,1.12549e+000,-4.12805e+001,-6.09756e+000,1.59146e+001
-1.35958e-005,-2.63523e-005,-1.69434e-001,1.52832e-001,1.10645e+000,-4.60976e+001,-1.32927e+001,1.71951e+001
-3.50805e-005,-4.04517e-005,-1.61621e-001,1.46973e-001,1.08301e+000,-4.77439e+001,-1.59756e+001,1.88415e+001
4.71656e-005,-4.04517e-005,-1.25977e-001,1.23047e-001,1.05469e+000,-5.09146e+001,-2.16463e+001,2.01829e+001
1.93194e-004,-3.47448e-005,-9.86328e-002,1.10352e-001,1.05811e+000,-5.12805e+001,-2.52439e+001,2.03049e+001
2.02426e-004,-3.27306e-005,-6.68945e-002,1.02539e-001,1.04248e+000,-5.29878e+001,-3.04878e+001,1.93293e+001
8.94636e-005,-3.35698e-006,-5.07813e-002,9.96094e-002,1.01904e+000,-5.35976e+001,-3.28049e+001,1.92683e+001
1.67849e-006,5.62295e-005,-4.54102e-002,9.86328e-002,1.00342e+000,-5.50610e+001,-3.81707e+001,1.73780e+001
-1.79095e-004,1.48882e-004,-4.05273e-002,8.64258e-002,9.91699e-001,-5.56098e+001,-4.01829e+001,1.62195e+001
-3.07500e-004,3.65911e-005,-3.46680e-002,8.39844e-002,9.93164e-001,-5.42683e+001,-4.29268e+001,1.37195e+001
-2.27268e-004,-7.53643e-005,-3.80859e-002,7.22656e-002,9.84375e-001,-5.35976e+001,-4.37195e+001,1.20732e+001
-1.00877e-004,-4.11231e-005,-3.66211e-002,6.78711e-002,9.79492e-001,-5.10366e+001,-4.51220e+001,8.53659e+000
-4.78370e-005,-2.73594e-005,-3.85742e-002,5.46875e-002,9.78516e-001,-5.01829e+001,-4.61585e+001,6.40244e+000
-4.46479e-005,-3.55840e-005,-4.34570e-002,4.83398e-002,9.73633e-001,-4.73171e+001,-4.87195e+001,1.95122e+000
-4.85084e-005,-5.85794e-005,-5.07813e-002,3.80859e-002,9.78516e-001,-4.41463e+001,-5.22561e+001,-2.86585e+000
-6.54612e-005,-3.67590e-005,-4.98047e-002,3.12500e-002,9.75098e-001,-4.16463e+001,-5.28659e+001,-5.12195e+000
-6.39506e-005,8.89601e-006,-3.32031e-002,2.73438e-002,9.40430e-001,-3.77439e+001,-5.23781e+001,-1.01220e+001
-4.28016e-005,5.52224e-005,-2.05078e-002,2.34375e-002,9.13086e-001,-3.55488e+001,-5.09146e+001,-1.26829e+001
4.01160e-005,4.81727e-005,8.30078e-003,2.58789e-002,8.64746e-001,-3.34146e+001,-4.76829e+001,-1.73780e+001
1.09773e-004,-8.05676e-006,2.14844e-002,2.49023e-002,8.57422e-001,-3.26220e+001,-4.54268e+001,-1.93293e+001
1.17998e-004,-3.20592e-005,3.71094e-002,2.63672e-002,8.59863e-001,-2.96951e+001,-4.11585e+001,-2.22561e+001
1.36629e-004,-9.06386e-006,4.88281e-002,2.78320e-002,8.70605e-001,-2.84756e+001,-3.91463e+001,-2.34756e+001
1.23033e-004,4.34730e-005,6.15234e-002,3.46680e-002,9.04297e-001,-2.55488e+001,-3.56098e+001,-2.57927e+001
-3.39055e-005,6.68040e-005,5.95703e-002,3.17383e-002,9.25293e-001,-2.43293e+001,-3.42073e+001,-2.62195e+001
-7.63714e-005,5.37118e-006,4.93164e-002,3.51563e-002,9.42383e-001,-2.10976e+001,-3.21951e+001,-2.75000e+001
-9.48348e-005,6.21042e-006,4.88281e-002,4.05273e-002,9.58496e-001,-2.02439e+001,-3.10976e+001,-2.79268e+001
-1.81781e-004,2.93736e-005,4.54102e-002,4.54102e-002,1.00293e+000,-1.82317e+001,-2.61585e+001,-2.82927e+001
-2.08972e-004,2.55131e-005,6.59180e-002,4.10156e-002,1.00098e+000,-1.84756e+001,-2.35366e+001,-2.73171e+001
-4.54871e-005,-2.01419e-006,7.86133e-002,3.41797e-002,9.85840e-001,-1.78049e+001,-1.63415e+001,-2.56707e+001
7.50286e-005,1.51064e-005,1.09375e-001,2.24609e-002,9.20410e-001,-1.68293e+001,-1.30488e+001,-2.50000e+001
8.92958e-005,4.95155e-005,1.17188e-001,1.90430e-002,8.91113e-001,-1.48171e+001,-8.78049e+000,-2.46341e+001
2.10315e-004,3.07164e-005,1.08398e-001,6.34766e-003,8.68164e-001,-1.35366e+001,-6.46341e+000,-2.52439e+001
1.41161e-004,2.38346e-005,9.86328e-002,8.30078e-003,8.71094e-001,-1.14024e+001,-1.46341e+000,-2.56098e+001
2.50095e-005,1.10781e-005,7.42188e-002,1.85547e-002,9.12109e-001,-1.11585e+001,1.52439e+000,-2.54268e+001
-1.51064e-006,-7.21752e-006,7.12891e-002,2.09961e-002,9.43848e-001,-1.12195e+001,8.90244e+000,-2.43902e+001
-4.64942e-005,-3.15557e-005,8.34961e-002,2.63672e-002,9.99512e-001,-9.81707e+000,1.64634e+001,-2.17683e+001
-1.13970e-004,-4.98512e-005,1.00098e-001,3.41797e-002,1.01416e+000,-9.45122e+000,2.04268e+001,-2.00000e+001
-2.08972e-004,-4.75013e-005,1.58203e-001,5.22461e-002,1.00635e+000,-8.04878e+000,3.06098e+001,-1.60976e+001
-2.00244e-004,-2.06455e-005,1.91895e-001,5.32227e-002,9.89258e-001,-7.43902e+000,3.57317e+001,-1.42073e+001
-6.14328e-005,5.01869e-005,2.62695e-001,5.66406e-002,9.70703e-001,-6.34146e+000,4.65244e+001,-1.13415e+001
9.73526e-006,9.38277e-005,2.93457e-001,6.00586e-002,9.76074e-001,-5.30488e+000,5.17683e+001,-1.04878e+001
3.81018e-005,6.09293e-005,3.18848e-001,7.12891e-002,1.01660e+000,-6.09756e+000,6.00610e+001,-8.71951e+000
2.93736e-005,2.18204e-006,3.15430e-001,8.00781e-002,1.05469e+000,-7.31707e+000,6.21951e+001,-7.92683e+000
6.71397e-006,-2.56809e-005,2.73438e-001,9.32617e-002,1.10156e+000,-8.59756e+000,6.15244e+001,-6.82927e+000
-5.53903e-005,-1.02388e-005,2.44629e-001,1.03027e-001,1.10986e+000,-9.69512e+000,5.93902e+001,-6.64634e+000
-1.06584e-004,1.76242e-005,1.61133e-001,9.32617e-002,1.08301e+000,-1.04878e+001,5.57927e+001,-6.21951e+000
-7.13359e-005,1.39315e-005,1.17676e-001,9.13086e-002,1.04541e+000,-1.02439e+001,5.39634e+001,-6.28049e+000
1.47707e-005,5.70687e-006,3.41797e-002,7.08008e-002,9.53125e-001,-7.74390e+000,5.14634e+001,-7.98780e+000
8.12390e-005,6.88182e-006,-5.37109e-002,3.90625e-002,8.54492e-001,-6.64634e+000,5.06707e+001,-9.39024e+000
7.50286e-005,-4.36408e-006,-8.34961e-002,2.39258e-002,7.98340e-001,-1.58537e+000,4.99390e+001,-1.20122e+001
6.91539e-005,-2.56809e-005,-1.24023e-001,-1.31836e-002,7.26074e-001,6.70732e-001,4.93293e+001,-1.25000e+001
7.67071e-005,-3.23949e-005,-1.51367e-001,-3.85742e-002,6.94336e-001,4.39024e+000,4.81707e+001,-1.30488e+001
3.70947e-005,-3.34020e-005,-1.79688e-001,-9.76563e-002,5.79102e-001,6.58537e+000,4.77439e+001,-1.14634e+001
2.33310e-005,-3.86053e-005,-1.78223e-001,-1.28418e-001,5.24414e-001,1.00610e+001,4.11585e+001,-7.07317e+000
3.87732e-005,-3.32342e-005,-1.62109e-001,-1.99219e-001,4.62402e-001,1.06707e+001,3.67073e+001,-5.06098e+000
1.93027e-005,-1.10781e-005,-1.61133e-001,-2.23145e-001,4.58008e-001,1.12805e+001,2.91463e+001,-2.07317e+000
6.71397e-007,3.10521e-005,-1.39648e-001,-2.50488e-001,5.50781e-001,9.32927e+000,2.71951e+001,-1.46341e+000
-8.89601e-006,3.79339e-005,-1.23047e-001,-2.51465e-001,6.25488e-001,8.47561e+000,2.96341e+001,-3.23171e+000
-3.40734e-005,1.37636e-005,-6.98242e-002,-2.01172e-001,7.47070e-001,8.53659e+000,3.78659e+001,-9.20732e+000
-2.90379e-005,-1.57778e-005,-3.90625e-002,-1.66016e-001,7.85645e-001,9.57317e+000,4.22561e+001,-1.32317e+001
-1.29244e-005,-2.46738e-005,4.39453e-002,-6.98242e-002,8.22754e-001,1.19512e+001,5.00000e+001,-2.16463e+001
-1.17494e-005,-1.51064e-006,8.83789e-002,-2.24609e-002,8.13965e-001,1.39024e+001,5.28049e+001,-2.43902e+001
-1.17494e-005,2.51774e-005,1.51367e-001,5.27344e-002,7.57813e-001,1.71951e+001,5.53049e+001,-2.65244e+001
-3.52483e-006,2.88701e-005,1.70410e-001,8.00781e-002,7.23633e-001,1.79878e+001,5.37195e+001,-2.59146e+001
-8.22461e-006,5.89151e-005,1.72852e-001,1.06445e-001,6.86523e-001,1.96951e+001,4.75610e+001,-2.21951e+001
-2.63523e-005,6.02579e-005,1.56738e-001,9.96094e-002,6.76270e-001,1.96951e+001,4.36585e+001,-1.98780e+001
-4.24659e-005,1.72885e-005,8.78906e-002,6.98242e-002,6.49414e-001,2.01829e+001,3.59146e+001,-1.45122e+001
-5.95865e-005,-1.25887e-005,4.54102e-002,4.83398e-002,6.38672e-001,2.02439e+001,3.18293e+001,-1.18902e+001
-6.69719e-005,-5.03548e-007,-3.22266e-002,-3.90625e-003,6.29395e-001,1.95732e+001,2.37195e+001,-8.41463e+000
-2.46738e-005,2.36667e-005,-9.66797e-002,-5.07813e-002,6.22070e-001,1.93902e+001,1.96951e+001,-7.68293e+000
1.39315e-005,1.91348e-005,-1.25000e-001,-6.29883e-002,6.25000e-001,1.90854e+001,1.17073e+001,-8.47561e+000
7.72107e-006,8.56031e-006,-1.71387e-001,-6.29883e-002,6.37695e-001,1.90854e+001,7.92683e+000,-9.20732e+000
-1.22530e-005,-2.43381e-005,-1.86523e-001,-5.61523e-002,6.51855e-001,1.90244e+001,1.52439e+000,-1.25610e+001
-3.17235e-005,-3.13878e-005,-1.96777e-001,-3.36914e-002,6.74805e-001,1.93293e+001,-1.15854e+000,-1.40854e+001
-4.98512e-005,-1.89670e-005,-1.96777e-001,-1.80664e-002,6.86035e-001,1.90244e+001,-4.57317e+000,-1.57927e+001
-8.47639e-005,-2.85344e-006,-1.73340e-001,1.70898e-002,7.12402e-001,1.94512e+001,-5.12195e+000,-1.65854e+001
-8.30854e-005,-7.04967e-006,-1.53809e-001,3.07617e-002,7.23145e-001,1.95122e+001,-5.79268e+000,-1.59146e+001
-3.70947e-005,-1.04067e-005,-1.10840e-001,6.10352e-002,7.45605e-001,2.12805e+001,-4.87805e+000,-1.42683e+001
-3.00450e-005,-1.17494e-006,-8.25195e-002,7.08008e-002,7.57324e-001,2.16463e+001,-4.02439e+000,-1.35976e+001
-4.17945e-005,5.87472e-006,-3.12500e-002,7.91016e-002,7.77832e-001,2.34756e+001,-2.56098e+000,-1.17683e+001
-5.99222e-005,2.13169e-005,-1.36719e-002,8.69141e-002,7.96387e-001,2.34146e+001,-2.25610e+000,-1.14634e+001
-6.68040e-005,1.84634e-005,1.75781e-002,9.96094e-002,8.25684e-001,2.35976e+001,-1.46341e+000,-1.06098e+001
-7.40215e-005,1.05745e-005,2.73438e-002,1.00586e-001,8.36426e-001,2.31098e+001,-1.28049e+000,-1.03049e+001
-9.90311e-005,1.25887e-005,3.36914e-002,9.91211e-002,8.46680e-001,2.23171e+001,-8.53659e-001,-9.45122e+000
-8.79530e-005,7.88891e-006,3.41797e-002,9.66797e-002,8.47168e-001,2.21951e+001,-4.26829e-001,-9.08537e+000
-5.55581e-005,-2.19883e-005,2.49023e-002,9.22852e-002,8.34473e-001,2.15244e+001,-6.09756e-001,-8.47561e+000
-4.51514e-005,-2.06455e-005,9.76563e-003,8.74023e-002,8.23242e-001,2.11585e+001,-7.31707e-001,-8.59756e+000
-3.34020e-005,3.60876e-005,-2.49023e-002,7.27539e-002,8.07617e-001,2.05488e+001,-2.07317e+000,-9.14634e+000
7.88891e-006,2.34989e-005,-5.32227e-002,6.34766e-002,7.93945e-001,2.06098e+001,-2.86585e+000,-9.39024e+000
2.97093e-005,-1.02388e-005,-1.09863e-001,4.15039e-002,7.61230e-001,2.10976e+001,-4.08537e+000,-9.81707e+000
1.46029e-005,-2.18204e-006,-1.65039e-001,1.80664e-002,7.35840e-001,2.17073e+001,-5.12195e+000,-1.00000e+001
2.36667e-005,-7.55322e-006,-1.84570e-001,9.27734e-003,7.22168e-001,2.29268e+001,-8.04878e+000,-1.08537e+001
4.38087e-005,-2.97093e-005,-2.05566e-001,-1.41602e-002,6.87988e-001,2.37195e+001,-9.32927e+000,-1.06707e+001
5.16976e-005,-1.57778e-005,-2.08496e-001,-1.66016e-002,6.75293e-001,2.52439e+001,-1.25000e+001,-1.18902e+001
4.73335e-005,-2.97093e-005,-2.16309e-001,-2.63672e-002,6.47461e-001,2.55488e+001,-1.45122e+001,-1.23780e+001
2.26596e-005,-4.71656e-005,-2.17773e-001,-2.68555e-002,6.34277e-001,2.67073e+001,-1.88415e+001,-1.22561e+001
-1.82956e-005,-2.09812e-005,-2.21680e-001,-2.14844e-002,6.18652e-001,2.68902e+001,-2.11585e+001,-1.25000e+001
-6.04257e-006,-1.89670e-005,-2.19727e-001,-1.75781e-002,6.14746e-001,2.65854e+001,-2.53049e+001,-1.13415e+001
1.19173e-005,-1.29244e-005,-2.14844e-001,-9.27734e-003,6.04980e-001,2.62805e+001,-2.90244e+001,-9.93902e+000
-2.90379e-005,7.08324e-005,-2.17285e-001,-2.44141e-003,5.94727e-001,2.65854e+001,-3.14024e+001,-9.32927e+000
-5.74044e-005,1.38140e-004,-2.16797e-001,1.46484e-002,5.76172e-001,2.62195e+001,-3.81098e+001,-7.56098e+000
-6.76432e-005,6.83146e-005,-2.21191e-001,2.39258e-002,5.69336e-001,2.56707e+001,-4.14634e+001,-7.07317e+000
-7.15038e-005,-4.19623e-006,-2.36816e-001,5.12695e-002,5.56152e-001,2.41463e+001,-4.93293e+001,-5.24390e+000
-6.29435e-005,1.96384e-005,-2.39746e-001,5.76172e-002,5.52734e-001,2.34146e+001,-5.34146e+001,-4.57317e+000
-3.17235e-005,1.07927e-004,-2.47070e-001,7.17773e-002,5.26367e-001,2.23780e+001,-6.07317e+001,-3.84146e+000
2.01419e-006,1.39483e-004,-2.51465e-001,8.20313e-002,5.20508e-001,2.14634e+001,-6.38415e+001,-3.59756e+000
1.39315e-005,2.01587e-004,-2.48535e-001,9.81445e-002,5.36621e-001,1.98171e+001,-6.87805e+001,-2.86585e+000
1.99741e-005,1.09270e-004,-2.44629e-001,1.01074e-001,5.57617e-001,1.85366e+001,-6.99390e+001,-2.98780e+000
-4.86763e-006,-3.23110e-004,-2.24609e-001,1.14746e-001,6.32813e-001,1.48171e+001,-7.12805e+001,-2.25610e+000
-2.45060e-005,-3.85718e-004,-2.10938e-001,1.17676e-001,6.70898e-001,1.25610e+001,-7.17073e+001,-2.19512e+000
-2.92058e-005,-1.83124e-004,-1.52344e-001,1.24023e-001,7.54883e-001,7.92683e+000,-7.10366e+001,-1.03659e+000
9.90310e-006,-1.01381e-004,-7.37305e-002,1.24023e-001,8.12012e-001,5.91463e+000,-7.03659e+001,-8.53659e-001
4.78370e-005,-1.40826e-004,-3.51563e-002,1.26953e-001,8.33496e-001,2.86585e+000,-6.79268e+001,1.21951e-001
3.32342e-005,-1.25383e-004,5.76172e-002,1.27441e-001,8.87207e-001,1.03659e+000,-6.66463e+001,5.48781e-001
1.09102e-005,-1.57275e-004,1.04980e-001,1.24512e-001,9.18945e-001,-1.64634e+000,-6.40854e+001,1.09756e+000
-1.22530e-005,-1.86145e-004,1.84570e-001,1.09375e-001,9.85352e-001,-2.31707e+000,-6.23171e+001,1.64634e+000
-3.97803e-005,-1.97559e-004,2.18750e-001,1.07422e-001,1.01172e+000,-3.23171e+000,-5.84756e+001,2.80488e+000
-5.75723e-005,-1.55932e-004,2.61230e-001,1.13281e-001,1.02588e+000,-3.23171e+000,-5.57317e+001,3.23171e+000
-6.04257e-005,5.87472e-006,2.71484e-001,1.09375e-001,1.01611e+000,-4.32927e+000,-4.95122e+001,3.04878e+000
-4.71656e-005,1.94537e-004,2.79297e-001,1.13770e-001,9.77051e-001,-5.18293e+000,-4.20122e+001,2.86585e+000
-3.79339e-005,1.77752e-004,2.76855e-001,1.08398e-001,9.71191e-001,-5.36585e+000,-3.76829e+001,2.62195e+000
-4.54871e-005,1.44854e-004,2.62207e-001,9.96094e-002,9.77539e-001,-4.51220e+000,-2.86585e+001,1.28049e+000
-5.08583e-005,1.42504e-004,2.43652e-001,9.17969e-002,9.87793e-001,-3.71951e+000,-2.37195e+001,1.28049e+000
-2.90379e-005,8.49317e-005,2.02637e-001,8.25195e-002,9.91699e-001,-4.87805e-001,-1.53659e+001,5.48781e-001
3.79339e-005,1.24208e-005,1.80664e-001,8.44727e-002,9.80957e-001,1.21951e-001,-1.25000e+001,7.31707e-001
7.82177e-005,-9.56741e-006,1.33789e-001,7.27539e-002,9.61914e-001,1.09756e+000,-6.52439e+000,1.82927e+000
6.64683e-005,4.86763e-006,1.05469e-001,7.32422e-002,9.67773e-001,1.89024e+000,-4.20732e+000,2.37805e+000
3.57519e-005,-1.15816e-005,4.78516e-002,7.27539e-002,1.01074e+000,2.68293e+000,-5.48781e-001,5.24390e+000
3.86053e-006,-5.45510e-005,2.73438e-002,7.76367e-002,1.05762e+000,2.74390e+000,1.09756e+000,7.07317e+000
-7.55322e-006,9.18135e-005,-1.41602e-002,8.39844e-002,1.13525e+000,1.95122e+000,5.06098e+000,1.01220e+001
-2.26596e-005,1.69024e-004,-2.88086e-002,9.42383e-002,1.15234e+000,1.15854e+000,6.82927e+000,1.15854e+001
-3.23949e-005,1.08431e-004,-4.24805e-002,1.17188e-001,1.19434e+000,-2.13415e+000,6.52439e+000,1.35976e+001
-8.72816e-006,5.10262e-005,-3.02734e-002,1.27441e-001,1.23926e+000,-3.29268e+000,4.81707e+000,1.45732e+001
4.73335e-005,-2.60166e-005,-2.29492e-002,1.40137e-001,1.23682e+000,-5.42683e+000,1.21951e+000,1.49390e+001
7.90570e-005,-7.85534e-005,-2.19727e-002,1.43066e-001,1.20703e+000,-6.21951e+000,-7.31707e-001,1.46951e+001
6.51255e-005,-8.20783e-005,-9.76563e-003,1.33301e-001,1.18701e+000,-7.56098e+000,-4.26829e+000,1.42683e+001
3.07164e-005,-5.87472e-005,3.56445e-002,8.93555e-002,1.16016e+000,-7.37805e+000,-4.39024e+000,1.41463e+001
1.00710e-006,-6.39506e-005,5.46875e-002,6.54297e-002,1.13574e+000,-4.81707e+000,-9.14634e-001,1.52439e+001
-6.02579e-005,-4.95155e-005,8.39844e-002,3.95508e-002,1.16357e+000,-4.26829e+000,1.89024e+000,1.71951e+001
-1.07088e-004,2.33310e-005,8.30078e-002,4.98047e-002,1.23975e+000,-5.30488e+000,1.95122e+000,2.50610e+001
-1.51232e-004,1.56435e-004,8.34961e-002,1.17188e-001,1.48779e+000,-7.74390e+000,-1.50000e+001,3.31098e+001
-1.38811e-004,2.23407e-004,4.63867e-002,1.56250e-001,1.60986e+000,-5.91463e+000,-2.82927e+001,3.31707e+001
-2.70237e-005,1.43679e-004,-1.31348e-001,2.32422e-001,1.62842e+000,5.73171e+000,-5.98171e+001,2.41463e+001
5.27047e-005,6.16007e-005,-2.16309e-001,2.49512e-001,1.55273e+000,1.17073e+001,-7.28049e+001,1.95122e+001
4.71656e-005,3.23949e-005,-3.06152e-001,1.83105e-001,1.30225e+000,1.92683e+001,-8.51220e+001,1.52439e+001
3.64233e-005,6.02579e-005,-3.25195e-001,1.22559e-001,1.17383e+000,1.95122e+001,-8.64634e+001,1.58537e+001
3.05486e-005,2.73594e-005,-3.52051e-001,1.46484e-003,1.04492e+000,1.63415e+001,-8.95122e+001,1.56707e+001
5.28725e-005,-1.37804e-004,-3.70117e-001,-5.37109e-002,1.01611e+000,1.57927e+001,-9.01220e+001,1.53049e+001
2.46738e-005,-2.50263e-004,-3.51563e-001,-1.16211e-001,9.30176e-001,1.59756e+001,-8.39634e+001,1.90244e+001
-5.20333e-005,9.14778e-005,-3.12012e-001,-1.31836e-001,8.83789e-001,1.61585e+001,-7.79268e+001,2.26220e+001
-9.33242e-005,3.07164e-004,-1.95313e-001,-1.42090e-001,8.30566e-001,1.50610e+001,-6.28659e+001,3.12195e+001
-1.00542e-004,1.14305e-004,-1.18652e-001,-1.31348e-001,8.33496e-001,1.42683e+001,-5.46341e+001,3.60366e+001
-9.91989e-005,-9.34920e-005,5.12695e-002,-9.27734e-002,9.04785e-001,1.25610e+001,-3.75000e+001,4.37805e+001
-9.83597e-005,1.44350e-005,2.20215e-001,-3.07617e-002,1.00537e+000,1.19512e+001,-3.01220e+001,4.65854e+001
-4.49836e-005,1.29076e-004,3.02734e-001,4.88281e-004,1.05859e+000,1.20732e+001,-1.53049e+001,5.12195e+001
1.56100e-005,1.06920e-004,4.45801e-001,4.83398e-002,1.11963e+000,1.31098e+001,-8.10976e+000,5.29268e+001
2.66880e-005,1.37972e-004,5.07324e-001,6.93359e-002,1.11963e+000,1.51220e+001,5.18293e+000,5.46341e+001
1.46029e-005,-3.18914e-006,5.79590e-001,1.11816e-001,1.10693e+000,1.59146e+001,1.03659e+001,5.35976e+001
1.66171e-005,-1.34112e-004,5.80566e-001,1.25977e-001,1.10254e+000,1.72561e+001,1.68902e+001,4.75000e+001
2.51774e-006,-1.68856e-004,5.27832e-001,1.42090e-001,1.07129e+000,1.85366e+001,1.87805e+001,4.35976e+001
-9.90310e-006,-1.54589e-004,4.77539e-001,1.45508e-001,1.03857e+000,2.09146e+001,2.03659e+001,3.56707e+001
-1.29244e-005,-1.24376e-004,3.28125e-001,1.47461e-001,9.66309e-001,2.23171e+001,1.89024e+001,2.81707e+001
-9.39956e-006,-6.10971e-005,2.47070e-001,1.39648e-001,9.41406e-001,2.21341e+001,1.78049e+001,2.44512e+001
2.51774e-006,-2.85344e-006,7.86133e-002,1.20605e-001,9.24316e-001,2.02439e+001,1.42073e+001,1.79268e+001
2.73594e-005,-2.53452e-005,6.34766e-003,1.08398e-001,9.21387e-001,1.89024e+001,1.19512e+001,1.54878e+001
4.17945e-005,-8.35889e-005,-1.03027e-001,8.20313e-002,9.42383e-001,1.51829e+001,6.21951e+000,1.20122e+001
6.56291e-005,-7.15038e-005,-1.41602e-001,7.03125e-002,9.62402e-001,1.26829e+001,2.50000e+000,1.06707e+001
2.19883e-005,-6.37827e-006,-1.75293e-001,5.46875e-002,9.99023e-001,7.74390e+000,-4.20732e+000,1.02439e+001
-3.44091e-005,5.92508e-005,-1.77734e-001,4.68750e-002,1.01807e+000,5.06098e+000,-6.95122e+000,1.06098e+001
-6.73075e-005,9.83597e-005,-1.38184e-001,4.93164e-002,1.04248e+000,-1.82927e-001,-1.21341e+001,1.26220e+001
-9.44991e-005,5.75723e-005,-9.86328e-002,5.46875e-002,1.04834e+000,-2.37805e+000,-1.36585e+001,1.37805e+001
-3.10521e-005,1.35958e-005,-1.51367e-002,6.25000e-002,1.06201e+000,-6.58537e+000,-1.59756e+001,1.59146e+001
3.60876e-005,4.54871e-005,2.78320e-002,6.93359e-002,1.06934e+000,-8.23171e+000,-1.62195e+001,1.70122e+001
2.36667e-005,8.84566e-005,1.22070e-001,8.69141e-002,1.08398e+000,-1.06098e+001,-1.52439e+001,1.72561e+001
-9.73526e-006,3.10521e-005,1.82129e-001,1.06445e-001,1.09033e+000,-1.09756e+001,-1.39634e+001,1.68293e+001
-4.17945e-005,1.52743e-005,2.02148e-001,1.10840e-001,1.09521e+000,-1.15244e+001,-9.14634e+000,1.54878e+001
-6.66362e-005,3.03807e-005,2.23145e-001,1.19141e-001,1.11377e+000,-1.17073e+001,-6.09756e+000,1.49390e+001
-4.17945e-005,3.44091e-005,2.26563e-001,1.21582e-001,1.12305e+000,-1.12195e+001,-2.43902e-001,1.37195e+001
-3.40734e-005,1.25887e-005,2.17285e-001,1.21094e-001,1.13477e+000,-1.09756e+001,2.92683e+000,1.32317e+001
-5.82437e-005,-1.93027e-005,2.01172e-001,1.16699e-001,1.13916e+000,-1.09756e+001,8.59756e+000,1.20732e+001
-8.37568e-005,-3.70947e-005,1.66992e-001,1.07910e-001,1.12793e+000,-1.11585e+001,1.10976e+001,1.20732e+001
-7.40215e-005,-2.51774e-006,1.47461e-001,1.00098e-001,1.12451e+000,-1.15244e+001,1.57317e+001,1.21951e+001
-7.80499e-005,5.15297e-005,1.26465e-001,8.78906e-002,1.11279e+000,-1.22561e+001,2.17683e+001,1.31707e+001
-7.73785e-005,4.95155e-005,1.19141e-001,8.00781e-002,1.09717e+000,-1.19512e+001,2.54268e+001,1.34146e+001
-2.19883e-005,-2.51774e-005,8.64258e-002,7.66602e-002,1.05225e+000,-1.22561e+001,3.00610e+001,1.23171e+001
-3.64233e-005,-6.46220e-005,5.46875e-002,8.34961e-002,1.02637e+000,-1.27439e+001,3.16463e+001,1.21951e+001
-3.60876e-005,-2.33310e-005,-1.61133e-002,9.52148e-002,1.01611e+000,-1.48780e+001,3.00000e+001,1.29878e+001
1.56100e-005,-6.46220e-005,-3.36914e-002,9.37500e-002,9.99023e-001,-1.50610e+001,2.88415e+001,1.40854e+001
6.00900e-005,-6.49577e-005,-4.19922e-002,8.39844e-002,9.47754e-001,-1.60976e+001,2.69512e+001,1.54878e+001
8.17426e-005,-3.67590e-005,-4.44336e-002,7.51953e-002,9.40430e-001,-1.65244e+001,2.63415e+001,1.47561e+001
5.33761e-005,-6.14328e-005,-5.81055e-002,6.15234e-002,9.36523e-001,-1.57317e+001,2.50610e+001,1.15854e+001
8.67781e-005,-9.98703e-005,-6.78711e-002,5.85938e-002,9.30664e-001,-1.46951e+001,2.39024e+001,1.03049e+001
1.52239e-004,-9.21492e-005,-9.47266e-002,5.66406e-002,9.04297e-001,-1.42073e+001,1.95122e+001,7.01220e+000
1.20348e-004,-6.37827e-005,-1.04980e-001,5.51758e-002,8.99414e-001,-1.42073e+001,1.71341e+001,5.54878e+000
2.40024e-005,-4.51514e-005,-1.04492e-001,6.34766e-002,8.93555e-001,-1.42073e+001,1.45122e+001,3.04878e+000
-4.11231e-005,-2.46738e-005,-9.76563e-002,6.15234e-002,9.12109e-001,-1.31707e+001,1.31098e+001,1.82927e+000
-4.11231e-005,-1.05745e-005,-8.88672e-002,6.20117e-002,9.15039e-001,-1.09756e+001,9.93902e+000,-6.70732e-001
-4.43122e-005,1.32601e-005,-7.03125e-002,6.93359e-002,9.11621e-001,-9.75610e+000,9.26829e+000,-2.01220e+000
-4.04517e-005,8.30854e-005,-6.15234e-002,6.98242e-002,9.18457e-001,-8.23171e+000,8.84146e+000,-4.87805e+000
-2.19883e-005,9.85275e-005,-3.75977e-002,7.03125e-002,9.28223e-001,-7.31707e+000,8.96342e+000,-7.01220e+000
-6.46220e-005,4.61585e-005,-2.63672e-002,7.32422e-002,9.17480e-001,-4.69512e+000,9.75610e+000,-1.10366e+001
-7.15038e-005,2.18204e-006,-3.41797e-003,7.91016e-002,9.20410e-001,-4.20732e+000,1.03049e+001,-1.32317e+001
2.97093e-005,-2.93736e-005,1.95313e-003,7.91016e-002,9.32129e-001,-3.35366e+000,1.22561e+001,-1.70732e+001
8.22461e-005,-4.88441e-005,2.19727e-002,7.81250e-002,9.39941e-001,-1.21951e+000,1.20122e+001,-2.16463e+001
6.26078e-005,-4.81727e-005,2.00195e-002,7.91016e-002,9.37500e-001,-6.09756e-001,1.24390e+001,-2.37805e+001
5.35439e-005,-5.05226e-005,1.22070e-002,7.56836e-002,9.45313e-001,9.14634e-001,1.33537e+001,-2.70122e+001
-3.69268e-006,-2.16526e-005,1.46484e-003,7.56836e-002,9.45801e-001,9.14634e-001,1.31707e+001,-2.84756e+001
-1.33104e-004,7.15038e-005,-5.37109e-003,7.56836e-002,9.38477e-001,1.15854e+000,1.28659e+001,-3.07317e+001
-1.65331e-004,1.22698e-004,-6.34766e-003,6.98242e-002,9.39453e-001,1.28049e+000,1.34146e+001,-3.13415e+001
-1.14473e-004,5.89151e-005,-1.75781e-002,6.29883e-002,9.40918e-001,1.82927e+000,1.43902e+001,-3.28659e+001
-9.75204e-005,-2.43381e-005,-1.80664e-002,6.34766e-002,9.48242e-001,2.01220e+000,1.46951e+001,-3.30488e+001
-6.09293e-005,-5.45510e-005,-1.07422e-002,6.29883e-002,9.72168e-001,2.50000e+000,1.48780e+001,-3.32927e+001
-2.85344e-005,-4.38087e-005,-7.32422e-003,6.29883e-002,9.95605e-001,2.43902e+000,1.48780e+001,-3.31707e+001
-2.23239e-005,2.31632e-005,4.88281e-004,6.44531e-002,1.00732e+000,1.76829e+000,1.70732e+001,-3.28049e+001
-7.88891e-006,4.28016e-005,2.92969e-003,6.98242e-002,1.00928e+000,1.40244e+000,1.79878e+001,-3.27439e+001
-2.60166e-005,1.86313e-005,1.07422e-002,6.49414e-002,1.08203e+000,0.00000e+000,1.97561e+001,-3.21951e+001
-6.66362e-005,-2.34989e-006,3.56445e-002,5.81055e-002,1.08447e+000,6.09756e-002,2.17683e+001,-3.06098e+001
-4.48157e-005,-2.93736e-005,5.81055e-002,5.51758e-002,1.05859e+000,-3.04878e-001,2.51829e+001,-2.70122e+001
1.59457e-005,-8.15747e-005,1.04492e-001,5.17578e-002,1.01611e+000,-3.04878e-001,2.59146e+001,-2.51829e+001
6.46220e-005,-1.13130e-004,1.10352e-001,4.98047e-002,1.00293e+000,-6.09756e-002,2.72561e+001,-2.32927e+001
8.64424e-005,-1.37469e-004,9.32617e-002,4.63867e-002,9.90723e-001,-6.09756e-002,2.77439e+001,-2.26829e+001
8.20783e-005,-1.85473e-004,8.00781e-002,4.88281e-002,1.00586e+000,-1.82927e-001,2.89634e+001,-2.23780e+001
4.71656e-005,-2.05112e-004,6.88477e-002,4.88281e-002,1.04932e+000,-6.09756e-001,3.04878e+001,-2.23780e+001
1.59457e-005,-1.80774e-004,7.81250e-002,4.98047e-002,1.06592e+000,-1.09756e+000,3.69512e+001,-2.20122e+001
-2.13169e-005,-9.75204e-005,1.34277e-001,6.29883e-002,1.06982e+000,-4.26829e-001,4.80488e+001,-1.99390e+001
-1.10781e-005,-5.03548e-006,1.70410e-001,6.64063e-002,1.05713e+000,8.53659e-001,5.41463e+001,-1.85366e+001
5.95865e-005,1.59289e-004,2.42188e-001,7.61719e-002,1.03564e+000,2.62195e+000,6.48781e+001,-1.59756e+001
-8.89601e-006,3.12367e-004,2.65625e-001,8.49609e-002,1.02539e+000,3.47561e+000,6.89634e+001,-1.47561e+001
-1.13298e-004,2.66880e-004,2.86133e-001,1.00586e-001,1.01025e+000,4.81707e+000,7.68293e+001,-1.25610e+001
-1.03731e-004,1.06584e-004,2.75391e-001,1.09375e-001,1.02197e+000,5.06098e+000,7.96951e+001,-1.15244e+001
-7.53643e-005,1.64492e-005,2.56348e-001,1.19629e-001,1.08398e+000,3.17073e+000,8.23781e+001,-9.26829e+000
-6.89860e-005,1.82956e-005,2.39258e-001,1.21094e-001,1.12793e+000,1.70732e+000,8.27439e+001,-7.56098e+000
-2.76951e-005,2.56809e-005,1.82617e-001,1.27441e-001,1.19531e+000,-1.76829e+000,8.06707e+001,-4.81707e+000
1.67849e-007,2.26596e-005,1.55762e-001,1.21094e-001,1.21826e+000,-3.41463e+000,7.83537e+001,-3.53659e+000
-1.84634e-006,2.08133e-005,9.32617e-002,1.13281e-001,1.19531e+000,-5.85366e+000,7.39634e+001,-2.19512e+000
2.13169e-005,-7.55322e-006,6.00586e-002,1.04980e-001,1.16162e+000,-6.34146e+000,7.15244e+001,-2.01220e+000
1.79599e-005,-3.05486e-005,-6.83594e-003,8.34961e-002,1.09131e+000,-5.79268e+000,6.83537e+001,-2.19512e+000
-1.96384e-005,-2.36667e-005,-5.37109e-002,5.90820e-002,1.01416e+000,-5.36585e+000,6.72561e+001,-3.41463e+000
-7.45251e-005,-1.76242e-005,-7.17773e-002,4.24805e-002,9.78516e-001,-4.14634e+000,6.57927e+001,-5.85366e+000
-6.49577e-005,-4.07874e-005,-1.10840e-001,5.85938e-003,8.40820e-001,-2.68293e+000,6.42683e+001,-6.95122e+000
-3.27306e-005,-4.44800e-005,-1.27930e-001,-1.66016e-002,7.66602e-001,4.26829e-001,5.77439e+001,-8.71951e+000
-2.29953e-005,-3.79339e-005,-1.33301e-001,-7.03125e-002,6.30371e-001,1.64634e+000,5.25000e+001,-8.65854e+000
-8.22461e-006,-4.21302e-005,-1.30371e-001,-1.08887e-001,6.00098e-001,3.23171e+000,4.00000e+001,-5.54878e+000
4.53193e-006,-8.22461e-006,-1.44043e-001,-1.86523e-001,5.62988e-001,3.71951e+000,3.46341e+001,-3.41463e+000
2.24918e-005,7.88891e-006,-1.48438e-001,-2.11426e-001,5.73730e-001,2.13415e+000,2.95122e+001,1.21951e+000
3.60876e-005,-7.70428e-005,-1.12793e-001,-2.25098e-001,6.55273e-001,3.04878e-001,3.14024e+001,2.01220e+000
1.62814e-005,-4.51514e-005,-7.03125e-002,-2.08984e-001,6.92871e-001,-6.09756e-002,3.45122e+001,0.00000e+000
-1.22530e-005,-2.29953e-005,4.00391e-002,-1.40137e-001,7.51953e-001,2.50000e+000,4.34756e+001,-5.85366e+000
-2.76951e-005,-6.42863e-005,7.66602e-002,-9.42383e-002,7.62207e-001,4.14634e+000,4.76829e+001,-9.20732e+000
-6.39506e-005,-9.13100e-005,1.04492e-001,-1.07422e-002,7.51953e-001,6.46341e+000,5.09146e+001,-1.21341e+001
-1.14977e-004,-9.43313e-005,1.05957e-001,2.63672e-002,7.32910e-001,6.76829e+000,4.96951e+001,-1.17073e+001
-7.83856e-005,-1.14305e-004,8.64258e-002,9.08203e-002,7.06543e-001,7.43902e+000,4.47561e+001,-9.26829e+000
8.22461e-006,-1.31426e-004,6.25000e-002,1.19141e-001,7.01172e-001,7.13415e+000,4.15244e+001,-8.90244e+000
5.27047e-005,-1.39147e-004,-1.90430e-002,1.49414e-001,6.90918e-001,7.80488e+000,3.43293e+001,-1.00610e+001
4.34730e-005,-1.23033e-004,-7.81250e-002,1.50391e-001,6.84570e-001,7.86585e+000,3.08537e+001,-1.10976e+001
1.46029e-005,-5.42153e-005,-2.04102e-001,1.25000e-001,6.73340e-001,7.62195e+000,2.23171e+001,-1.28049e+001
1.67849e-006,2.33310e-005,-2.57813e-001,9.96094e-002,6.74805e-001,7.37805e+000,1.81098e+001,-1.32927e+001
-1.35958e-005,4.98512e-005,-3.31543e-001,4.10156e-002,6.97754e-001,5.73171e+000,7.80488e+000,-1.43293e+001
-2.40024e-005,4.61585e-005,-3.52051e-001,-1.22070e-002,7.29004e-001,4.87805e+000,2.25610e+000,-1.46341e+001
3.18914e-006,3.57519e-005,-3.52539e-001,-3.41797e-002,7.49512e-001,3.35366e+000,-8.96342e+000,-1.55488e+001
5.03548e-007,5.03548e-007,-3.23242e-001,-7.22656e-002,7.81738e-001,3.17073e+000,-1.34756e+001,-1.54878e+001
1.00710e-006,-1.96384e-005,-2.99805e-001,-8.34961e-002,7.89063e-001,2.68293e+000,-2.22561e+001,-1.50610e+001
7.55322e-006,-2.34989e-005,-2.55371e-001,-8.39844e-002,7.95410e-001,3.17073e+000,-2.55488e+001,-1.50000e+001
-2.26596e-005,-2.18204e-005,-2.37793e-001,-7.71484e-002,7.95898e-001,4.20732e+000,-3.16463e+001,-1.52439e+001
-1.30922e-005,-4.19623e-006,-2.13379e-001,-6.10352e-002,7.93945e-001,4.93902e+000,-3.35976e+001,-1.56707e+001
1.86313e-005,4.75013e-005,-2.02637e-001,-4.68750e-002,7.98340e-001,6.82927e+000,-3.69512e+001,-1.64024e+001
-7.21752e-006,4.34730e-005,-1.79688e-001,-1.66016e-002,8.13477e-001,8.10976e+000,-3.83537e+001,-1.71951e+001
-4.17945e-005,-8.56031e-006,-1.67969e-001,2.92969e-003,8.26660e-001,8.04878e+000,-3.78049e+001,-1.71341e+001
-6.99931e-005,8.72816e-006,-1.40137e-001,3.80859e-002,8.48633e-001,9.08537e+000,-3.56707e+001,-1.60366e+001
-8.30854e-005,4.06195e-005,-1.18164e-001,4.83398e-002,8.58398e-001,9.87805e+000,-3.37195e+001,-1.52439e+001
-3.32342e-005,3.20592e-005,-6.15234e-002,7.76367e-002,8.71094e-001,1.11585e+001,-2.92073e+001,-1.26220e+001
-6.04257e-006,1.76242e-005,-3.66211e-002,8.88672e-002,8.71094e-001,1.15854e+001,-2.64024e+001,-1.10366e+001
-1.02388e-005,1.22530e-005,1.95313e-002,9.76563e-002,8.75000e-001,1.26220e+001,-2.06098e+001,-7.80488e+000
3.20592e-005,-2.34989e-006,5.02930e-002,9.76563e-002,8.74023e-001,1.33537e+001,-1.75000e+001,-6.28049e+000
1.46197e-004,-1.22530e-005,1.02051e-001,8.49609e-002,8.62793e-001,1.45122e+001,-1.15854e+001,-3.90244e+000
1.57778e-004,-2.51774e-006,1.19629e-001,7.86133e-002,8.55469e-001,1.50610e+001,-9.26829e+000,-2.74390e+000
8.34211e-005,2.83665e-005,1.44043e-001,6.29883e-002,8.25195e-001,1.71341e+001,-5.60976e+000,-1.34146e+000
-2.13169e-005,4.81727e-005,1.53809e-001,3.75977e-002,7.62695e-001,1.81707e+001,-3.65854e+000,-6.70732e-001
-7.08324e-005,3.47448e-005,1.41602e-001,2.73438e-002,7.29980e-001,2.01829e+001,-8.53659e-001,-1.82927e-001
-9.76883e-005,6.21042e-006,1.07910e-001,1.31836e-002,6.76270e-001,2.12195e+001,1.82927e-001,6.09756e-002
-1.25216e-004,8.56031e-006,8.59375e-002,-1.46484e-003,6.51855e-001,2.40854e+001,2.13415e+000,1.82927e-001
-8.71138e-005,5.03548e-007,1.17188e-002,-1.31836e-002,6.25000e-001,2.51829e+001,2.56098e+000,6.09756e-001
-3.50805e-005,-7.38537e-006,-3.22266e-002,-1.31836e-002,6.15234e-001,2.73780e+001,2.13415e+000,6.09756e-001
-3.13878e-005,-3.18914e-006,-1.16699e-001,-6.83594e-003,6.19141e-001,2.76829e+001,2.43902e+000,8.53659e-001
-3.70947e-005,-1.02388e-005,-1.57715e-001,-4.39453e-003,6.28906e-001,2.73780e+001,1.70732e+000,3.04878e-001
-8.22461e-006,-1.67849e-006,-2.29980e-001,1.46484e-003,6.11328e-001,2.73171e+001,2.43902e-001,-3.04878e-001
7.55322e-006,2.83665e-005,-2.62207e-001,1.12305e-002,5.89844e-001,2.85366e+001,-4.87805e+000,-1.89024e+000
9.23171e-006,4.51514e-005,-3.46191e-001,3.02734e-002,5.54199e-001,2.87195e+001,-1.30488e+001,-4.57317e+000
4.53193e-006,2.76951e-005,-3.82813e-001,4.29688e-002,5.49316e-001,2.83537e+001,-1.81098e+001,-5.91463e+000
8.22461e-006,1.44350e-005,-4.43848e-001,5.76172e-002,5.48340e-001,2.73780e+001,-2.85366e+001,-7.56098e+000
1.86313e-005,1.99741e-005,-4.59961e-001,6.29883e-002,5.62012e-001,2.59146e+001,-3.37805e+001,-8.41463e+000
2.16526e-005,2.65202e-005,-4.70703e-001,6.88477e-002,5.80078e-001,2.44512e+001,-4.35366e+001,-8.59756e+000
-1.37636e-005,1.51064e-005,-4.61426e-001,6.83594e-002,5.86914e-001,2.35976e+001,-4.89634e+001,-8.29268e+000
-8.19104e-005,-3.18914e-006,-4.17969e-001,7.17773e-002,5.72754e-001,2.22561e+001,-6.07927e+001,-7.37805e+000
-9.98703e-005,-1.00710e-005,-3.86719e-001,6.83594e-002,5.58105e-001,2.10976e+001,-6.71341e+001,-6.52439e+000
-7.15038e-005,8.89601e-006,-3.01270e-001,5.51758e-002,5.40527e-001,1.86585e+001,-7.85366e+001,-4.32927e+000
-2.51774e-005,1.05745e-005,-2.50488e-001,5.02930e-002,5.50781e-001,1.70732e+001,-8.24390e+001,-3.65854e+000
7.88891e-006,3.35698e-006,-1.41602e-001,3.80859e-002,6.07422e-001,1.45732e+001,-8.68293e+001,-2.62195e+000
-6.21042e-006,3.52483e-006,-5.71289e-002,3.66211e-002,6.53809e-001,1.28049e+001,-8.71341e+001,-2.07317e+000
-3.35698e-005,1.35958e-005,-1.56250e-002,3.66211e-002,6.78223e-001,9.69512e+000,-8.62805e+001,-1.28049e+000
-1.96384e-005,1.25887e-005,6.34766e-002,3.75977e-002,7.14844e-001,8.53659e+000,-8.54878e+001,-1.03659e+000
4.14588e-005,-1.19173e-005,9.81445e-002,3.51563e-002,7.31934e-001,6.15854e+000,-8.40244e+001,-1.28049e+000
2.56809e-005,-2.53452e-005,1.60156e-001,4.44336e-002,7.52441e-001,5.73171e+000,-8.28049e+001,-1.46341e+000
4.31373e-005,-3.17235e-005,1.77734e-001,5.56641e-002,7.51465e-001,4.51220e+000,-7.88415e+001,-3.41463e+000
9.61776e-005,-3.27306e-005,1.65527e-001,8.20313e-002,7.19727e-001,4.02439e+000,-7.59756e+001,-4.81707e+000
1.37133e-004,-2.93736e-005,1.49414e-001,9.08203e-002,7.00684e-001,7.31707e-001,-6.98781e+001,-6.82927e+000
1.53246e-004,-3.40734e-005,1.08887e-001,1.05469e-001,6.76270e-001,-8.53659e-001,-6.66463e+001,-7.62195e+000
1.02724e-004,-3.34020e-005,8.74023e-002,1.12305e-001,6.71875e-001,-3.65854e+000,-5.83537e+001,-9.14634e+000
9.70169e-005,-3.47448e-005,3.07617e-002,1.19629e-001,6.80664e-001,-4.20732e+000,-4.66463e+001,-1.02439e+001
1.16823e-004,-4.01160e-005,0.00000e+000,1.23535e-001,6.77734e-001,-4.57317e+000,-3.99390e+001,-1.08537e+001
1.09270e-004,-4.61585e-005,-5.46875e-002,1.15723e-001,6.64063e-001,-4.26829e+000,-2.75610e+001,-1.09756e+001
-7.26787e-005,-3.81018e-005,-8.00781e-002,1.11816e-001,6.48926e-001,-3.96341e+000,-2.18293e+001,-1.09146e+001
-2.62013e-004,-3.20592e-005,-1.08887e-001,1.08398e-001,6.88965e-001,-3.35366e+000,-9.45122e+000,-9.81707e+000
-2.29282e-004,-5.89151e-005,-1.16699e-001,9.81445e-002,7.35840e-001,-3.04878e+000,-2.68293e+000,-9.32927e+000
-1.21355e-004,-9.88632e-005,-1.20605e-001,9.37500e-002,8.47656e-001,-2.56098e+000,1.00610e+001,-7.25610e+000
-1.30922e-004,-1.09606e-004,-1.16699e-001,9.03320e-002,9.14063e-001,-2.19512e+000,1.62805e+001,-5.67073e+000
-1.44854e-004,-7.73785e-005,-9.52148e-002,1.03027e-001,1.06396e+000,-3.47561e+000,2.46951e+001,-1.58537e+000
-1.05577e-004,8.22461e-006,-8.05664e-002,1.22559e-001,1.13086e+000,-4.26829e+000,2.64024e+001,7.31707e-001
-8.54353e-005,6.79789e-005,-4.15039e-002,1.54785e-001,1.23096e+000,-7.74390e+000,2.51829e+001,5.54878e+000
-7.82177e-005,9.56741e-006,2.58789e-002,1.63086e-001,1.29102e+000,-9.20732e+000,2.37805e+001,7.62195e+000
3.40734e-005,-1.46029e-005,5.95703e-002,1.62109e-001,1.30127e+000,-1.11585e+001,2.31098e+001,1.20732e+001
4.31373e-005,-2.81987e-005,1.51367e-001,1.43555e-001,1.27100e+000,-1.13415e+001,2.45732e+001,1.50610e+001
-7.73785e-005,-3.18914e-006,1.95801e-001,1.41602e-001,1.25928e+000,-1.09146e+001,3.15244e+001,2.42073e+001
-1.50561e-004,4.26337e-005,3.08594e-001,1.76270e-001,1.36865e+000,-1.10366e+001,3.32927e+001,3.05488e+001
-1.47539e-004,3.52483e-005,3.39355e-001,2.13867e-001,1.46875e+000,-1.28049e+001,2.98171e+001,3.98780e+001
-7.80499e-005,1.67849e-005,3.27637e-001,3.51074e-001,1.79541e+000,-1.44512e+001,2.09146e+001,4.26829e+001
3.18914e-006,5.18654e-005,2.84180e-001,4.11621e-001,1.94824e+000,-1.42073e+001,-1.20122e+001,4.07927e+001
1.00206e-004,8.05676e-005,5.27344e-002,4.74121e-001,1.86816e+000,-9.26829e+000,-2.92073e+001,3.62805e+001
2.39689e-004,-8.40925e-005,-6.98242e-002,4.60449e-001,1.67139e+000,2.19512e+000,-5.45732e+001,2.82927e+001
4.65782e-004,-1.02220e-004,-1.73828e-001,2.98828e-001,1.31543e+000,7.07317e+000,-6.61585e+001,2.63415e+001
5.17144e-004,-3.70947e-005,-1.82617e-001,1.79199e-001,1.20068e+000,9.02439e+000,-6.71341e+001,2.64024e+001
3.33852e-004,-1.45190e-004,-2.20703e-001,-2.68555e-002,1.01807e+000,1.67073e+001,-6.47561e+001,2.51220e+001
-5.20333e-006,-4.31373e-005,-2.66602e-001,-9.57031e-002,9.27246e-001,2.09756e+001,-6.25000e+001,2.43293e+001
-3.41405e-004,2.44053e-004,-3.32520e-001,-1.77734e-001,7.71484e-001,2.66463e+001,-5.56707e+001,2.56098e+001
-3.03807e-004,1.39483e-004,-3.25195e-001,-2.04102e-001,7.29004e-001,2.65854e+001,-5.02439e+001,2.83537e+001
-1.77417e-004,1.77081e-004,-2.50977e-001,-2.34863e-001,7.40723e-001,2.28659e+001,-3.48780e+001,3.73171e+001
-2.23239e-004,2.10819e-004,-1.81641e-001,-2.41211e-001,7.89063e-001,2.00610e+001,-2.65244e+001,4.27439e+001
-3.28984e-005,7.41894e-005,-7.32422e-003,-2.28027e-001,9.34082e-001,1.45122e+001,-9.87805e+000,5.14024e+001
1.57610e-004,-3.12200e-005,8.83789e-002,-2.14355e-001,1.00879e+000,1.32927e+001,-1.64634e+000,5.48781e+001
2.50935e-004,-9.50027e-005,2.63184e-001,-1.60156e-001,1.09912e+000,1.20732e+001,1.23171e+001,5.78049e+001
8.44282e-005,-9.56741e-005,3.58398e-001,-7.71484e-002,1.12744e+000,1.21341e+001,1.78049e+001,5.75610e+001
-2.32471e-004,-4.07874e-005,3.68652e-001,-3.56445e-002,1.11963e+000,1.33537e+001,2.35976e+001,5.25610e+001
-4.14755e-004,3.47448e-005,3.11523e-001,5.85938e-002,1.08984e+000,1.46341e+001,2.37805e+001,4.87195e+001
-5.49706e-004,3.10521e-005,2.47070e-001,9.61914e-002,1.06787e+000,1.76829e+001,2.04878e+001,3.92683e+001
-6.83482e-004,-4.14588e-005,8.15430e-002,1.63086e-001,1.02051e+000,1.95122e+001,1.79268e+001,3.46951e+001
-4.47822e-004,-1.09102e-004,-4.88281e-003,1.81641e-001,9.96582e-001,2.25610e+001,1.03659e+001,2.59146e+001
-5.58938e-005,8.91279e-005,-1.60645e-001,1.91895e-001,9.65820e-001,2.32927e+001,5.79268e+000,2.16463e+001
3.31502e-004,4.21134e-004,-2.28027e-001,1.86035e-001,9.57031e-001,2.36585e+001,-2.80488e+000,1.37195e+001
5.94522e-004,2.45563e-004,-3.16406e-001,1.61621e-001,9.49707e-001,2.29878e+001,-7.37805e+000,1.00610e+001
4.69810e-004,3.18914e-006,-3.38379e-001,1.41113e-001,9.52148e-001,2.12195e+001,-1.49390e+001,4.32927e+000
1.32433e-004,-1.89670e-005,-3.51563e-001,8.39844e-002,9.76563e-001,1.80488e+001,-2.01220e+001,1.09756e+000
-2.87526e-004,1.49386e-005,-3.32031e-001,5.46875e-002,9.91211e-001,1.64634e+001,-2.16463e+001,8.53659e-001
-6.34470e-004,6.42863e-005,-2.64648e-001,1.75781e-002,1.02295e+000,1.28659e+001,-2.25000e+001,1.70732e+000
-5.89319e-004,2.12329e-004,-2.21680e-001,3.41797e-003,1.03955e+000,1.13415e+001,-2.18902e+001,2.62195e+000
-2.95247e-004,1.47539e-004,-1.22070e-001,-6.34766e-003,1.06104e+000,9.08537e+000,-1.94512e+001,4.87805e+000
-1.13466e-004,2.60166e-005,-7.76367e-002,6.83594e-003,1.06738e+000,9.20732e+000,-1.75610e+001,5.79268e+000
3.23949e-005,2.95247e-004,2.44141e-002,3.02734e-002,1.09619e+000,6.95122e+000,-1.32317e+001,7.31707e+000
8.47639e-005,2.98436e-004,6.54297e-002,4.68750e-002,1.10449e+000,7.07317e+000,-1.01220e+001,7.62195e+000
6.21042e-006,-5.35439e-005,1.27441e-001,8.69141e-002,1.11230e+000,7.13415e+000,-4.39024e+000,7.68293e+000
5.13619e-005,-1.40658e-004,1.42090e-001,1.06934e-001,1.11523e+000,6.89024e+000,-1.58537e+000,7.31707e+000
1.24376e-004,-1.34951e-004,1.55273e-001,1.43066e-001,1.12061e+000,7.25610e+000,4.08537e+000,6.95122e+000
1.90845e-004,-1.93866e-004,1.59180e-001,1.74805e-001,1.12451e+000,7.13415e+000,6.52439e+000,6.58537e+000
3.06996e-004,-1.76745e-004,1.46484e-001,1.86523e-001,1.12402e+000,6.89024e+000,1.17073e+001,5.97561e+000
2.96590e-004,-1.68017e-004,1.18164e-001,1.90918e-001,1.13135e+000,6.15854e+000,1.38415e+001,5.60976e+000
1.23033e-004,-1.26390e-004,1.01074e-001,1.89941e-001,1.14160e+000,5.24390e+000,1.75610e+001,5.85366e+000
-1.27733e-004,-2.85344e-006,6.10352e-002,1.86035e-001,1.16064e+000,4.02439e+000,1.82317e+001,5.67073e+000
-1.19677e-004,-1.56100e-005,5.02930e-002,1.81152e-001,1.15967e+000,2.68293e+000,2.07317e+001,5.73171e+000
1.22362e-004,1.05745e-005,3.71094e-002,1.64063e-001,1.14502e+000,1.28049e+000,2.15244e+001,5.67073e+000
2.82155e-004,1.08598e-004,2.97852e-002,1.55762e-001,1.11377e+000,-1.21951e-001,2.40854e+001,5.30488e+000
3.01289e-004,1.11284e-004,1.26953e-002,1.49902e-001,1.07471e+000,-1.40244e+000,2.40244e+001,4.45122e+000
3.48623e-004,3.13878e-005,-5.37109e-003,1.49902e-001,1.07959e+000,-5.30488e+000,2.18293e+001,2.56098e+000
1.78424e-004,1.32601e-005,-5.56641e-002,1.61133e-001,1.07764e+000,-9.14634e+000,2.04268e+001,4.51220e+000
-1.27398e-004,8.24140e-005,-5.90820e-002,1.61621e-001,1.07764e+000,-1.12805e+001,1.93902e+001,5.85366e+000
-2.81483e-004,2.46906e-004,-4.15039e-002,1.64063e-001,1.09521e+000,-1.52439e+001,1.82317e+001,7.13415e+000
-4.09216e-004,3.46944e-004,-3.85742e-002,1.66992e-001,1.08789e+000,-1.71951e+001,1.81707e+001,6.95122e+000
-5.31914e-004,1.11284e-004,-4.63867e-002,1.70410e-001,1.06592e+000,-2.07317e+001,1.68902e+001,6.03659e+000
-3.97971e-004,-1.34279e-006,-4.78516e-002,1.63086e-001,1.06445e+000,-2.21341e+001,1.58537e+001,5.54878e+000
-1.99741e-005,1.40154e-004,-6.10352e-002,1.49902e-001,1.05029e+000,-2.30488e+001,1.37195e+001,3.47561e+000
2.32135e-004,4.17945e-005,-6.88477e-002,1.50879e-001,1.03369e+000,-2.37195e+001,1.31707e+001,2.62195e+000
3.98642e-004,-2.17365e-004,-9.91211e-002,1.53809e-001,1.01855e+000,-2.58537e+001,1.18902e+001,1.70732e+000
3.90417e-004,-2.40864e-004,-1.17188e-001,1.51367e-001,1.02832e+000,-2.68902e+001,1.01220e+001,9.14634e-001
1.21019e-004,-2.50599e-004,-1.34277e-001,1.38672e-001,1.04150e+000,-2.62805e+001,5.12195e+000,-9.75610e-001
-1.82788e-004,-2.64027e-004,-1.44531e-001,1.21094e-001,1.01807e+000,-2.61585e+001,2.68293e+000,-2.07317e+000
-2.04273e-004,-1.06920e-004,-1.52832e-001,1.14746e-001,1.00342e+000,-2.50000e+001,-1.28049e+000,-4.32927e+000
-6.94896e-005,2.51942e-004,-1.48926e-001,9.71680e-002,9.95117e-001,-2.42073e+001,-3.35366e+000,-5.12195e+000
9.36599e-005,4.15763e-004,-1.47461e-001,8.98438e-002,9.83398e-001,-2.26220e+001,-7.80488e+000,-7.43902e+000
3.01961e-004,3.48959e-004,-1.45020e-001,7.51953e-002,9.57031e-001,-2.18293e+001,-8.90244e+000,-8.29268e+000
2.50263e-004,4.08545e-004,-1.43066e-001,7.17773e-002,9.41406e-001,-2.11585e+001,-1.05488e+001,-1.03659e+001
2.67384e-004,2.53788e-004,-1.39160e-001,6.44531e-002,9.23828e-001,-2.12195e+001,-1.11585e+001,-1.17683e+001
2.21393e-004,7.88891e-005,-1.36230e-001,5.95703e-002,9.22852e-001,-2.14634e+001,-1.25000e+001,-1.45122e+001
8.67781e-005,-7.72107e-006,-1.31836e-001,5.61523e-002,9.07715e-001,-2.10976e+001,-1.26220e+001,-1.57317e+001
-3.67590e-005,-2.57313e-004,-1.33301e-001,5.12695e-002,9.00391e-001,-2.03049e+001,-1.15244e+001,-1.78049e+001
-1.99237e-004,-3.29656e-004,-1.21094e-001,4.58984e-002,8.95020e-001,-1.76829e+001,-1.00000e+001,-1.95122e+001
-2.75105e-004,-2.86519e-004,-1.17188e-001,4.29688e-002,8.90625e-001,-1.61585e+001,-9.14634e+000,-2.00000e+001
-2.99275e-004,-3.59365e-004,-1.03516e-001,5.27344e-002,8.84766e-001,-1.50610e+001,-7.92683e+000,-2.09146e+001
-4.14588e-005,-2.38682e-004,-9.17969e-002,5.37109e-002,8.92090e-001,-1.47561e+001,-8.17073e+000,-2.12195e+001
2.25925e-004,-1.05745e-004,-7.66602e-002,5.37109e-002,8.99902e-001,-1.48171e+001,-8.10976e+000,-2.09146e+001
2.81483e-004,-1.42840e-004,-6.88477e-002,5.22461e-002,9.04297e-001,-1.42683e+001,-8.10976e+000,-2.11585e+001
1.75738e-004,-2.31800e-004,-4.19922e-002,5.41992e-002,9.40918e-001,-1.27439e+001,-6.95122e+000,-2.03659e+001
-6.29435e-005,-1.54421e-004,-2.34375e-002,4.19922e-002,9.84375e-001,-1.24390e+001,-5.73171e+000,-1.98171e+001
-2.20722e-004,1.70535e-004,9.76563e-003,2.24609e-002,9.99512e-001,-9.75610e+000,-2.31707e+000,-1.72561e+001
-4.13748e-004,4.37583e-004,4.10156e-002,1.75781e-002,9.76074e-001,-8.53659e+000,-1.58537e+000,-1.59146e+001
-5.53063e-004,5.74380e-004,9.22852e-002,1.80664e-002,9.27246e-001,-5.91463e+000,-3.04878e-001,-1.56707e+001
-4.12406e-004,3.29320e-004,1.04980e-001,3.27148e-002,9.17969e-001,-5.67073e+000,3.04878e-001,-1.65244e+001
-1.67681e-004,8.37568e-005,1.07910e-001,4.68750e-002,9.41406e-001,-5.30488e+000,1.82927e+000,-1.87805e+001
1.46029e-005,1.79599e-004,1.01563e-001,6.83594e-002,9.90723e-001,-5.67073e+000,3.35366e+000,-1.98780e+001
1.99908e-004,-1.23033e-004,1.02051e-001,8.49609e-002,1.02734e+000,-6.34146e+000,9.51220e+000,-2.10976e+001
1.93027e-004,-2.35325e-004,1.27441e-001,9.66797e-002,1.06641e+000,-6.64634e+000,1.34146e+001,-2.12195e+001
1.80774e-004,-8.10712e-005,1.51855e-001,1.01074e-001,1.06494e+000,-6.58537e+000,2.45732e+001,-2.01829e+001
1.81109e-004,-1.15145e-004,2.13379e-001,9.61914e-002,1.02832e+000,-5.54878e+000,3.10366e+001,-1.91463e+001
-8.42603e-005,-1.36126e-004,2.55371e-001,9.22852e-002,1.00488e+000,-2.50000e+000,4.14634e+001,-1.70732e+001
-3.25795e-004,-1.12963e-004,3.07617e-001,8.39844e-002,9.60938e-001,-1.34146e+000,4.57317e+001,-1.62805e+001
-3.06157e-004,-1.19005e-004,3.07129e-001,8.54492e-002,9.53613e-001,9.75610e-001,5.36585e+001,-1.60976e+001
-1.34447e-004,-1.15816e-004,2.77832e-001,8.74023e-002,9.77051e-001,1.03659e+000,5.84146e+001,-1.67683e+001
-2.85344e-006,7.18395e-005,2.47559e-001,8.78906e-002,1.01758e+000,4.26829e-001,6.01220e+001,-1.75000e+001
5.27047e-005,5.32082e-005,1.75293e-001,9.71680e-002,1.12451e+000,-1.34146e+000,6.19512e+001,-1.69512e+001
2.51270e-004,-1.56603e-004,1.38672e-001,1.00098e-001,1.16748e+000,-2.50000e+000,6.16463e+001,-1.68293e+001
5.81430e-004,-3.36873e-004,7.71484e-002,9.81445e-002,1.19971e+000,-3.35366e+000,5.75000e+001,-1.67073e+001
6.67872e-004,-5.83444e-004,4.98047e-002,9.66797e-002,1.17432e+000,-3.04878e+000,5.39024e+001,-1.64024e+001
4.53696e-004,-4.54871e-004,0.00000e+000,1.01074e-001,1.04639e+000,-2.37805e+000,4.74390e+001,-1.60976e+001
5.08583e-005,-1.38140e-004,-2.09961e-002,9.47266e-002,1.01318e+000,-3.35366e+000,4.45732e+001,-1.67073e+001
-4.78874e-004,-2.14847e-005,-8.98438e-002,6.00586e-002,9.34082e-001,6.09756e-002,4.34146e+001,-1.71951e+001
-7.60357e-004,1.59457e-005,-1.21582e-001,4.49219e-002,8.58398e-001,1.70732e+000,4.05488e+001,-1.65244e+001
-7.59182e-004,1.39818e-004,-1.36230e-001,8.78906e-003,7.29004e-001,5.42683e+000,3.29878e+001,-1.50610e+001
-3.43923e-004,5.70520e-004,-1.38184e-001,-3.46680e-002,6.20605e-001,7.56098e+000,3.13415e+001,-1.39634e+001
4.06195e-005,6.13489e-004,-1.39160e-001,-5.71289e-002,5.72266e-001,1.04878e+001,2.80488e+001,-1.25000e+001
1.91012e-004,1.65499e-004,-1.29395e-001,-1.24023e-001,5.43945e-001,1.07317e+001,2.57317e+001,-1.15854e+001
2.21393e-004,-5.40475e-005,-1.35742e-001,-1.56738e-001,5.41992e-001,1.04878e+001,2.02439e+001,-9.87805e+000
1.47875e-004,-2.03098e-005,-1.48926e-001,-2.05566e-001,5.64453e-001,1.04878e+001,1.85366e+001,-8.90244e+000
8.91279e-005,1.51064e-005,-1.51367e-001,-2.22168e-001,5.79590e-001,8.90244e+000,1.87195e+001,-7.92683e+000
-8.42603e-005,6.41184e-005,-1.28418e-001,-2.28027e-001,6.06445e-001,8.65854e+000,2.09756e+001,-8.10976e+000
-2.71916e-004,1.40154e-004,-9.86328e-002,-2.16797e-001,6.23047e-001,8.71951e+000,2.89634e+001,-1.06098e+001
-2.90379e-004,1.02556e-004,-3.75977e-002,-1.50879e-001,6.57227e-001,9.81707e+000,3.42683e+001,-1.22561e+001
-1.19677e-004,-1.86145e-004,3.90625e-003,-1.05469e-001,6.74805e-001,1.14024e+001,4.42683e+001,-1.43293e+001
4.38087e-005,-2.59998e-004,8.64258e-002,-1.26953e-002,7.11426e-001,1.29268e+001,5.26829e+001,-1.50000e+001
3.27138e-004,-2.77119e-004,1.18164e-001,3.22266e-002,7.21191e-001,1.29878e+001,5.51829e+001,-1.43293e+001
6.28260e-004,-1.46868e-004,1.47949e-001,1.02051e-001,7.42676e-001,1.29268e+001,5.50610e+001,-1.10976e+001
6.16846e-004,-1.02388e-004,1.47461e-001,1.27930e-001,7.53418e-001,1.27439e+001,5.28659e+001,-9.02439e+000
5.32250e-004,-7.50286e-005,1.18164e-001,1.54297e-001,7.72461e-001,1.20122e+001,4.57317e+001,-6.09756e+000
8.54353e-005,-7.46929e-005,8.93555e-002,1.56738e-001,7.74902e-001,1.15854e+001,4.15244e+001,-5.18293e+000
-6.97749e-004,-1.41161e-004,1.95313e-003,1.45996e-001,7.58789e-001,1.11585e+001,3.21341e+001,-5.24390e+000
-8.31693e-004,-1.52407e-004,-5.12695e-002,1.30371e-001,7.48047e-001,1.05488e+001,2.68293e+001,-5.85366e+000
-6.49241e-004,-1.69192e-004,-1.51367e-001,8.49609e-002,7.23633e-001,9.08537e+000,1.53659e+001,-7.56098e+000
-4.16098e-004,-2.13672e-004,-1.90918e-001,5.71289e-002,7.12402e-001,7.98780e+000,9.32927e+000,-8.29268e+000
-1.29076e-004,-2.28779e-004,-2.58301e-001,-7.32422e-003,7.17773e-001,6.40244e+000,-1.28049e+000,-9.57317e+000
-2.33310e-005,-1.44854e-004,-2.92969e-001,-5.76172e-002,7.46094e-001,5.79268e+000,-5.79268e+000,-9.93902e+000
5.01869e-005,-8.72816e-006,-2.97852e-001,-7.17773e-002,7.69531e-001,4.39024e+000,-1.47561e+001,-1.00610e+001
2.13840e-004,2.60670e-004,-2.74902e-001,-9.42383e-002,8.13965e-001,3.96341e+000,-1.78049e+001,-9.26829e+000
2.47578e-004,1.57275e-004,-2.49512e-001,-8.88672e-002,8.38379e-001,4.14634e+000,-2.26220e+001,-8.10976e+000
1.85138e-004,-4.66621e-005,-1.77734e-001,-6.88477e-002,8.74512e-001,3.78049e+000,-2.39024e+001,-7.43902e+000
2.25757e-004,-6.46220e-005,-1.40137e-001,-5.07813e-002,8.91602e-001,4.81707e+000,-2.42073e+001,-6.34146e+000
1.12291e-004,-5.67330e-005,-5.66406e-002,-8.78906e-003,9.13574e-001,4.93902e+000,-2.37805e+001,-5.36585e+000
-2.57313e-004,3.42412e-005,-1.46484e-002,6.83594e-003,9.23340e-001,6.21951e+000,-2.08537e+001,-3.90244e+000
-3.08003e-004,9.78561e-005,5.51758e-002,3.80859e-002,9.42871e-001,7.37805e+000,-1.85366e+001,-2.98780e+000
-9.21492e-005,4.46479e-005,8.39844e-002,4.93164e-002,9.48242e-001,8.78049e+000,-1.35976e+001,-1.03659e+000
1.76074e-004,4.53193e-005,1.30859e-001,6.34766e-002,9.39941e-001,1.07927e+001,-7.74390e+000,4.87805e-001
2.44221e-004,1.40154e-004,1.50391e-001,6.54297e-002,9.35547e-001,1.18902e+001,-4.75610e+000,1.46341e+000
2.11826e-004,-1.21187e-004,1.65527e-001,7.37305e-002,9.21387e-001,1.33537e+001,6.70732e-001,2.68293e+000
2.35492e-004,-3.01625e-004,1.64063e-001,7.51953e-002,9.16016e-001,1.42073e+001,3.10976e+000,3.23171e+000
6.93217e-005,-3.20760e-004,1.38184e-001,7.51953e-002,9.10156e-001,1.50000e+001,6.03659e+000,4.08537e+000
-1.03899e-004,-2.11490e-004,1.19629e-001,7.47070e-002,8.98438e-001,1.51829e+001,6.64634e+000,4.32927e+000
-8.89601e-006,-3.37377e-005,7.42188e-002,7.03125e-002,8.66699e-001,1.71951e+001,7.07317e+000,4.75610e+000
9.39956e-005,6.47898e-005,4.44336e-002,6.78711e-002,8.37402e-001,1.74390e+001,6.21951e+000,4.63415e+000
2.26596e-005,-2.51774e-006,-1.36719e-002,5.41992e-002,7.70020e-001,1.71341e+001,5.00000e+000,3.53659e+000
-5.11940e-005,2.60166e-005,-4.58984e-002,4.54102e-002,7.39258e-001,1.77439e+001,4.57317e+000,3.10976e+000
8.62745e-005,3.42077e-004,-1.03027e-001,2.09961e-002,6.66504e-001,1.95122e+001,2.19512e+000,1.21951e+000
1.45861e-004,2.78126e-004,-1.61621e-001,1.46484e-003,5.83984e-001,2.06098e+001,8.53659e-001,4.26829e-001
7.41894e-005,1.00542e-004,-1.97266e-001,-4.39453e-003,5.42969e-001,2.23171e+001,-3.35366e+000,-1.40244e+000
-3.50805e-005,1.63989e-004,-2.69043e-001,-1.36719e-002,4.95605e-001,2.29878e+001,-5.97561e+000,-2.07317e+000
-2.38849e-004,2.31800e-004,-3.02246e-001,-2.19727e-002,4.80469e-001,2.33537e+001,-1.21341e+001,-3.65854e+000
-4.01663e-004,1.07591e-004,-3.60352e-001,-3.32031e-002,4.65820e-001,2.35366e+001,-1.52439e+001,-4.63415e+000
-3.14549e-004,-1.15816e-005,-3.82813e-001,-3.71094e-002,4.56543e-001,2.29268e+001,-2.20122e+001,-5.91463e+000
-7.93927e-005,5.03548e-006,-4.14063e-001,-4.34570e-002,4.79492e-001,2.24390e+001,-2.60366e+001,-6.21951e+000
-4.17945e-005,-2.29953e-005,-4.29688e-001,-4.58984e-002,4.95117e-001,2.21341e+001,-3.48780e+001,-6.58537e+000
5.11940e-005,-1.76242e-004,-4.33105e-001,-3.85742e-002,5.30273e-001,2.18293e+001,-3.98171e+001,-6.40244e+000
1.49554e-004,-2.29953e-004,-4.22363e-001,-3.75977e-002,5.44922e-001,2.14024e+001,-4.92073e+001,-5.73171e+000
1.34951e-004,-1.48211e-004,-3.87207e-001,-2.78320e-002,5.60059e-001,2.15854e+001,-5.60366e+001,-4.45122e+000
1.66171e-005,-1.34783e-004,-3.59863e-001,-2.14844e-002,5.59082e-001,2.09756e+001,-5.92683e+001,-3.96341e+000
-2.01419e-006,-1.28069e-004,-3.08105e-001,4.88281e-004,5.90820e-001,1.96341e+001,-6.38415e+001,-3.65854e+000
-2.28946e-004,-7.88891e-005,-2.80273e-001,8.30078e-003,6.23047e-001,1.86585e+001,-6.51829e+001,-3.78049e+000
-3.96628e-004,5.03548e-007,-2.21191e-001,3.27148e-002,6.95313e-001,1.70732e+001,-6.65244e+001,-3.53659e+000
-3.59869e-004,2.31632e-005,-2.02148e-001,4.44336e-002,7.25098e-001,1.65244e+001,-6.64024e+001,-3.41463e+000
-1.83627e-004,1.12459e-005,-1.49902e-001,6.98242e-002,7.74902e-001,1.45732e+001,-6.60366e+001,-3.71951e+000
8.03998e-005,2.19883e-005,-1.24512e-001,8.39844e-002,7.91992e-001,1.35976e+001,-6.56098e+001,-4.20732e+000
4.24491e-004,1.56100e-005,-6.73828e-002,1.10840e-001,8.25195e-001,1.21951e+001,-6.36585e+001,-5.30488e+000
6.68544e-004,5.53903e-006,-3.85742e-002,1.19141e-001,8.49121e-001,1.15854e+001,-6.23781e+001,-5.91463e+000
5.73205e-004,1.25887e-005,9.76563e-003,1.31836e-001,8.84766e-001,1.02439e+001,-5.84756e+001,-7.25610e+000
3.93606e-004,1.79599e-005,4.78516e-002,1.33789e-001,8.88184e-001,1.04268e+001,-5.60976e+001,-8.10976e+000
1.37133e-004,1.89670e-005,6.39648e-002,1.37695e-001,8.83301e-001,9.75610e+000,-5.11585e+001,-8.23171e+000
-3.77493e-004,3.27306e-005,9.27734e-002,1.40137e-001,8.65723e-001,9.51220e+000,-4.86585e+001,-7.74390e+000
-5.71191e-004,1.72885e-005,1.05469e-001,1.40137e-001,8.56445e-001,7.80488e+000,-4.44512e+001,-6.03659e+000
-4.07706e-004,3.86053e-006,1.20605e-001,1.41113e-001,8.56934e-001,6.89024e+000,-4.25000e+001,-5.12195e+000
-2.71244e-004,-6.04257e-006,1.22070e-001,1.38184e-001,8.52051e-001,5.54878e+000,-3.79268e+001,-2.74390e+000
-2.29953e-004,3.00450e-005,1.23535e-001,1.36719e-001,8.53516e-001,4.69512e+000,-3.51829e+001,-1.58537e+000
-1.42672e-004,4.93477e-005,1.22070e-001,1.37207e-001,8.50586e-001,3.65854e+000,-2.93293e+001,6.70732e-001
-2.43381e-005,6.26078e-005,1.11816e-001,1.33789e-001,8.46680e-001,2.37805e+000,-2.26220e+001,3.35366e+000
4.61585e-005,7.50286e-005,1.07422e-001,1.34277e-001,8.40332e-001,1.76829e+000,-1.95732e+001,4.87805e+000
7.97284e-005,8.62745e-005,9.71680e-002,1.37207e-001,8.48145e-001,1.82927e-001,-1.44512e+001,8.29268e+000
2.43381e-005,3.13878e-005,9.37500e-002,1.36719e-001,8.60352e-001,-6.09756e-001,-1.29268e+001,1.02439e+001
-2.03098e-005,-5.80758e-005,8.74023e-002,1.48438e-001,9.03809e-001,-3.65854e+000,-7.31707e+000,1.37805e+001
4.86763e-006,-3.00450e-005,8.20313e-002,1.60156e-001,9.40918e-001,-5.91463e+000,-3.65854e+000,1.52439e+001
-1.29244e-005,-4.81727e-005,7.32422e-002,1.73340e-001,1.04590e+000,-9.08537e+000,5.12195e+000,1.83537e+001
7.55322e-006,-9.03029e-005,7.42188e-002,1.78223e-001,1.08447e+000,-9.63415e+000,9.39024e+000,2.02439e+001
9.08064e-005,-1.03563e-004,1.11816e-001,1.89453e-001,1.15869e+000,-9.93902e+000,1.62805e+001,2.43902e+001
6.83146e-005,-8.00641e-005,1.28906e-001,1.96777e-001,1.18848e+000,-9.87805e+000,1.82927e+001,2.62195e+001
2.53452e-005,3.69268e-005,1.54297e-001,2.16797e-001,1.20947e+000,-1.09146e+001,2.11585e+001,2.95732e+001
7.75463e-005,7.38537e-005,1.60645e-001,2.23145e-001,1.20215e+000,-1.22561e+001,2.17073e+001,3.09146e+001
4.63264e-005,4.68299e-005,1.62598e-001,2.24609e-001,1.16455e+000,-1.40854e+001,2.01829e+001,3.12195e+001
-2.18204e-006,3.94446e-005,1.27930e-001,2.14844e-001,1.15430e+000,-1.46341e+001,1.87805e+001,3.10366e+001
-8.39246e-007,2.93736e-005,1.12793e-001,1.94336e-001,1.16064e+000,-1.39634e+001,1.89634e+001,2.96951e+001
3.39055e-005,2.04776e-005,7.08008e-002,1.30859e-001,1.19531e+000,-1.26220e+001,2.10366e+001,2.94512e+001
5.01869e-005,1.59457e-005,4.58984e-002,9.96094e-002,1.23584e+000,-1.04268e+001,2.80488e+001,2.98780e+001
5.00191e-005,1.93027e-005,3.41797e-003,3.90625e-002,1.34570e+000,-9.45122e+000,3.01220e+001,3.15244e+001
-4.28016e-005,4.95155e-005,9.76563e-003,2.92969e-002,1.44629e+000,-6.95122e+000,2.76220e+001,3.61585e+001
-7.36858e-005,2.36667e-005,-3.12500e-002,7.27539e-002,1.72998e+000,-5.85366e+000,2.12805e+001,3.60366e+001
-6.12650e-005,-1.35958e-005,-8.44727e-002,9.86328e-002,1.89355e+000,-4.08537e+000,-1.06098e+001,2.88415e+001
-2.43381e-005,-1.98062e-005,-2.95410e-001,1.28906e-001,1.94336e+000,5.67073e+000,-5.48781e+001,1.53659e+001
6.56291e-005,-3.03807e-005,-4.53613e-001,1.20117e-001,1.78809e+000,1.20122e+001,-7.22561e+001,1.10976e+001
1.67681e-004,-5.40475e-005,-6.68457e-001,1.41602e-002,1.35059e+000,1.78659e+001,-9.26220e+001,1.43902e+001
1.09606e-004,-3.74304e-005,-6.58203e-001,-7.22656e-002,1.15088e+000,1.66463e+001,-9.71951e+001,1.95732e+001
-2.76951e-005,-1.76242e-005,-5.50293e-001,-2.17773e-001,8.62793e-001,1.38415e+001,-9.81707e+001,2.50000e+001
-2.87190e-004,-4.17945e-005,-5.21973e-001,-2.55371e-001,7.49023e-001,1.33537e+001,-9.48171e+001,2.46341e+001
-3.48623e-004,-2.85344e-006,-4.59961e-001,-2.70996e-001,5.62012e-001,1.53659e+001,-7.92683e+001,2.30488e+001
-1.69863e-004,8.40925e-005,-3.85254e-001,-2.53418e-001,5.02441e-001,1.58537e+001,-6.73781e+001,2.42073e+001
6.46220e-005,1.01549e-004,-1.83105e-001,-1.84082e-001,5.31738e-001,1.32927e+001,-4.07927e+001,2.90854e+001
1.67010e-004,5.75723e-005,-8.59375e-002,-1.35742e-001,6.23047e-001,1.19512e+001,-2.84756e+001,3.09756e+001
2.83833e-004,2.66880e-005,6.93359e-002,-1.90430e-002,8.66699e-001,1.06707e+001,-8.59756e+000,3.38415e+001
1.15984e-004,-7.72107e-006,1.27930e-001,3.95508e-002,9.78027e-001,1.14634e+001,-1.52439e+000,3.46951e+001
-9.41634e-005,-3.77661e-005,1.97754e-001,1.42578e-001,1.12793e+000,1.57927e+001,7.13415e+000,3.46341e+001
-9.68490e-005,-5.72366e-005,2.23633e-001,2.05078e-001,1.15674e+000,1.76829e+001,7.98780e+000,3.34756e+001
-2.13001e-004,-7.48608e-005,2.10449e-001,2.20215e-001,1.14209e+000,2.19512e+001,6.34146e+000,2.83537e+001
-2.10987e-004,-7.93927e-005,1.35742e-001,2.26563e-001,1.06055e+000,2.38415e+001,3.90244e+000,2.45732e+001
-1.09941e-004,-2.66880e-005,7.37305e-002,2.17773e-001,1.00049e+000,2.67683e+001,-4.39024e+000,1.56707e+001
-7.57000e-005,1.12459e-005,-3.41797e-002,1.98730e-001,8.98438e-001,2.71341e+001,-8.17073e+000,1.21341e+001
-5.53903e-006,5.18654e-005,-8.74023e-002,1.86035e-001,8.62793e-001,2.59756e+001,-1.43902e+001,5.67073e+000
7.77142e-005,8.42603e-005,-1.90918e-001,1.59668e-001,8.50098e-001,2.45732e+001,-1.76829e+001,2.74390e+000
1.27398e-004,7.80499e-005,-2.34863e-001,1.51367e-001,8.67188e-001,2.07317e+001,-2.42073e+001,-1.21951e+000
7.16716e-005,5.43832e-005,-2.63184e-001,1.28906e-001,9.22363e-001,1.58537e+001,-3.03049e+001,-2.37805e+000
-1.49386e-005,-1.37636e-005,-2.58789e-001,1.19629e-001,9.55566e-001,1.31098e+001,-3.25610e+001,-1.95122e+000
-1.62814e-005,-3.64233e-005,-2.14355e-001,1.06934e-001,1.03223e+000,7.13415e+000,-3.62805e+001,1.58537e+000
-4.91798e-005,-1.66171e-005,-1.69922e-001,1.05957e-001,1.06396e+000,4.69512e+000,-3.79878e+001,3.71951e+000
-1.47875e-004,-2.70237e-005,-7.42188e-002,1.08398e-001,1.11328e+000,-5.48781e-001,-4.04878e+001,7.92683e+000
-4.78370e-005,-1.49386e-005,-2.49023e-002,1.14746e-001,1.12842e+000,-2.86585e+000,-4.07927e+001,9.69512e+000
7.38537e-005,-7.21752e-006,5.90820e-002,1.26953e-001,1.14600e+000,-6.52439e+000,-4.05488e+001,1.24390e+001
2.43381e-004,-2.51774e-006,9.47266e-002,1.36719e-001,1.15186e+000,-8.10976e+000,-3.95732e+001,1.35366e+001
2.14679e-004,3.52483e-006,1.40625e-001,1.60645e-001,1.14746e+000,-1.05488e+001,-3.56098e+001,1.47561e+001
-3.00450e-005,1.17494e-006,1.53809e-001,1.66992e-001,1.13916e+000,-1.13415e+001,-3.29878e+001,1.51220e+001
-1.12963e-004,-7.21752e-006,1.67969e-001,1.70410e-001,1.12744e+000,-1.26220e+001,-2.77439e+001,1.59146e+001
-2.45060e-004,-1.09102e-005,1.71875e-001,1.66504e-001,1.12598e+000,-1.34146e+001,-2.51829e+001,1.69512e+001
-2.57816e-004,-5.03548e-007,1.69434e-001,1.53809e-001,1.12891e+000,-1.50610e+001,-2.04878e+001,1.92073e+001
-1.35119e-004,5.20333e-006,1.71875e-001,1.50879e-001,1.13916e+000,-1.60366e+001,-1.85366e+001,2.05488e+001
-6.89860e-005,-7.04967e-006,1.72363e-001,1.45996e-001,1.14355e+000,-1.87195e+001,-1.46341e+001,2.41463e+001
-5.92508e-005,-1.15816e-005,1.79199e-001,1.31836e-001,1.15186e+000,-2.07317e+001,-1.37805e+001,2.57927e+001
-3.69268e-005,-4.19623e-006,1.88965e-001,1.24023e-001,1.15723e+000,-2.41463e+001,-9.87805e+000,2.85976e+001
-3.10521e-005,2.18204e-006,2.11426e-001,1.08398e-001,1.13232e+000,-2.51829e+001,-7.31707e+000,3.00610e+001
-4.71656e-005,-5.20333e-006,2.05078e-001,1.04980e-001,1.10889e+000,-2.73780e+001,-1.82927e+000,3.07317e+001
-3.02129e-005,-6.54612e-006,1.63086e-001,1.06934e-001,1.11670e+000,-2.95122e+001,-2.43902e-001,3.00000e+001
4.86763e-006,9.06386e-006,1.49902e-001,1.05957e-001,1.11279e+000,-3.24390e+001,1.70732e+000,3.13415e+001
1.49386e-005,3.69268e-006,1.67480e-001,9.57031e-002,1.07422e+000,-3.39634e+001,3.41463e+000,3.44512e+001
3.74304e-005,9.73526e-006,1.75293e-001,9.03320e-002,1.05322e+000,-3.47561e+001,5.18293e+000,3.43293e+001
4.44800e-005,3.27306e-005,1.50391e-001,7.12891e-002,1.01221e+000,-3.62805e+001,7.86585e+000,3.21341e+001
1.79599e-005,2.66880e-005,1.23047e-001,6.59180e-002,9.90723e-001,-3.71951e+001,8.17073e+000,3.06098e+001
-6.88182e-006,-1.82956e-005,5.07813e-002,5.76172e-002,9.65820e-001,-3.74390e+001,8.65854e+000,2.66463e+001
9.56741e-006,-2.70237e-005,1.41602e-002,5.37109e-002,9.57031e-001,-3.73171e+001,8.71951e+000,2.49390e+001
3.67590e-005,-1.91348e-005,-5.12695e-002,4.44336e-002,9.42871e-001,-3.65854e+001,7.37805e+000,2.12805e+001
5.03548e-005,2.09812e-005,-7.03125e-002,4.15039e-002,9.29199e-001,-3.57927e+001,6.70732e+000,2.00000e+001
5.08583e-005,-1.05745e-005,-9.22852e-002,2.73438e-002,9.00879e-001,-3.50000e+001,4.87805e+000,1.62195e+001
5.22011e-005,-5.20333e-005,-1.03516e-001,2.05078e-002,8.92090e-001,-3.48171e+001,2.56098e+000,1.39024e+001
5.85794e-005,-8.96315e-005,-1.17188e-001,7.81250e-003,8.95996e-001,-3.34146e+001,-3.84146e+000,1.04268e+001
1.59457e-005,-1.15984e-004,-1.19141e-001,-5.37109e-003,8.96484e-001,-3.26220e+001,-6.15854e+000,9.20732e+000
-1.04067e-005,-6.46220e-005,-1.20117e-001,-1.02539e-002,8.87207e-001,-3.18293e+001,-1.10976e+001,6.28049e+000
-1.56100e-005,1.01213e-004,-1.23047e-001,-1.31836e-002,8.95020e-001,-3.13415e+001,-1.26829e+001,4.69512e+000
-2.93736e-005,1.86313e-004,-1.13770e-001,-1.46484e-002,9.00391e-001,-2.93902e+001,-1.53659e+001,2.07317e+000
-4.44800e-005,1.47875e-004,-9.91211e-002,-6.83594e-003,8.80371e-001,-2.79878e+001,-1.64634e+001,1.09756e+000
-5.27047e-005,2.40192e-004,-9.08203e-002,-1.46484e-003,8.73047e-001,-2.60366e+001,-1.73780e+001,-4.26829e-001
-5.03548e-005,1.47372e-004,-7.42188e-002,-4.39453e-003,8.77441e-001,-2.51829e+001,-1.67683e+001,-1.21951e+000
-6.74754e-005,6.59647e-005,-5.76172e-002,-3.90625e-003,8.88672e-001,-2.20122e+001,-1.61585e+001,-2.31707e+000
-6.91539e-005,-6.88182e-005,-3.22266e-002,-3.41797e-003,8.86719e-001,-2.01829e+001,-1.58537e+001,-3.53659e+000
-5.32082e-005,-1.98398e-004,-2.34375e-002,-1.46484e-003,8.94531e-001,-1.65854e+001,-1.37805e+001,-5.48780e+000
-2.98772e-005,-1.35790e-004,-9.27734e-003,4.88281e-004,9.07715e-001,-1.28049e+001,-1.17073e+001,-6.21951e+000
2.60166e-005,-4.88441e-005,2.44141e-003,-2.44141e-003,9.17969e-001,-1.04878e+001,-1.03049e+001,-6.64634e+000
5.33761e-005,-6.00900e-005,1.80664e-002,-2.92969e-003,9.27246e-001,-6.95122e+000,-8.53659e+000,-8.29268e+000
3.30663e-005,-7.06645e-005,2.58789e-002,-9.76563e-004,9.22852e-001,-5.06098e+000,-6.52439e+000,-8.90244e+000
-2.08133e-005,-4.44800e-005,4.39453e-002,-2.44141e-003,8.99902e-001,-3.23171e+000,-2.68293e+000,-1.00610e+001
-5.18654e-005,-3.87732e-005,5.17578e-002,4.88281e-004,8.91602e-001,-2.19512e+000,-9.14634e-001,-1.06707e+001
-5.65652e-005,-3.03807e-005,7.51953e-002,0.00000e+000,8.94531e-001,-6.09756e-002,5.00000e+000,-1.21951e+001
-4.11231e-005,-1.22530e-005,8.44727e-002,4.88281e-003,8.96484e-001,1.46341e+000,7.92683e+000,-1.29878e+001
1.05745e-005,-2.51774e-006,9.66797e-002,1.17188e-002,8.99414e-001,3.71951e+000,1.39024e+001,-1.49390e+001
4.41444e-005,-1.47707e-005,9.91211e-002,1.56250e-002,9.08203e-001,4.02439e+000,1.65854e+001,-1.61585e+001
3.39055e-005,-4.43122e-005,9.66797e-002,2.09961e-002,9.39941e-001,6.52439e+000,2.05488e+001,-1.75610e+001
1.72885e-005,-5.11940e-005,8.78906e-002,2.53906e-002,9.42383e-001,8.10976e+000,2.23171e+001,-1.85366e+001
1.51064e-006,-5.67330e-005,7.17773e-002,4.05273e-002,9.35547e-001,1.01829e+001,2.67073e+001,-2.00610e+001
-1.17494e-006,-3.57519e-005,5.66406e-002,4.49219e-002,9.48730e-001,1.01220e+001,2.79268e+001,-2.07927e+001
-1.49386e-005,8.52674e-005,5.41992e-002,4.19922e-002,9.58496e-001,1.06707e+001,2.84756e+001,-2.23171e+001
-4.33051e-005,1.36461e-004,4.73633e-002,4.98047e-002,9.57031e-001,1.10976e+001,2.89634e+001,-2.28049e+001
-7.50286e-005,5.15297e-005,3.36914e-002,5.51758e-002,9.39941e-001,1.15854e+001,2.99390e+001,-2.41463e+001
-9.85275e-005,3.10521e-005,-1.95313e-003,4.78516e-002,9.80469e-001,1.04268e+001,3.04878e+001,-2.52439e+001
-9.95346e-005,1.05745e-004,-4.39453e-003,4.58984e-002,1.00195e+000,8.90244e+000,3.43293e+001,-2.51220e+001
-9.95346e-005,1.59960e-004,2.49023e-002,2.88086e-002,1.00635e+000,7.92683e+000,3.73171e+001,-2.42683e+001
-1.08263e-004,3.00450e-005,4.05273e-002,2.97852e-002,9.88281e-001,8.47561e+000,3.96951e+001,-2.14634e+001
-1.01213e-004,-2.05615e-004,2.63672e-002,2.00195e-002,9.43848e-001,9.45122e+000,3.82317e+001,-2.17683e+001
-7.53643e-005,-2.19043e-004,-1.22070e-002,1.85547e-002,9.07715e-001,1.01220e+001,3.58537e+001,-2.26220e+001
-4.58228e-005,2.40024e-005,-9.42383e-002,4.88281e-003,8.71582e-001,1.05488e+001,3.24390e+001,-2.39634e+001
-3.07164e-005,1.06584e-004,-1.28418e-001,2.44141e-003,8.77441e-001,1.00000e+001,3.15244e+001,-2.42073e+001
-2.18204e-006,6.79789e-005,-1.46973e-001,-1.95313e-003,9.09180e-001,9.81707e+000,3.17683e+001,-2.45732e+001
-5.03548e-007,3.40734e-005,-1.35742e-001,-1.95313e-003,9.23828e-001,1.00000e+001,3.29878e+001,-2.44512e+001
6.88182e-006,1.89670e-005,-9.47266e-002,7.32422e-003,9.30176e-001,1.23780e+001,3.96341e+001,-2.38415e+001
3.54162e-005,-3.17235e-005,-6.88477e-002,1.22070e-002,9.17969e-001,1.34756e+001,4.31707e+001,-2.37195e+001
5.95865e-005,-6.68040e-005,-2.24609e-002,1.85547e-002,8.84766e-001,1.56098e+001,5.03049e+001,-2.36585e+001
8.57710e-005,-6.26078e-005,-4.88281e-003,2.19727e-002,8.75488e-001,1.66463e+001,5.29268e+001,-2.37805e+001
4.80049e-005,-8.20783e-005,8.78906e-003,2.68555e-002,8.86719e-001,1.63415e+001,5.57927e+001,-2.27439e+001
-6.88182e-006,-8.40925e-005,1.75781e-002,2.63672e-002,9.19922e-001,1.56707e+001,5.61585e+001,-2.18293e+001
3.86053e-006,-6.59647e-005,2.39258e-002,3.90625e-002,1.00537e+000,1.39024e+001,5.50000e+001,-1.96951e+001
2.81987e-005,-4.17945e-005,3.36914e-002,5.61523e-002,1.08643e+000,1.28049e+001,5.39634e+001,-1.87195e+001
2.70237e-005,1.51064e-006,3.46680e-002,5.85938e-002,1.10889e+000,9.69512e+000,5.15244e+001,-1.69512e+001
3.15557e-005,3.00450e-005,3.22266e-002,5.51758e-002,1.11572e+000,8.59756e+000,5.11585e+001,-1.64024e+001
4.28016e-005,2.66880e-005,3.66211e-002,5.61523e-002,1.08545e+000,7.50000e+000,4.98781e+001,-1.54268e+001
9.44991e-005,1.56100e-005,4.15039e-002,4.44336e-002,1.03564e+000,7.56098e+000,4.91463e+001,-1.54878e+001
1.24041e-004,-1.84634e-006,2.68555e-002,4.24805e-002,1.01025e+000,8.71951e+000,5.02439e+001,-1.58537e+001
1.24041e-004,1.32601e-005,-1.02539e-002,2.34375e-002,9.66309e-001,9.14634e+000,5.12805e+001,-1.58537e+001
6.61326e-005,8.54353e-005,-2.39258e-002,1.46484e-002,9.31152e-001,1.12195e+001,5.25610e+001,-1.57927e+001
-1.96384e-005,1.31090e-004,-3.41797e-002,-1.07422e-002,8.61816e-001,1.43902e+001,5.18902e+001,-1.64634e+001
-6.12650e-005,1.30755e-004,-4.78516e-002,-2.39258e-002,8.22266e-001,1.59756e+001,5.01829e+001,-1.59756e+001
-7.36858e-005,1.44686e-004,-6.64063e-002,-6.88477e-002,7.20703e-001,1.90854e+001,4.51829e+001,-1.32317e+001
-1.00374e-004,1.25048e-004,-6.34766e-002,-1.00098e-001,6.80176e-001,2.03659e+001,4.18902e+001,-1.10976e+001
-1.07759e-004,4.85084e-005,-7.91016e-002,-1.62598e-001,6.24512e-001,2.15854e+001,3.58537e+001,-6.58537e+000
-5.53903e-005,-1.89670e-005,-8.78906e-002,-1.82617e-001,5.94238e-001,2.17683e+001,3.34756e+001,-4.39024e+000
-4.63264e-005,-1.49386e-005,-6.73828e-002,-1.83594e-001,5.70801e-001,2.05488e+001,3.06707e+001,-2.92683e+000
-7.26787e-005,6.42863e-005,-4.10156e-002,-1.70898e-001,5.79102e-001,2.03659e+001,3.12195e+001,-4.69512e+000
-5.69009e-005,2.09308e-004,-2.92969e-003,-9.86328e-002,6.05469e-001,2.11585e+001,3.68902e+001,-1.11585e+001
-4.75013e-005,2.40528e-004,9.76563e-003,-5.85938e-002,6.15723e-001,2.15854e+001,3.95732e+001,-1.43293e+001
-6.86503e-005,7.62036e-005,2.24609e-002,2.09961e-002,6.46973e-001,2.27439e+001,4.53049e+001,-1.86585e+001
-6.00900e-005,1.52743e-005,2.53906e-002,5.76172e-002,6.64063e-001,2.29268e+001,4.76829e+001,-1.95122e+001
-5.94186e-005,-3.84375e-005,3.17383e-002,1.14746e-001,7.00684e-001,2.28659e+001,4.88415e+001,-1.89634e+001
-6.49577e-005,-9.55062e-005,2.05078e-002,1.66504e-001,7.22168e-001,2.25610e+001,4.72561e+001,-1.82927e+001
-2.43381e-005,-1.44183e-004,3.41797e-003,1.85547e-001,7.30469e-001,2.19512e+001,4.09756e+001,-1.67073e+001
-1.17494e-006,-8.71138e-005,-4.49219e-002,2.01660e-001,7.35352e-001,2.12805e+001,3.73171e+001,-1.60976e+001
5.08583e-005,5.74044e-005,-7.27539e-002,2.00684e-001,7.30469e-001,1.96951e+001,3.00610e+001,-1.54878e+001
8.27497e-005,-4.91798e-005,-1.43555e-001,1.78223e-001,7.38770e-001,1.84756e+001,2.60366e+001,-1.54268e+001
6.09293e-005,-2.25422e-004,-1.78711e-001,1.58691e-001,7.42188e-001,1.59146e+001,1.69512e+001,-1.51220e+001
1.82956e-005,-3.52651e-004,-2.33887e-001,1.03027e-001,7.56836e-001,1.48171e+001,1.20732e+001,-1.49390e+001
-2.03098e-005,-1.25887e-005,-2.54395e-001,7.56836e-002,7.63184e-001,1.17073e+001,2.50000e+000,-1.50610e+001
-3.37377e-005,4.42954e-004,-2.72461e-001,2.68555e-002,7.88086e-001,9.75610e+000,-6.28049e+000,-1.47561e+001
-2.43381e-005,3.88571e-004,-2.72461e-001,4.39453e-003,8.06641e-001,8.78049e+000,-1.07317e+001,-1.45732e+001
-1.49386e-005,2.20554e-004,-2.53418e-001,-2.19727e-002,8.29590e-001,8.35366e+000,-1.78049e+001,-1.40854e+001
-1.62814e-005,1.34615e-004,-2.32910e-001,-2.44141e-002,8.34473e-001,7.68293e+000,-2.12195e+001,-1.39024e+001
-3.99481e-005,-2.03098e-005,-2.04102e-001,-2.53906e-002,8.43262e-001,7.74390e+000,-2.64634e+001,-1.35366e+001
-4.80049e-005,-1.12963e-004,-1.85547e-001,-1.80664e-002,8.55469e-001,7.25610e+000,-2.92073e+001,-1.32317e+001
-5.89151e-005,-1.08263e-004,-1.47461e-001,1.46484e-003,8.85742e-001,6.52439e+000,-3.42683e+001,-1.25000e+001
-7.20073e-005,-1.25383e-004,-1.25488e-001,1.36719e-002,8.98438e-001,6.09756e+000,-3.59146e+001,-1.18902e+001
-4.78370e-005,-2.46738e-005,-9.17969e-002,3.80859e-002,9.06738e-001,6.09756e+000,-3.87805e+001,-1.18902e+001
2.50095e-005,-8.07355e-005,-7.61719e-002,4.49219e-002,8.96973e-001,6.58537e+000,-3.98780e+001,-1.21341e+001
5.45510e-005,-8.40925e-005,-5.51758e-002,6.29883e-002,8.63770e-001,7.62195e+000,-3.99390e+001,-1.27439e+001
1.09102e-005,-1.56939e-004,-4.68750e-002,6.34766e-002,8.45215e-001,8.59756e+000,-3.98171e+001,-1.35976e+001
-1.35958e-005,-2.86519e-004,-5.12695e-002,5.85938e-002,8.16895e-001,9.93902e+000,-3.90854e+001,-1.48780e+001
-2.65202e-005,-5.63973e-005,-5.85938e-002,4.39453e-002,7.93457e-001,1.12805e+001,-3.82927e+001,-1.53659e+001
-2.70237e-005,9.78561e-005,-5.76172e-002,3.41797e-002,7.86621e-001,1.27439e+001,-3.84146e+001,-1.52439e+001
-5.95865e-005,-7.58679e-005,-5.32227e-002,4.88281e-003,7.44629e-001,1.37805e+001,-3.82317e+001,-1.50000e+001
-9.21492e-005,-1.56771e-004,-5.41992e-002,-3.90625e-003,7.18262e-001,1.59146e+001,-3.96951e+001,-1.35976e+001
-9.14778e-005,-6.22721e-005,-4.68750e-002,-2.58789e-002,6.60156e-001,1.72561e+001,-4.10366e+001,-1.29268e+001
-3.97803e-005,9.73526e-006,-4.24805e-002,-3.85742e-002,6.24023e-001,2.03659e+001,-4.33537e+001,-1.14024e+001
5.03548e-005,7.04967e-006,-4.00391e-002,-5.32227e-002,5.52246e-001,2.21341e+001,-4.44512e+001,-1.06098e+001
8.27497e-005,-5.65652e-005,-3.75977e-002,-5.61523e-002,5.07324e-001,2.49390e+001,-4.70122e+001,-9.69512e+000
4.34730e-005,-4.28016e-005,-8.15430e-002,-5.27344e-002,4.36035e-001,2.62805e+001,-4.81707e+001,-9.39024e+000
-4.36408e-006,2.01419e-006,-1.19629e-001,-4.68750e-002,4.16504e-001,2.67683e+001,-4.92073e+001,-9.02439e+000
-1.62814e-005,1.46029e-005,-1.98730e-001,-3.17383e-002,4.02832e-001,2.64024e+001,-5.37195e+001,-9.02439e+000
-6.26078e-005,5.43832e-005,-2.36816e-001,-2.09961e-002,4.06250e-001,2.60976e+001,-5.56707e+001,-9.02439e+000
-2.85344e-005,8.37568e-005,-3.12988e-001,2.92969e-003,4.16504e-001,2.45732e+001,-5.94512e+001,-1.00000e+001
-1.05745e-005,8.27497e-005,-3.47168e-001,1.70898e-002,4.27734e-001,2.35976e+001,-6.10976e+001,-1.09756e+001
1.39315e-005,7.23430e-005,-3.98438e-001,3.61328e-002,4.76074e-001,2.12805e+001,-6.31098e+001,-1.31098e+001
1.89670e-005,-5.38796e-005,-4.06738e-001,4.44336e-002,5.19043e-001,2.03659e+001,-6.40854e+001,-1.43293e+001
1.79599e-005,-1.39147e-004,-4.07715e-001,6.34766e-002,6.25000e-001,1.82927e+001,-6.57317e+001,-1.65854e+001
3.70947e-005,-1.21019e-004,-3.90137e-001,7.66602e-002,6.81641e-001,1.72561e+001,-6.69512e+001,-1.78659e+001
3.30663e-005,-9.55062e-005,-3.33496e-001,1.03516e-001,7.86133e-001,1.42073e+001,-6.97561e+001,-1.94512e+001
4.07874e-005,-9.48348e-005,-2.90039e-001,1.19629e-001,8.21777e-001,1.23780e+001,-7.15244e+001,-1.98171e+001
2.50095e-005,-5.13619e-005,-1.82129e-001,1.55762e-001,8.73047e-001,7.86585e+000,-7.37195e+001,-1.90244e+001
-3.23949e-005,7.90570e-005,-4.00391e-002,1.84082e-001,9.25781e-001,4.51220e+000,-7.50000e+001,-1.85976e+001
-6.09293e-005,1.69696e-004,3.02734e-002,1.97754e-001,9.62402e-001,-2.31707e+000,-7.51829e+001,-1.62195e+001
-7.58679e-005,1.26558e-004,1.77734e-001,2.12891e-001,1.01416e+000,-5.42683e+000,-7.43902e+001,-1.43902e+001
-9.90311e-005,1.81277e-005,2.46094e-001,2.15332e-001,1.02490e+000,-1.07927e+001,-6.98781e+001,-9.39024e+000
-6.09293e-005,-1.78927e-004,3.63770e-001,2.18750e-001,1.03418e+000,-1.27439e+001,-6.84146e+001,-6.82927e+000
-1.35958e-005,-1.17662e-004,4.12109e-001,2.16309e-001,1.03418e+000,-1.47561e+001,-6.51829e+001,-1.46341e+000
-4.53193e-006,4.53193e-005,4.60449e-001,2.16309e-001,1.04346e+000,-1.51220e+001,-6.29268e+001,3.04878e-001
-3.07164e-005,8.87923e-005,4.61426e-001,2.23633e-001,1.05371e+000,-1.47561e+001,-5.62805e+001,3.47561e+000
-3.92767e-005,3.13878e-005,4.39453e-001,2.27539e-001,1.09814e+000,-1.46951e+001,-4.54878e+001,4.93902e+000
3.84375e-005,-1.05745e-005,4.20410e-001,2.29004e-001,1.14307e+000,-1.49390e+001,-3.87195e+001,5.60976e+000
1.47204e-004,-9.48348e-005,3.73047e-001,2.30957e-001,1.22266e+000,-1.31098e+001,-2.31098e+001,7.25610e+000
1.10948e-004,-8.22461e-005,3.54980e-001,2.32910e-001,1.24316e+000,-1.18293e+001,-1.55488e+001,9.02439e+000
7.13359e-005,-3.50805e-005,3.10547e-001,2.49512e-001,1.28174e+000,-1.02439e+001,-2.86585e+000,1.20122e+001
5.75723e-005,4.16266e-005,2.84180e-001,2.54395e-001,1.30615e+000,-9.26829e+000,2.74390e+000,1.38415e+001
-2.21561e-005,7.40215e-005,2.37793e-001,2.64648e-001,1.33740e+000,-7.50000e+000,1.40854e+001,1.73780e+001
-8.91279e-005,5.48867e-005,2.06543e-001,2.60254e-001,1.33838e+000,-5.85366e+000,2.01220e+001,1.89634e+001
-1.27733e-004,6.63004e-005,1.71875e-001,2.32422e-001,1.27734e+000,-1.58537e+000,3.25610e+001,2.02439e+001
-1.11788e-004,4.14588e-005,1.50879e-001,1.99707e-001,1.23682e+000,1.15854e+000,3.92073e+001,2.07927e+001
-9.11421e-005,1.35958e-005,1.29883e-001,1.07422e-001,1.16846e+000,6.15854e+000,5.09756e+001,2.21951e+001
-9.14778e-005,5.75723e-005,1.27441e-001,6.05469e-002,1.16211e+000,8.78049e+000,5.67683e+001,2.34756e+001
-6.83146e-005,1.52743e-005,1.48926e-001,-2.24609e-002,1.16992e+000,1.17683e+001,6.87195e+001,3.23780e+001
-2.87022e-005,-2.71916e-005,1.37695e-001,-1.07422e-002,1.33203e+000,1.14634e+001,7.19512e+001,3.83537e+001
-2.36667e-005,-1.67849e-006,1.02539e-001,2.73438e-002,1.46045e+000,9.87805e+000,6.00610e+001,4.69512e+001
-3.39055e-005,-3.97803e-005,-5.07813e-002,9.27734e-002,1.61963e+000,1.18902e+001,4.37195e+001,4.60976e+001
-9.56741e-006,-1.23369e-004,-2.08984e-001,1.06934e-001,1.53955e+000,2.37805e+001,7.07317e+000,3.41463e+001
1.84634e-005,-1.08431e-004,-4.91699e-001,8.88672e-002,1.21436e+000,2.95732e+001,-7.68293e+000,2.94512e+001
-5.20333e-006,-3.86053e-006,-5.84961e-001,4.54102e-002,1.07031e+000,3.06098e+001,-3.23171e+001,2.57317e+001
3.57519e-005,4.68299e-005,-6.79199e-001,-1.01074e-001,9.31152e-001,2.61585e+001,-4.51220e+001,2.62805e+001
8.03998e-005,-7.75463e-005,-6.99219e-001,-1.67969e-001,9.03320e-001,1.56098e+001,-6.76829e+001,3.07317e+001
2.23239e-005,-1.46029e-004,-6.96289e-001,-2.44629e-001,8.45703e-001,8.59756e+000,-7.93293e+001,4.03049e+001
-1.89670e-005,-1.50561e-004,-6.50391e-001,-2.53906e-001,7.89063e-001,7.19512e+000,-8.05488e+001,4.54878e+001
-8.67781e-005,-1.27733e-004,-4.60449e-001,-2.36816e-001,6.85059e-001,4.75610e+000,-7.47561e+001,5.32927e+001
-1.13634e-004,-3.62554e-005,-3.31543e-001,-2.20215e-001,6.64063e-001,4.32927e+000,-6.81707e+001,5.53659e+001
-2.43381e-005,6.54612e-006,-5.71289e-002,-1.45020e-001,7.12402e-001,3.47561e+000,-5.16463e+001,5.68902e+001
-5.53903e-006,7.87213e-005,6.59180e-002,-9.66797e-002,7.76367e-001,3.59756e+000,-4.25610e+001,5.66463e+001
-3.86053e-005,2.76448e-004,2.57813e-001,1.41602e-002,9.16504e-001,2.80488e+000,-2.77439e+001,5.28049e+001
-5.13619e-005,2.28946e-004,3.18359e-001,6.64063e-002,9.85352e-001,3.65854e+000,-2.14024e+001,5.02439e+001
-2.51774e-006,1.80774e-004,3.91602e-001,1.42578e-001,1.06592e+000,6.15854e+000,-1.23171e+001,4.34146e+001
5.92508e-005,1.45861e-004,4.02344e-001,1.56250e-001,1.08008e+000,8.10976e+000,-9.14634e+000,3.91463e+001
6.76432e-005,-3.02129e-005,3.39844e-001,1.76270e-001,1.02539e+000,1.34146e+001,-5.30488e+000,2.75610e+001
7.03288e-005,-9.80240e-005,2.60742e-001,1.78711e-001,9.97559e-001,1.43902e+001,-5.60976e+000,2.05488e+001
6.00900e-005,-9.03029e-005,4.54102e-002,1.70410e-001,9.64844e-001,1.61585e+001,-8.65854e+000,9.39024e+000
3.87732e-005,-1.72213e-004,-1.39160e-001,1.56738e-001,9.21875e-001,1.67073e+001,-1.08537e+001,5.79268e+000
7.21752e-006,-1.43511e-004,-2.06055e-001,1.36719e-001,9.08691e-001,1.61585e+001,-1.64634e+001,1.95122e+000
3.18914e-005,-3.72625e-005,-2.91504e-001,1.06934e-001,9.05762e-001,1.48171e+001,-2.03659e+001,6.09756e-001
9.88632e-005,-7.43572e-005,-3.20801e-001,9.08203e-002,9.21387e-001,1.07317e+001,-2.73780e+001,-1.82927e+000
5.85794e-005,-8.14069e-005,-3.23730e-001,6.59180e-002,9.56055e-001,7.80488e+000,-3.09756e+001,-2.62195e+000
5.15297e-005,-4.16266e-005,-3.04199e-001,5.71289e-002,9.79980e-001,2.31707e+000,-3.74390e+001,-1.40244e+000
5.52224e-005,-4.38087e-005,-2.17285e-001,4.88281e-002,1.02734e+000,3.04878e-001,-3.94512e+001,-1.21951e-001
2.90379e-005,-7.21752e-005,-1.54297e-001,5.32227e-002,1.04541e+000,-2.80488e+000,-4.06707e+001,3.04878e+000
1.84634e-005,-6.73075e-005,-3.56445e-002,7.12891e-002,1.07275e+000,-5.06098e+000,-3.93902e+001,5.36585e+000
-4.38087e-005,-4.21302e-005,2.29492e-002,8.69141e-002,1.08203e+000,-5.79268e+000,-3.78049e+001,5.54878e+000
-1.03227e-004,-2.18204e-006,1.06934e-001,1.10840e-001,1.09619e+000,-7.43902e+000,-3.39634e+001,5.85366e+000
-1.20516e-004,6.21042e-005,1.30859e-001,1.19141e-001,1.10400e+000,-8.10976e+000,-3.17073e+001,5.54878e+000
-1.02220e-004,6.76432e-005,1.51367e-001,1.32813e-001,1.11865e+000,-8.47561e+000,-2.67073e+001,4.45122e+000
-1.24041e-004,6.32792e-005,1.51367e-001,1.32813e-001,1.12109e+000,-8.65854e+000,-2.42683e+001,4.02439e+000
-2.03937e-004,7.08324e-005,1.45508e-001,1.33301e-001,1.12598e+000,-8.53659e+000,-1.91463e+001,3.71951e+000
-2.24414e-004,7.87213e-005,1.45020e-001,1.30859e-001,1.13428e+000,-8.78049e+000,-1.64024e+001,3.65854e+000
-1.80102e-004,7.97284e-005,1.32324e-001,1.13770e-001,1.12793e+000,-8.71951e+000,-9.93902e+000,4.51220e+000
-9.95346e-005,3.32342e-005,1.26465e-001,1.03027e-001,1.11377e+000,-8.65854e+000,-7.25610e+000,3.78049e+000
-3.70947e-005,4.19623e-006,6.68945e-002,9.66797e-002,1.08105e+000,-9.63415e+000,-2.98780e+000,2.25610e+000
3.81018e-005,-3.18914e-006,3.46680e-002,1.03027e-001,1.07910e+000,-1.10366e+001,-2.62195e+000,2.43902e+000
6.42863e-005,-2.78630e-005,2.09961e-002,9.91211e-002,1.09375e+000,-1.26220e+001,-1.34146e+000,6.15854e+000
6.16007e-005,-2.09812e-005,6.88477e-002,9.76563e-002,1.07813e+000,-1.27439e+001,6.09756e-002,8.41463e+000
5.13619e-005,-2.40024e-005,9.17969e-002,1.00098e-001,1.07080e+000,-1.38415e+001,3.53659e+000,1.09146e+001
3.67590e-005,1.37636e-005,1.06445e-001,9.57031e-002,1.05664e+000,-1.46341e+001,5.60976e+000,1.10366e+001
3.34020e-005,2.31632e-005,1.04492e-001,1.00098e-001,1.04834e+000,-1.67073e+001,9.02439e+000,1.05488e+001
2.40024e-005,9.23171e-006,9.86328e-002,9.81445e-002,1.03418e+000,-1.75000e+001,1.07317e+001,1.05488e+001
5.11940e-005,1.17494e-005,8.93555e-002,9.91211e-002,1.02881e+000,-1.83537e+001,1.36585e+001,1.04878e+001
7.90570e-005,2.66880e-005,7.56836e-002,1.06934e-001,1.01416e+000,-1.88415e+001,1.51220e+001,1.05488e+001
6.66362e-005,2.81987e-005,6.73828e-002,1.10840e-001,1.00781e+000,-1.90854e+001,1.87805e+001,1.04268e+001
1.25887e-005,-7.21752e-006,5.61523e-002,1.12793e-001,9.95117e-001,-1.95122e+001,2.07317e+001,9.39024e+000
-1.44350e-005,-1.42672e-005,5.37109e-002,1.10840e-001,9.84863e-001,-2.01829e+001,2.16463e+001,8.41463e+000
-4.81727e-005,-9.73526e-006,3.12500e-002,1.08887e-001,9.46289e-001,-2.18902e+001,2.26220e+001,6.64634e+000
-1.15984e-004,-3.27306e-005,7.81250e-003,1.11328e-001,9.32129e-001,-2.30488e+001,2.34146e+001,6.09756e+000
-7.98962e-005,-1.09102e-005,-2.78320e-002,8.98438e-002,9.40918e-001,-2.46951e+001,2.31707e+001,3.96341e+000
-2.29953e-005,1.15816e-005,-3.51563e-002,6.93359e-002,9.56543e-001,-2.32927e+001,2.14634e+001,2.07317e+000
-5.18654e-005,-1.81277e-005,-5.51758e-002,4.00391e-002,9.62402e-001,-1.92683e+001,1.81098e+001,-2.62195e+000
-6.14328e-005,-2.16526e-005,-5.71289e-002,3.12500e-002,9.54590e-001,-1.76829e+001,1.64634e+001,-4.32927e+000
6.21042e-006,1.02388e-005,-6.15234e-002,2.00195e-002,9.28223e-001,-1.51829e+001,1.37195e+001,-7.13415e+000
1.89670e-005,2.88701e-005,-5.81055e-002,1.61133e-002,9.19922e-001,-1.44512e+001,1.15244e+001,-8.17073e+000
7.88891e-006,4.31373e-005,-5.76172e-002,2.00195e-002,8.98926e-001,-1.36585e+001,9.81707e+000,-9.39024e+000
2.23239e-005,4.34730e-005,-5.81055e-002,2.83203e-002,9.06738e-001,-1.35366e+001,8.41463e+000,-1.01829e+001
-7.21752e-006,6.21042e-005,-5.66406e-002,2.63672e-002,9.35547e-001,-1.18293e+001,3.90244e+000,-1.18902e+001
-3.60876e-005,5.18654e-005,-5.76172e-002,3.12500e-002,9.38477e-001,-1.07317e+001,1.64634e+000,-1.27439e+001
-3.40734e-005,-2.18204e-006,-5.27344e-002,3.56445e-002,9.30664e-001,-7.98780e+000,-1.52439e+000,-1.45732e+001
-5.42153e-005,-4.44800e-005,-4.54102e-002,2.92969e-002,9.47754e-001,-7.31707e+000,-2.92683e+000,-1.57317e+001
-1.11955e-004,-5.38796e-005,-4.19922e-002,2.58789e-002,9.58496e-001,-5.24390e+000,-4.39024e+000,-1.80488e+001
-8.09033e-005,-4.61585e-005,-3.22266e-002,3.02734e-002,9.72168e-001,-4.45122e+000,-4.75610e+000,-1.96951e+001
-1.15816e-005,-1.56100e-005,-2.97852e-002,2.88086e-002,9.84863e-001,-3.59756e+000,-5.67073e+000,-2.21341e+001
-1.34279e-005,-1.46029e-005,-1.56250e-002,2.44141e-002,1.00439e+000,-3.29268e+000,-6.28049e+000,-2.32927e+001
-1.17494e-006,-2.63523e-005,-5.85938e-003,2.68555e-002,1.00684e+000,-2.37805e+000,-6.95122e+000,-2.50000e+001
1.51064e-006,1.24208e-005,1.61133e-002,2.63672e-002,1.03516e+000,-2.50000e+000,-7.31707e+000,-2.60976e+001
2.68559e-006,2.45060e-005,3.07617e-002,2.09961e-002,1.04443e+000,-2.37805e+000,-7.92683e+000,-2.62805e+001
1.59457e-005,3.86053e-006,5.02930e-002,1.26953e-002,1.04932e+000,-4.26829e-001,-9.32927e+000,-2.63415e+001
-1.89670e-005,-1.98062e-005,5.66406e-002,1.12305e-002,1.04346e+000,4.87805e-001,-9.08537e+000,-2.71951e+001
-5.92508e-005,-2.34989e-005,8.93555e-002,2.92969e-003,1.06396e+000,9.75610e-001,-6.70732e+000,-2.78049e+001
-4.91798e-005,-8.89601e-006,1.12793e-001,-1.46484e-003,1.06934e+000,6.70732e-001,-3.59756e+000,-2.67073e+001
-1.99741e-005,-2.83665e-005,1.59668e-001,-6.83594e-003,1.04785e+000,-4.26829e-001,3.47561e+000,-2.40244e+001
1.46029e-005,-4.75013e-005,1.83105e-001,-1.07422e-002,1.02783e+000,-1.09756e+000,4.63415e+000,-2.44512e+001
-1.29244e-005,-6.88182e-006,2.05078e-001,-9.76563e-003,9.97070e-001,-1.21951e-001,5.42683e+000,-2.76220e+001
-2.38346e-005,1.37636e-005,1.93359e-001,-6.34766e-003,9.78027e-001,1.21951e-001,5.54878e+000,-2.95122e+001
1.81277e-005,-2.29953e-005,1.63574e-001,1.46484e-003,9.58008e-001,6.09756e-001,1.01220e+001,-3.15854e+001
1.51064e-006,-4.34730e-005,1.52344e-001,5.85938e-003,9.67285e-001,7.31707e-001,1.34146e+001,-3.15854e+001
2.40024e-005,-4.48157e-005,1.66992e-001,1.26953e-002,9.87793e-001,2.01220e+000,2.31098e+001,-2.94512e+001
3.23949e-005,-4.11231e-005,2.04102e-001,1.80664e-002,9.94629e-001,2.92683e+000,2.89024e+001,-2.78049e+001
3.60876e-005,-5.28725e-005,2.19727e-001,2.44141e-002,9.91699e-001,6.40244e+000,4.01829e+001,-2.50000e+001
9.06386e-006,-7.23430e-005,2.41699e-001,4.05273e-002,9.83398e-001,8.17073e+000,4.53659e+001,-2.35976e+001
-1.91348e-005,-7.93927e-005,2.47559e-001,4.88281e-002,9.80469e-001,1.10976e+001,5.37195e+001,-2.26829e+001
-2.75273e-005,-6.52934e-005,2.38770e-001,5.76172e-002,9.82910e-001,1.19512e+001,5.75000e+001,-2.22561e+001
-1.84634e-006,-6.39506e-005,2.26563e-001,6.78711e-002,9.96094e-001,1.25000e+001,6.39634e+001,-2.05488e+001
-1.67849e-007,-6.86503e-005,1.99219e-001,7.47070e-002,1.04736e+000,1.25000e+001,6.56707e+001,-1.93293e+001
1.51064e-005,-7.53643e-005,1.82617e-001,8.30078e-002,1.08252e+000,1.11585e+001,6.63415e+001,-1.69512e+001
1.93027e-005,-6.36149e-005,1.37207e-001,9.42383e-002,1.14893e+000,8.53659e+000,6.43293e+001,-1.49390e+001
1.51064e-006,-5.42153e-005,1.19141e-001,1.02539e-001,1.18311e+000,6.95122e+000,6.22561e+001,-1.37805e+001
-1.39315e-005,-3.07164e-005,7.66602e-002,1.04980e-001,1.25049e+000,4.39024e+000,5.96951e+001,-1.27439e+001
-3.45769e-005,-2.16526e-005,4.98047e-002,1.03027e-001,1.23047e+000,3.84146e+000,5.85976e+001,-1.25000e+001
-4.04517e-005,-3.72625e-005,2.58789e-002,9.13086e-002,1.14014e+000,3.84146e+000,5.54878e+001,-1.18293e+001
-4.19623e-006,-4.31373e-005,1.17188e-002,8.25195e-002,1.09033e+000,4.51220e+000,5.53049e+001,-1.20122e+001
-4.53193e-006,-3.54162e-005,-2.44141e-002,5.66406e-002,9.80957e-001,7.01220e+000,5.71951e+001,-1.16463e+001
-5.70687e-006,-1.96384e-005,-3.85742e-002,4.44336e-002,9.43359e-001,7.80488e+000,5.69512e+001,-1.12805e+001
7.88891e-006,-2.19883e-005,-6.93359e-002,4.88281e-003,8.94043e-001,1.00000e+001,5.27439e+001,-8.78049e+000
-5.20333e-006,-1.51064e-006,-8.49609e-002,-2.14844e-002,8.62793e-001,1.09146e+001,4.94512e+001,-6.76829e+000
-2.33310e-005,2.24918e-005,-1.06934e-001,-7.66602e-002,7.83203e-001,1.17683e+001,4.05488e+001,-2.19512e+000
-7.21752e-006,1.51064e-005,-1.10352e-001,-1.05957e-001,7.43652e-001,1.19512e+001,3.44512e+001,4.26829e-001
-1.30922e-005,-7.21752e-006,-9.76563e-002,-1.67480e-001,6.86035e-001,1.18293e+001,2.23171e+001,3.59756e+000
-1.40993e-005,-2.03098e-005,-7.51953e-002,-1.92383e-001,6.53809e-001,1.15854e+001,1.93293e+001,4.26829e+000
-3.00450e-005,-1.15816e-005,-5.12695e-002,-1.92383e-001,6.67969e-001,1.01829e+001,2.14024e+001,3.17073e+000
-5.52224e-005,-4.54871e-005,2.39258e-002,-1.46484e-001,7.17285e-001,9.69512e+000,2.56098e+001,8.53659e-001
-4.38087e-005,-2.21561e-005,6.93359e-002,-1.11328e-001,7.36328e-001,1.09756e+001,3.66463e+001,-6.15854e+000
-4.31373e-005,1.09102e-005,1.28418e-001,-3.36914e-002,7.58301e-001,1.20122e+001,4.20122e+001,-9.69512e+000
5.03548e-007,4.41444e-005,1.53320e-001,6.83594e-003,7.67578e-001,1.42073e+001,5.26829e+001,-1.40244e+001
5.79080e-005,5.80758e-005,1.66992e-001,7.91016e-002,7.71973e-001,1.56707e+001,5.73171e+001,-1.50610e+001
4.54871e-005,2.93736e-005,1.53320e-001,1.10352e-001,7.67090e-001,1.70732e+001,6.29878e+001,-1.42073e+001
-1.62814e-005,1.25887e-005,9.71680e-002,1.54785e-001,7.45117e-001,1.78049e+001,6.09756e+001,-1.18902e+001
-1.29244e-005,1.04067e-005,5.32227e-002,1.70410e-001,7.30469e-001,1.76829e+001,5.75000e+001,-1.12195e+001
-3.91089e-005,4.01160e-005,-5.07813e-002,1.80176e-001,7.11426e-001,1.63415e+001,4.87805e+001,-1.03049e+001
-5.42153e-005,4.14588e-005,-1.09375e-001,1.74805e-001,7.06055e-001,1.46951e+001,4.39024e+001,-9.75610e+000
-1.09102e-005,6.54612e-006,-2.02637e-001,1.39160e-001,6.93848e-001,1.18293e+001,3.29268e+001,-8.65854e+000
1.76242e-005,-9.56741e-006,-2.31445e-001,1.07422e-001,6.94336e-001,1.01829e+001,2.75610e+001,-8.10976e+000
3.84375e-005,-5.53903e-006,-2.57324e-001,4.10156e-002,7.03613e-001,8.10976e+000,1.83537e+001,-7.37805e+000
5.25368e-005,-2.51774e-006,-2.56348e-001,9.27734e-003,7.06055e-001,6.52439e+000,1.37805e+001,-6.95122e+000
1.79599e-005,1.22530e-005,-2.28516e-001,-4.15039e-002,7.36816e-001,4.87805e+000,3.84146e+000,-6.28049e+000
-3.40734e-005,6.54612e-006,-2.04102e-001,-5.85938e-002,7.78809e-001,4.26829e+000,-7.92683e-001,-6.03659e+000
-9.41634e-005,1.67849e-007,-1.46973e-001,-7.32422e-002,8.55469e-001,3.90244e+000,-8.78049e+000,-4.69512e+000
-8.15747e-005,1.32601e-005,-1.22559e-001,-6.54297e-002,8.87207e-001,3.59756e+000,-1.26829e+001,-3.96341e+000
-5.69009e-005,8.54353e-005,-7.42188e-002,-4.68750e-002,9.20410e-001,3.10976e+000,-2.02439e+001,-2.68293e+000
-5.69009e-005,8.44282e-005,-3.61328e-002,-1.46484e-002,9.23828e-001,3.47561e+000,-2.35366e+001,-2.37805e+000
-5.92508e-005,1.96384e-005,-1.70898e-002,9.76563e-004,9.16992e-001,3.90244e+000,-3.01829e+001,-2.98780e+000
-7.30144e-005,1.51064e-006,4.39453e-003,2.63672e-002,8.76465e-001,4.45122e+000,-3.23780e+001,-3.23171e+000
-7.57000e-005,-2.01419e-006,6.34766e-003,3.66211e-002,8.57422e-001,4.51220e+000,-3.77439e+001,-5.36585e+000
-3.97803e-005,-1.56100e-005,-1.95313e-003,5.66406e-002,8.20313e-001,4.51220e+000,-3.98780e+001,-5.67073e+000
5.20333e-006,-2.13169e-005,-1.36719e-002,5.56641e-002,8.00781e-001,4.87805e+000,-4.42683e+001,-6.95122e+000
2.98772e-005,-2.56809e-005,-4.00391e-002,4.34570e-002,7.21191e-001,5.42683e+000,-4.69512e+001,-6.82927e+000
-3.07164e-005,-3.50805e-005,-5.61523e-002,3.80859e-002,6.58691e-001,6.89024e+000,-5.06098e+001,-6.64634e+000
-1.08431e-004,-3.07164e-005,-1.05957e-001,3.02734e-002,5.40039e-001,7.43902e+000,-5.45732e+001,-5.97561e+000
-1.43175e-004,-1.96384e-005,-1.43555e-001,2.05078e-002,4.87793e-001,7.31707e+000,-5.71341e+001,-6.03659e+000
-4.16266e-005,-1.82956e-005,-2.11426e-001,4.88281e-004,4.01367e-001,7.98780e+000,-6.05488e+001,-6.58537e+000
1.07256e-004,-3.02129e-005,-2.49512e-001,-1.07422e-002,3.75000e-001,8.41463e+000,-6.20122e+001,-6.89024e+000
1.62646e-004,-4.33051e-005,-3.23730e-001,-4.73633e-002,3.50586e-001,9.57317e+000,-6.54878e+001,-8.71951e+000
1.18669e-004,-5.99222e-005,-3.59863e-001,-5.81055e-002,3.35449e-001,1.08537e+001,-6.70122e+001,-9.81707e+000
6.21042e-005,-6.39506e-005,-4.36035e-001,-7.08008e-002,3.16895e-001,1.34146e+001,-7.15854e+001,-1.09146e+001
3.79339e-005,-2.23239e-005,-4.63867e-001,-7.27539e-002,3.18359e-001,1.49390e+001,-7.37195e+001,-1.17683e+001
1.77920e-005,1.27565e-005,-4.90234e-001,-6.73828e-002,3.31543e-001,1.71341e+001,-7.71951e+001,-1.22561e+001
1.84634e-006,3.74304e-005,-4.93652e-001,-6.34766e-002,3.47168e-001,1.79268e+001,-7.84146e+001,-1.20122e+001
2.31632e-005,5.38796e-005,-4.76563e-001,-4.88281e-002,3.91113e-001,1.91463e+001,-8.20732e+001,-1.04878e+001
2.70237e-005,1.62814e-005,-4.58008e-001,-3.90625e-002,4.11133e-001,1.96951e+001,-8.40244e+001,-9.45122e+000
2.98772e-005,1.56100e-005,-3.90625e-001,-1.07422e-002,4.58008e-001,1.90244e+001,-8.76829e+001,-6.76829e+000
5.95865e-005,1.16320e-004,-3.02246e-001,2.34375e-002,5.42480e-001,1.79268e+001,-8.89024e+001,-5.30488e+000
7.13359e-005,1.32433e-004,-2.42676e-001,3.51563e-002,5.94727e-001,1.60366e+001,-8.76829e+001,-2.62195e+000
3.64233e-005,-5.32082e-005,-1.10840e-001,5.76172e-002,7.05078e-001,1.51220e+001,-8.53049e+001,-1.64634e+000
-2.43381e-005,-1.40826e-004,-3.12500e-002,7.22656e-002,7.55859e-001,1.29268e+001,-7.84146e+001,5.48781e-001
-5.60616e-005,-9.98703e-005,1.18164e-001,9.66797e-002,8.14453e-001,1.19512e+001,-7.37805e+001,9.14634e-001
-4.91798e-005,-5.87472e-006,1.89453e-001,1.04004e-001,8.18848e-001,9.63415e+000,-6.56098e+001,2.19512e+000
2.06455e-005,1.10613e-004,3.11523e-001,1.17188e-001,8.07129e-001,8.35366e+000,-6.25610e+001,2.56098e+000
4.68299e-005,1.73388e-004,3.55957e-001,1.20117e-001,7.92480e-001,6.40244e+000,-5.79268e+001,1.70732e+000
4.28016e-005,9.19814e-005,4.13574e-001,1.28418e-001,7.70508e-001,4.75610e+000,-5.51829e+001,1.82927e-001
5.01869e-005,6.04257e-006,4.13574e-001,1.33301e-001,7.58789e-001,4.32927e+000,-5.40854e+001,-1.15854e+000
6.54612e-006,2.63523e-005,3.62305e-001,1.43555e-001,7.22168e-001,2.01220e+000,-5.48781e+001,-4.81707e+000
-1.63989e-004,4.75013e-005,3.17383e-001,1.50879e-001,6.96289e-001,9.14634e-001,-5.60976e+001,-5.79268e+000
-3.64401e-004,5.94186e-005,1.97754e-001,1.64063e-001,6.44531e-001,-1.21951e-001,-5.92073e+001,-8.53659e+000
-3.23110e-004,6.56291e-005,1.28906e-001,1.70410e-001,6.42090e-001,-1.40244e+000,-6.02439e+001,-1.00000e+001
-1.73388e-004,6.56291e-005,-6.34766e-003,1.83594e-001,6.76270e-001,-3.84146e+000,-5.79268e+001,-1.14024e+001
-1.09606e-004,6.42863e-005,-6.64063e-002,1.91406e-001,7.15332e-001,-5.36585e+000,-5.41463e+001,-1.14634e+001
-8.39246e-005,3.27306e-005,-1.59180e-001,1.90918e-001,8.15918e-001,-6.21951e+000,-4.28049e+001,-1.00000e+001
-4.69978e-005,4.14588e-005,-1.85547e-001,1.81641e-001,8.60840e-001,-6.15854e+000,-3.68902e+001,-8.41463e+000
2.85344e-006,5.38796e-005,-2.02148e-001,1.66992e-001,9.40430e-001,-4.02439e+000,-2.70732e+001,-3.47561e+000
1.19173e-005,-1.17494e-006,-1.75293e-001,1.63086e-001,1.00439e+000,-2.98780e+000,-2.35366e+001,-1.82927e-001
6.88182e-006,-2.53452e-005,-1.47949e-001,1.60156e-001,1.03857e+000,-9.75610e-001,-1.85976e+001,5.48780e+000
2.38346e-005,1.21691e-004,-9.27734e-002,1.55762e-001,1.10107e+000,-4.26829e-001,-1.67683e+001,8.41463e+000
2.80308e-005,-3.28984e-005,-6.64063e-002,1.46973e-001,1.12891e+000,5.48781e-001,-1.37805e+001,1.35976e+001
6.71397e-006,-1.46868e-004,-4.88281e-004,1.14746e-001,1.12646e+000,1.34146e+000,-1.12805e+001,1.51220e+001
3.47448e-005,-3.45769e-005,4.93164e-002,9.32617e-002,1.12695e+000,3.84146e+000,-4.93902e+000,1.76220e+001
1.07256e-004,2.40024e-005,1.66016e-001,1.90430e-002,1.11523e+000,5.79268e+000,1.82927e-001,1.72561e+001
2.99779e-004,7.67071e-005,2.03125e-001,-1.46484e-003,1.09912e+000,1.01220e+001,1.29268e+001,1.70732e+001
4.40101e-004,-2.98772e-005,2.32910e-001,3.17383e-002,1.15918e+000,1.07927e+001,1.79268e+001,1.84756e+001
3.70108e-004,-4.17945e-005,2.06543e-001,7.32422e-002,1.26660e+000,6.03659e+000,1.63415e+001,2.40244e+001
2.07294e-004,2.53452e-005,1.11816e-001,1.77734e-001,1.47998e+000,6.64634e+000,-9.08537e+000,2.42683e+001
-6.86503e-005,4.78370e-005,3.90625e-003,2.21680e-001,1.49170e+000,1.23780e+001,-2.59756e+001,1.83537e+001
-3.62219e-004,6.59647e-005,-2.96875e-001,2.61719e-001,1.31104e+000,2.63415e+001,-5.53049e+001,3.53659e+000
-5.39132e-004,1.59457e-004,-4.20898e-001,2.47070e-001,1.16846e+000,3.09146e+001,-6.48171e+001,3.04878e-001
-5.27047e-004,1.64996e-004,-5.53711e-001,1.69922e-001,9.85352e-001,3.28049e+001,-7.98171e+001,3.65854e-001
-4.31205e-004,1.44183e-004,-5.95703e-001,1.18652e-001,9.69727e-001,3.14634e+001,-8.79878e+001,8.53659e-001
-1.93530e-004,-4.76692e-005,-6.57715e-001,-5.37109e-003,1.01270e+000,2.94512e+001,-1.02256e+002,4.14634e+000
6.02579e-005,1.76410e-004,-6.58203e-001,-5.76172e-002,1.01123e+000,2.99390e+001,-1.03415e+002,7.37805e+000
2.08469e-004,3.67422e-004,-5.52734e-001,-1.34766e-001,9.32129e-001,3.14024e+001,-9.42683e+001,1.79268e+001
1.77081e-004,1.56939e-004,-4.39453e-001,-1.56738e-001,8.79883e-001,3.23780e+001,-8.60976e+001,2.29268e+001
5.74044e-005,9.18135e-005,-1.32324e-001,-1.66504e-001,8.17383e-001,3.25000e+001,-6.43293e+001,3.02439e+001
-3.27306e-005,7.46929e-005,1.79688e-001,-1.29395e-001,8.45703e-001,3.25610e+001,-5.19512e+001,3.14634e+001
-7.57000e-005,6.24399e-005,3.26660e-001,-8.74023e-002,8.95020e-001,3.28659e+001,-2.51829e+001,3.21951e+001
-7.68750e-005,-1.96384e-005,5.69336e-001,9.76563e-003,1.01855e+000,3.28049e+001,-1.30488e+001,3.16463e+001
-1.48714e-004,-1.49218e-004,6.50391e-001,5.17578e-002,1.07959e+000,3.34756e+001,7.37805e+000,2.82317e+001
-1.02556e-004,-2.89708e-004,7.14844e-001,1.42090e-001,1.16992e+000,3.40854e+001,1.47561e+001,2.54268e+001
1.15984e-004,-1.99573e-004,7.10449e-001,1.79199e-001,1.19531e+000,3.54268e+001,2.35976e+001,1.95122e+001
2.90211e-004,-5.25368e-005,6.12793e-001,2.43164e-001,1.20508e+000,3.61585e+001,2.51220e+001,1.50610e+001
2.65370e-004,-8.79530e-005,5.25391e-001,2.54883e-001,1.19385e+000,3.70732e+001,2.45122e+001,5.12195e+000
2.71580e-004,5.84115e-005,2.90039e-001,2.63184e-001,1.15381e+000,3.71341e+001,2.20732e+001,3.65854e-001
2.15183e-004,2.25422e-004,1.63574e-001,2.56836e-001,1.12891e+000,3.57317e+001,1.49390e+001,-6.70732e+000
4.31373e-005,2.87022e-005,-5.37109e-002,2.21191e-001,1.10107e+000,3.23780e+001,6.46341e+000,-1.01829e+001
-2.25254e-004,-1.66339e-004,-1.28906e-001,1.93359e-001,1.09717e+000,3.00000e+001,1.58537e+000,-1.03659e+001
-3.33852e-004,-1.66339e-004,-2.13867e-001,1.39648e-001,1.10693e+000,2.40244e+001,-8.29268e+000,-7.56098e+000
-1.50561e-004,1.67849e-006,-2.15332e-001,1.12793e-001,1.11914e+000,2.02439e+001,-1.28049e+001,-4.81707e+000
8.10712e-005,4.64942e-005,-1.49414e-001,6.68945e-002,1.16162e+000,1.16463e+001,-1.87805e+001,1.76829e+000
2.05783e-004,1.26726e-004,-9.22852e-002,5.95703e-002,1.18652e+000,7.68293e+000,-2.09146e+001,5.00000e+000
2.72755e-004,5.87472e-006,5.07813e-002,5.71289e-002,1.23047e+000,-1.21951e-001,-2.20122e+001,1.25000e+001
3.08003e-004,3.67590e-005,1.21582e-001,6.49414e-002,1.24951e+000,-3.71951e+000,-2.18902e+001,1.54268e+001
4.85084e-005,-5.79080e-005,2.58301e-001,9.03320e-002,1.27441e+000,-8.84146e+000,-2.01220e+001,1.98780e+001
-2.80476e-004,-1.70367e-004,3.11035e-001,1.04004e-001,1.27783e+000,-1.07927e+001,-1.84756e+001,2.13415e+001
-4.27176e-004,-6.88182e-006,3.71582e-001,1.30371e-001,1.28320e+000,-1.31707e+001,-1.42073e+001,2.23171e+001
-5.73541e-004,1.22362e-004,3.80859e-001,1.44043e-001,1.28027e+000,-1.45122e+001,-1.21951e+001,2.25000e+001
-7.08827e-004,5.58938e-005,3.68164e-001,1.41602e-001,1.28174e+000,-1.57927e+001,-7.50000e+000,2.23780e+001
-6.11139e-004,-6.63004e-005,3.31055e-001,1.32813e-001,1.28223e+000,-1.63415e+001,-5.18293e+000,2.20732e+001
-2.97597e-004,-7.90570e-005,3.07129e-001,1.25977e-001,1.28174e+000,-1.70122e+001,-1.82927e+000,2.21951e+001
3.67590e-005,7.97284e-005,2.56836e-001,1.14258e-001,1.27979e+000,-1.73780e+001,-3.04878e-001,2.23171e+001
1.64324e-004,1.82452e-004,2.34375e-001,1.05469e-001,1.28320e+000,-1.82927e+001,1.34146e+000,2.32927e+001
3.03471e-004,1.80438e-004,2.05078e-001,8.98438e-002,1.28125e+000,-1.85976e+001,1.89024e+000,2.37195e+001
3.35531e-004,1.18669e-004,1.92383e-001,7.95898e-002,1.27490e+000,-1.96951e+001,2.86585e+000,2.50000e+001
2.35660e-004,6.39506e-005,1.81641e-001,6.64063e-002,1.26123e+000,-2.04268e+001,2.86585e+000,2.53659e+001
2.06455e-004,3.87732e-005,1.77246e-001,6.44531e-002,1.24316e+000,-2.14024e+001,2.68293e+000,2.65854e+001
9.76883e-005,7.31823e-005,1.79199e-001,6.00586e-002,1.21338e+000,-2.20122e+001,2.68293e+000,2.76220e+001
-1.00206e-004,2.02258e-004,1.79688e-001,5.95703e-002,1.20410e+000,-2.23780e+001,2.86585e+000,2.83537e+001
-1.41833e-004,1.90845e-004,1.81152e-001,6.68945e-002,1.18945e+000,-2.33537e+001,3.04878e+000,2.90854e+001
1.52743e-005,3.82696e-005,1.84570e-001,7.03125e-002,1.17676e+000,-2.42683e+001,3.35366e+000,2.93293e+001
9.91989e-005,-1.57946e-004,1.86035e-001,7.66602e-002,1.16455e+000,-2.56707e+001,2.86585e+000,3.00610e+001
1.00374e-004,-2.11322e-004,1.91895e-001,8.30078e-002,1.15820e+000,-2.62805e+001,2.74390e+000,3.07317e+001
8.79530e-005,-3.62051e-004,1.89941e-001,1.07910e-001,1.13672e+000,-2.87195e+001,3.35366e+000,3.18902e+001
1.12123e-004,-4.40772e-004,1.91406e-001,1.09375e-001,1.14990e+000,-3.01220e+001,4.81707e+000,3.26220e+001
8.00641e-005,-3.72290e-004,2.17773e-001,1.07910e-001,1.17188e+000,-2.96341e+001,6.95122e+000,3.16463e+001
8.89601e-006,-1.05745e-004,2.30957e-001,1.07910e-001,1.17041e+000,-2.90854e+001,7.37805e+000,2.92683e+001
-5.40475e-005,-9.41634e-005,2.29492e-001,1.09863e-001,1.16553e+000,-2.75610e+001,1.06098e+001,2.39024e+001
-1.32433e-004,-3.10521e-004,2.21680e-001,1.04980e-001,1.15723e+000,-2.65244e+001,1.26829e+001,2.14024e+001
-1.32433e-004,1.37636e-005,2.21191e-001,1.00586e-001,1.15771e+000,-2.53659e+001,1.75000e+001,1.84146e+001
-7.04967e-006,4.42618e-004,2.26563e-001,9.66797e-002,1.14648e+000,-2.43902e+001,2.03049e+001,1.72561e+001
2.05280e-004,3.74472e-004,2.40234e-001,9.08203e-002,1.13477e+000,-2.26829e+001,2.65244e+001,1.56098e+001
4.52354e-004,2.97765e-004,2.61230e-001,7.81250e-002,1.11230e+000,-2.15244e+001,2.93902e+001,1.40854e+001
6.22217e-004,3.44259e-004,2.59766e-001,7.61719e-002,1.08789e+000,-1.84146e+001,3.60976e+001,9.63415e+000
5.53567e-004,2.69734e-004,2.55371e-001,8.05664e-002,1.02686e+000,-1.75610e+001,3.89634e+001,7.31707e+000
2.18372e-004,1.29244e-004,2.43164e-001,7.91016e-002,1.00293e+000,-1.64634e+001,4.59756e+001,2.31707e+000
-2.93568e-004,4.12909e-005,2.14844e-001,7.12891e-002,9.76074e-001,-1.53049e+001,4.90854e+001,-7.31707e-001
-5.67163e-004,-2.07965e-004,1.90430e-001,6.64063e-002,9.66309e-001,-1.21951e+001,5.36585e+001,-6.34146e+000
-6.37491e-004,-4.55375e-004,1.33301e-001,5.61523e-002,9.36035e-001,-8.41463e+000,5.61585e+001,-1.16463e+001
-5.56756e-004,-3.18410e-004,1.03027e-001,5.37109e-002,9.07715e-001,-6.76829e+000,5.73171e+001,-1.38415e+001
-2.73594e-004,-2.61509e-004,2.97852e-002,4.19922e-002,8.61328e-001,-3.96341e+000,5.95122e+001,-1.73780e+001
-5.03548e-005,-1.88327e-004,-8.30078e-003,3.80859e-002,8.47168e-001,-2.98780e+000,6.02439e+001,-1.85976e+001
5.72366e-005,-1.69360e-004,-7.71484e-002,2.05078e-002,8.48633e-001,-1.15854e+000,6.04878e+001,-2.12195e+001
7.63714e-005,-1.88495e-004,-1.09375e-001,1.56250e-002,8.41797e-001,-1.21951e-001,6.07927e+001,-2.17073e+001
7.48608e-005,-7.55322e-005,-1.77246e-001,-4.88281e-004,8.25684e-001,1.89024e+000,5.96951e+001,-2.23780e+001
4.46479e-005,1.46365e-004,-2.13379e-001,-1.26953e-002,8.39844e-001,2.37805e+000,5.96951e+001,-2.29878e+001
-1.56100e-005,1.95712e-004,-2.36328e-001,-1.85547e-002,8.25195e-001,4.02439e+000,5.81098e+001,-2.05488e+001
-3.86053e-006,7.30144e-005,-2.37305e-001,-1.85547e-002,8.10059e-001,4.02439e+000,5.70122e+001,-2.05488e+001
4.04517e-005,-1.81109e-004,-2.57324e-001,-1.22070e-002,7.94434e-001,3.84146e+000,5.18293e+001,-2.16463e+001
1.46197e-004,1.30251e-004,-2.76855e-001,-3.90625e-003,8.05176e-001,3.47561e+000,4.83537e+001,-2.32927e+001
1.78424e-004,6.91203e-004,-2.84668e-001,-9.76563e-004,8.11035e-001,3.71951e+000,4.44512e+001,-2.61585e+001
1.45190e-004,4.71656e-004,-2.76855e-001,7.32422e-003,8.29102e-001,3.84146e+000,4.42073e+001,-2.69512e+001
4.98512e-005,-9.28206e-005,-2.60254e-001,1.22070e-002,8.36914e-001,3.71951e+000,4.45732e+001,-2.67683e+001
-9.78561e-005,-3.13710e-004,-2.02148e-001,2.34375e-002,8.51563e-001,3.90244e+000,4.59756e+001,-2.60366e+001
-3.57855e-004,-3.20256e-004,-1.70410e-001,2.88086e-002,8.47656e-001,5.36585e+000,4.83537e+001,-2.45732e+001
-3.78668e-004,-2.68894e-004,-9.37500e-002,2.83203e-002,8.41797e-001,6.03659e+000,4.95122e+001,-2.37195e+001
-2.46906e-004,-2.81651e-004,-5.76172e-002,2.53906e-002,8.39355e-001,7.98780e+000,5.17073e+001,-2.25610e+001
-1.88159e-004,-3.20424e-004,-2.44141e-003,3.07617e-002,8.27637e-001,9.45122e+000,5.27439e+001,-2.17073e+001
-3.91089e-005,-3.67086e-004,1.51367e-002,3.12500e-002,8.26660e-001,1.10366e+001,5.28049e+001,-2.10976e+001
4.48157e-005,-1.18669e-004,2.83203e-002,3.36914e-002,8.41797e-001,1.23780e+001,5.19512e+001,-2.14024e+001
1.46197e-004,2.01755e-004,2.92969e-002,3.46680e-002,8.59863e-001,1.23780e+001,5.08537e+001,-2.14024e+001
3.29488e-004,1.22026e-004,2.63672e-002,3.71094e-002,9.00879e-001,1.23780e+001,5.00000e+001,-2.22561e+001
2.58656e-004,2.36667e-005,2.58789e-002,4.34570e-002,9.18457e-001,1.24390e+001,4.93902e+001,-2.25610e+001
1.31426e-004,1.21859e-004,1.56250e-002,5.12695e-002,9.71680e-001,1.10976e+001,4.79268e+001,-2.33537e+001
8.09033e-005,2.06958e-004,8.30078e-003,4.19922e-002,1.00195e+000,1.03049e+001,4.67683e+001,-2.34756e+001
-7.16716e-005,1.74395e-004,-1.51367e-002,4.54102e-002,1.02051e+000,9.81707e+000,4.20732e+001,-2.34146e+001
-2.57313e-004,-9.76883e-005,-2.53906e-002,4.83398e-002,1.02100e+000,9.93902e+000,3.87195e+001,-2.31707e+001
-2.88029e-004,-2.13169e-004,-5.27344e-002,4.78516e-002,9.82910e-001,9.57317e+000,3.18902e+001,-2.31098e+001
-2.74434e-004,3.86053e-006,-7.47070e-002,4.58984e-002,9.46289e-001,9.51220e+000,2.84756e+001,-2.28659e+001
-1.63989e-004,-2.34989e-005,-1.28906e-001,4.49219e-002,8.71094e-001,8.71951e+000,2.09756e+001,-2.22561e+001
1.23369e-004,-1.00038e-004,-1.78223e-001,3.02734e-002,8.35449e-001,8.23171e+000,1.69512e+001,-2.21951e+001
5.61120e-004,-1.49554e-004,-2.08984e-001,1.41602e-002,8.12012e-001,8.59756e+000,1.12805e+001,-2.21341e+001
6.56794e-004,-1.90509e-004,-2.49023e-001,-1.12305e-002,7.48535e-001,8.96342e+000,8.47561e+000,-2.20122e+001
3.49294e-004,-2.53956e-004,-2.51465e-001,-3.41797e-002,7.11914e-001,9.93902e+000,3.71951e+000,-2.10366e+001
9.41634e-005,-2.38178e-004,-2.34863e-001,-8.34961e-002,6.21094e-001,1.10976e+001,1.95122e+000,-2.06098e+001
-9.01350e-005,-1.84634e-006,-2.11914e-001,-1.07422e-001,5.70801e-001,1.31098e+001,6.09756e-002,-1.85366e+001
-3.22942e-004,4.26337e-004,-1.46484e-001,-1.51367e-001,5.27344e-001,1.36585e+001,-1.82927e-001,-1.74390e+001
-4.94652e-004,3.71450e-004,-1.02051e-001,-1.62598e-001,5.32227e-001,1.53049e+001,-3.65854e-001,-1.56707e+001
-3.84543e-004,4.75013e-005,1.70898e-002,-1.36719e-001,5.72266e-001,1.54878e+001,6.09756e-002,-1.54268e+001
-3.16396e-004,5.42153e-005,8.15430e-002,-9.42383e-002,6.08398e-001,1.68293e+001,3.71951e+000,-1.60366e+001
-2.08469e-004,-3.55840e-005,2.02148e-001,2.39258e-002,6.98242e-001,1.70122e+001,9.45122e+000,-1.84756e+001
-3.59197e-005,1.51064e-006,2.57324e-001,8.39844e-002,7.35352e-001,1.76220e+001,1.30488e+001,-1.93902e+001
4.34730e-005,1.10613e-004,3.26172e-001,1.90430e-001,7.90039e-001,1.76220e+001,1.91463e+001,-2.06098e+001
6.56291e-005,4.33051e-005,3.37402e-001,2.37793e-001,7.84668e-001,1.69512e+001,2.12195e+001,-2.03659e+001
5.20333e-006,1.15816e-005,3.33008e-001,2.77832e-001,8.29102e-001,1.45122e+001,2.37195e+001,-1.84146e+001
-8.91279e-005,1.56100e-005,3.03711e-001,2.75879e-001,8.25195e-001,1.48171e+001,2.51829e+001,-1.69512e+001
-1.03395e-004,-4.36408e-006,2.12891e-001,2.47070e-001,7.86133e-001,1.48171e+001,2.46951e+001,-1.39024e+001
-6.61326e-005,-5.05226e-005,1.60156e-001,2.20215e-001,7.78809e-001,1.37195e+001,2.30488e+001,-1.25000e+001
-5.03548e-006,-1.29076e-004,4.54102e-002,1.44531e-001,7.69531e-001,1.20732e+001,1.95122e+001,-1.01829e+001
6.69719e-005,-2.17365e-004,-4.88281e-003,1.04980e-001,7.65137e-001,1.04268e+001,1.67073e+001,-9.32927e+000
1.68856e-004,-2.20386e-004,-9.42383e-002,3.36914e-002,7.73926e-001,8.10976e+000,1.19512e+001,-8.17073e+000
3.01625e-004,-1.48547e-004,-1.38672e-001,-2.19727e-002,7.89063e-001,7.07317e+000,8.59756e+000,-7.92683e+000
3.66247e-004,-2.22568e-004,-1.41602e-001,-3.90625e-002,7.98828e-001,5.12195e+000,2.68293e+000,-8.10976e+000
2.41871e-004,-2.62348e-004,-1.32324e-001,-4.93164e-002,8.23242e-001,4.32927e+000,-2.43902e-001,-8.23171e+000
5.22011e-005,-1.49050e-004,-1.15234e-001,-4.39453e-002,8.39355e-001,3.35366e+000,-5.24390e+000,-7.98780e+000
-1.28573e-004,-3.96124e-005,-7.71484e-002,-2.34375e-002,8.55957e-001,3.04878e+000,-7.25610e+000,-7.74390e+000
-2.54627e-004,7.04967e-006,-6.20117e-002,-6.34766e-003,8.62305e-001,2.62195e+000,-1.07927e+001,-6.76829e+000
-2.25422e-004,-1.42168e-004,-3.95508e-002,3.32031e-002,8.72070e-001,2.86585e+000,-1.19512e+001,-5.91463e+000
-1.62310e-004,-4.78370e-005,-2.88086e-002,5.41992e-002,8.77441e-001,2.37805e+000,-1.44512e+001,-3.96341e+000
-6.94896e-005,2.04273e-004,-1.95313e-003,8.64258e-002,8.82813e-001,2.43902e+000,-1.53049e+001,-3.65854e+000
2.01419e-006,2.73762e-004,4.88281e-003,9.86328e-002,8.83301e-001,2.07317e+000,-1.68293e+001,-1.46341e+000
4.93477e-005,2.19379e-004,3.02734e-002,1.22559e-001,8.89160e-001,1.58537e+000,-1.79878e+001,6.09756e-002
6.09293e-005,6.22721e-005,3.80859e-002,1.27930e-001,8.99902e-001,5.48781e-001,-1.91463e+001,1.34146e+000
3.91089e-005,-4.48157e-005,5.66406e-002,1.34766e-001,9.37500e-001,-1.03659e+000,-2.03659e+001,3.35366e+000
4.34730e-005,-4.14588e-005,6.98242e-002,1.34277e-001,9.57520e-001,-2.25610e+000,-2.16463e+001,4.32927e+000
1.46029e-005,-5.53903e-006,9.91211e-002,1.38672e-001,9.78027e-001,-4.08537e+000,-2.31707e+001,7.07317e+000
-3.32342e-005,2.33310e-005,1.15723e-001,1.29395e-001,9.78516e-001,-4.57317e+000,-2.33537e+001,8.53659e+000
-8.66102e-005,1.74563e-005,1.53809e-001,1.11816e-001,9.77539e-001,-6.03659e+000,-2.40854e+001,1.07927e+001
-1.09606e-004,-1.12459e-005,1.68457e-001,9.66797e-002,9.55078e-001,-5.73171e+000,-2.37805e+001,1.16463e+001
-1.51064e-006,-5.53903e-006,1.88965e-001,7.27539e-002,9.05273e-001,-5.48780e+000,-2.31098e+001,1.25610e+001
6.10971e-005,2.76951e-005,1.89453e-001,6.00586e-002,8.81348e-001,-5.54878e+000,-2.34146e+001,1.28049e+001
1.40490e-004,-3.02129e-006,1.84570e-001,3.90625e-002,8.29590e-001,-5.24390e+000,-2.29878e+001,1.31707e+001
1.30419e-004,-4.64942e-005,1.55762e-001,1.17188e-002,7.74902e-001,-4.57317e+000,-2.22561e+001,1.28659e+001
-9.04707e-005,-6.59647e-005,1.30371e-001,0.00000e+000,7.48535e-001,-2.50000e+000,-2.28049e+001,1.23780e+001
-1.41497e-004,-7.16716e-005,6.05469e-002,-1.26953e-002,6.96289e-001,-1.46341e+000,-2.30488e+001,1.20732e+001
-8.87923e-005,-4.41444e-005,1.61133e-002,-1.66016e-002,6.68457e-001,5.48781e-001,-2.40854e+001,1.13415e+001
-1.84298e-004,3.50805e-005,-8.25195e-002,-3.22266e-002,6.05957e-001,1.46341e+000,-2.50000e+001,1.07317e+001
-2.82826e-004,1.11116e-004,-1.34766e-001,-4.34570e-002,5.85938e-001,4.51220e+000,-2.72561e+001,9.26829e+000
3.44091e-005,1.19341e-004,-2.31445e-001,-4.49219e-002,5.70313e-001,5.48780e+000,-2.94512e+001,8.35366e+000
3.85214e-004,1.76242e-005,-2.75391e-001,-4.15039e-002,5.60059e-001,6.03659e+000,-3.42683e+001,7.01220e+000
2.89204e-004,-5.52224e-005,-3.42773e-001,-4.24805e-002,5.51270e-001,6.21951e+000,-3.67683e+001,6.64634e+000
1.14305e-004,-2.78630e-005,-3.72070e-001,-3.80859e-002,5.35645e-001,6.21951e+000,-4.35976e+001,5.97561e+000
-9.08064e-005,-6.37827e-006,-4.12598e-001,-2.63672e-002,4.97070e-001,5.60976e+000,-5.28659e+001,4.81707e+000
-1.73892e-004,4.53193e-006,-4.27734e-001,-1.80664e-002,4.82910e-001,4.93902e+000,-5.78049e+001,4.14634e+000
-2.61509e-004,-1.09102e-005,-4.42383e-001,-7.32422e-003,4.53125e-001,3.90244e+000,-6.51829e+001,1.64634e+000
-2.66377e-004,-4.11231e-005,-4.41406e-001,-4.39453e-003,4.40430e-001,3.35366e+000,-6.80488e+001,0.00000e+000
-1.81445e-004,-4.56550e-005,-4.34570e-001,1.95313e-003,4.40918e-001,1.58537e+000,-7.29878e+001,-4.08537e+000
-1.16320e-004,-1.49386e-005,-4.22363e-001,-1.95313e-003,4.62402e-001,1.03659e+000,-7.48171e+001,-6.03659e+000
-3.40734e-005,2.26596e-005,-3.81348e-001,-1.07422e-002,5.07813e-001,1.21951e+000,-7.50610e+001,-9.14634e+000
6.54612e-006,2.58488e-005,-3.46191e-001,-2.00195e-002,5.28809e-001,1.03659e+000,-7.37195e+001,-1.01829e+001
5.20333e-006,3.20592e-005,-2.56348e-001,-3.75977e-002,5.73730e-001,2.31707e+000,-7.06098e+001,-1.21341e+001
3.86053e-006,6.26078e-005,-2.00684e-001,-4.83398e-002,5.93262e-001,3.17073e+000,-6.92073e+001,-1.27439e+001
-2.51774e-006,4.46479e-005,-6.83594e-002,-5.85938e-002,6.76758e-001,3.96341e+000,-6.49390e+001,-1.29268e+001
1.10781e-005,2.76951e-005,5.41992e-002,-6.88477e-002,7.31934e-001,4.57317e+000,-6.21341e+001,-1.32927e+001
4.21302e-005,3.70947e-005,9.37500e-002,-6.25000e-002,7.31934e-001,5.97561e+000,-5.32927e+001,-1.28049e+001
5.67330e-005,4.14588e-005,1.54785e-001,-3.80859e-002,7.17773e-001,6.09756e+000,-4.79878e+001,-1.29268e+001
8.17426e-005,2.53452e-005,1.72852e-001,-2.14844e-002,7.09961e-001,5.24390e+000,-3.84756e+001,-1.40244e+001
7.98962e-005,8.89601e-006,1.80664e-001,1.31836e-002,7.36328e-001,5.06098e+000,-3.34146e+001,-1.55488e+001
6.02579e-005,-4.36408e-006,1.68457e-001,3.36914e-002,7.51953e-001,4.87805e+000,-2.28659e+001,-2.00000e+001
9.06386e-006,-8.89601e-006,1.12305e-001,6.54297e-002,7.66602e-001,5.73171e+000,-1.76829e+001,-2.18293e+001
-3.70947e-005,-5.87472e-006,7.37305e-002,7.95898e-002,7.57813e-001,8.47561e+000,-6.40244e+000,-2.65244e+001
-1.82956e-005,-6.54612e-006,6.34766e-003,9.96094e-002,7.37305e-001,1.01220e+001,-1.82927e-001,-2.81707e+001
8.39246e-006,2.19883e-005,-1.70898e-002,1.03027e-001,7.35840e-001,1.25000e+001,1.17683e+001,-2.98780e+001
2.16526e-005,5.22011e-005,-5.07813e-002,1.11816e-001,7.81738e-001,1.56707e+001,2.76829e+001,-2.89634e+001
3.07164e-005,4.61585e-005,-5.90820e-002,1.11816e-001,8.10059e-001,1.66463e+001,3.53659e+001,-2.75000e+001
3.70947e-005,1.84634e-006,-4.05273e-002,1.04980e-001,8.93066e-001,1.89024e+001,5.20122e+001,-2.29878e+001
2.90379e-005,-1.76242e-005,-2.00195e-002,9.86328e-002,9.37500e-001,2.04268e+001,5.92683e+001,-2.03049e+001
2.93736e-005,1.00710e-005,3.61328e-002,8.93555e-002,9.88770e-001,2.35366e+001,6.97561e+001,-1.40244e+001
4.21302e-005,5.33761e-005,6.15234e-002,9.22852e-002,9.99023e-001,2.46341e+001,7.26829e+001,-1.09756e+001
3.27306e-005,3.34020e-005,1.15723e-001,1.20605e-001,1.04688e+000,2.48780e+001,7.43902e+001,-5.67073e+000
3.87732e-005,-1.29244e-005,1.28418e-001,1.36719e-001,1.07178e+000,2.50000e+001,7.47561e+001,-3.35366e+000
1.04067e-005,-5.28725e-005,1.55762e-001,1.58691e-001,1.11865e+000,2.53049e+001,7.62805e+001,1.28049e+000
-1.41497e-004,-9.31563e-005,1.68945e-001,1.63574e-001,1.13770e+000,2.58537e+001,7.78049e+001,3.53659e+000
-1.57946e-004,-7.68750e-005,1.76270e-001,1.66504e-001,1.14648e+000,2.67683e+001,7.99390e+001,8.53659e+000
-9.01350e-005,-2.04776e-005,1.53320e-001,2.02148e-001,1.13818e+000,2.71341e+001,8.12195e+001,1.27439e+001
-6.31113e-005,3.55840e-005,1.48926e-001,2.36816e-001,1.18652e+000,2.57317e+001,8.03049e+001,2.25000e+001
-6.09293e-005,4.68299e-005,1.41602e-001,3.33984e-001,1.37939e+000,2.42683e+001,7.51829e+001,2.75000e+001
-5.85794e-005,1.46029e-005,1.21094e-001,3.82813e-001,1.49902e+000,2.30488e+001,5.19512e+001,3.31707e+001
-5.28725e-005,-1.00710e-005,-3.32031e-002,4.81934e-001,1.57129e+000,2.56707e+001,3.51829e+001,3.17683e+001
-7.10002e-005,-8.89601e-006,-1.47949e-001,5.06348e-001,1.52295e+000,3.27439e+001,-4.45122e+000,2.12805e+001
-7.03288e-005,-8.56031e-006,-3.71582e-001,4.40918e-001,1.27246e+000,3.61585e+001,-2.07317e+001,1.54878e+001
-5.15297e-005,-4.75013e-005,-4.65332e-001,3.66699e-001,1.13770e+000,3.94512e+001,-4.09756e+001,7.37805e+000
1.99741e-005,-4.14588e-005,-5.58105e-001,1.67480e-001,1.01953e+000,3.83537e+001,-4.86585e+001,4.81707e+000
6.42863e-005,-5.53903e-006,-5.91797e-001,7.66602e-002,1.02246e+000,3.57927e+001,-6.21951e+001,4.87805e-001
4.26337e-005,-1.25887e-005,-6.39160e-001,-6.64063e-002,1.06543e+000,3.25610e+001,-7.18902e+001,-4.26829e-001
2.31632e-005,4.69978e-006,-6.26953e-001,-1.22070e-001,1.06396e+000,3.15244e+001,-7.35366e+001,2.25610e+000
-1.76242e-005,5.13619e-005,-5.29297e-001,-1.88477e-001,1.00732e+000,2.74390e+001,-7.10976e+001,1.32927e+001
-6.24399e-005,3.39055e-005,-4.42383e-001,-2.09961e-001,9.71191e-001,2.42683e+001,-6.79268e+001,2.01829e+001
-5.90829e-005,5.32082e-005,-2.05078e-001,-2.33398e-001,9.35547e-001,1.74390e+001,-5.92073e+001,3.28049e+001
-4.44800e-005,6.34470e-005,-6.88477e-002,-2.29980e-001,9.43359e-001,1.43902e+001,-5.27439e+001,3.76829e+001
-1.56100e-005,3.65911e-005,1.93848e-001,-1.99219e-001,9.61426e-001,9.81707e+000,-3.75000e+001,4.32927e+001
1.19173e-005,1.84634e-005,3.09082e-001,-1.75293e-001,9.79004e-001,8.71951e+000,-2.94512e+001,4.48780e+001
2.55131e-005,1.67849e-006,4.81445e-001,-1.09375e-001,1.00928e+000,7.98780e+000,-1.39634e+001,4.51220e+001
-2.03098e-005,-1.17494e-006,5.50781e-001,-7.32422e-002,1.03271e+000,7.92683e+000,-7.37805e+000,4.40854e+001
-5.53903e-005,-1.24208e-005,6.02051e-001,1.70898e-002,1.07666e+000,9.39024e+000,3.04878e+000,3.97561e+001
-2.29953e-005,-2.66880e-005,5.43457e-001,1.19629e-001,1.06885e+000,1.10366e+001,6.46341e+000,3.64024e+001
-4.53193e-006,-2.60166e-005,4.73633e-001,1.62109e-001,1.05713e+000,1.41463e+001,9.63415e+000,2.85976e+001
-1.67849e-007,-1.96384e-005,3.04199e-001,2.22656e-001,1.02246e+000,1.55488e+001,9.39024e+000,2.46951e+001
3.35698e-007,-6.54612e-006,2.12402e-001,2.41699e-001,1.00586e+000,1.77439e+001,7.62195e+000,1.81098e+001
-6.54612e-006,6.88182e-006,3.85742e-002,2.42676e-001,9.78516e-001,1.78049e+001,5.91463e+000,1.50610e+001
-4.19623e-006,-1.71206e-005,-4.19922e-002,2.34863e-001,9.79980e-001,1.73171e+001,2.80488e+000,9.63415e+000
-3.18914e-006,-2.34989e-005,-1.49414e-001,1.92871e-001,9.88770e-001,1.70122e+001,1.58537e+000,7.31707e+000
9.23171e-006,2.70237e-005,-1.79688e-001,1.66992e-001,9.99023e-001,1.51829e+001,-1.40244e+000,4.20732e+000
1.84634e-006,3.77661e-005,-2.02637e-001,1.13281e-001,1.02246e+000,1.26220e+001,-3.35366e+000,3.47561e+000
-3.60876e-005,1.17494e-006,-1.91406e-001,9.27734e-002,1.03955e+000,1.10366e+001,-3.65854e+000,4.26829e+000
-3.59197e-005,-1.49386e-005,-1.32324e-001,6.44531e-002,1.06836e+000,6.70732e+000,-3.90244e+000,7.56098e+000
-1.93027e-005,-1.51064e-005,-9.03320e-002,5.66406e-002,1.08008e+000,4.45122e+000,-3.23171e+000,9.51220e+000
-2.31632e-005,-1.27565e-005,4.39453e-003,5.12695e-002,1.08838e+000,1.21951e+000,-1.34146e+000,1.37805e+001
-1.86313e-005,1.24208e-005,5.85938e-002,6.05469e-002,1.10010e+000,-5.48781e-001,-1.82927e-001,1.53049e+001
-2.36667e-005,3.20592e-005,1.24023e-001,8.64258e-002,1.11084e+000,-2.68293e+000,1.82927e+000,1.67073e+001
-1.98062e-005,-4.19623e-006,1.43555e-001,1.03027e-001,1.11475e+000,-2.92683e+000,2.43902e+000,1.75610e+001
-5.37118e-006,-3.81018e-005,1.64551e-001,1.41602e-001,1.12061e+000,-4.14634e+000,4.26829e+000,1.76220e+001
-3.52483e-006,-2.46738e-005,1.62598e-001,1.56250e-001,1.13281e+000,-4.39024e+000,5.54878e+000,1.80488e+001
-1.76242e-005,-5.87472e-006,1.53320e-001,1.79199e-001,1.15430e+000,-5.36585e+000,7.92683e+000,1.83537e+001
-5.53903e-006,2.90379e-005,1.46973e-001,1.90918e-001,1.17139e+000,-5.73171e+000,8.90244e+000,1.83537e+001
2.85344e-005,2.19883e-005,1.23047e-001,2.02148e-001,1.19141e+000,-6.28049e+000,1.08537e+001,1.90244e+001
2.04776e-005,1.14137e-005,9.96094e-002,2.00684e-001,1.19873e+000,-7.01220e+000,1.13415e+001,1.94512e+001
3.86053e-006,1.27565e-005,8.54492e-002,1.95801e-001,1.19727e+000,-8.71951e+000,1.12195e+001,1.96341e+001
9.06386e-006,-8.72816e-006,4.68750e-002,1.77734e-001,1.17480e+000,-1.00000e+001,1.10976e+001,1.93902e+001
1.12459e-005,-4.17945e-005,2.58789e-002,1.68945e-001,1.16455e+000,-1.34756e+001,1.00000e+001,1.98780e+001
1.51064e-005,-3.67590e-005,-2.73438e-002,1.53809e-001,1.14160e+000,-1.56707e+001,8.78049e+000,1.99390e+001
-3.03807e-005,-9.90310e-006,-5.12695e-002,1.45020e-001,1.13330e+000,-1.84146e+001,6.46341e+000,2.03659e+001
-8.24140e-005,8.72816e-006,-8.34961e-002,1.21582e-001,1.11670e+000,-1.92073e+001,3.96341e+000,1.98171e+001
-7.13359e-005,-2.85344e-005,-9.27734e-002,1.12793e-001,1.10449e+000,-1.93293e+001,2.43902e-001,1.77439e+001
-5.27047e-005,-5.20333e-005,-1.16699e-001,1.01074e-001,1.05762e+000,-2.02439e+001,-1.40244e+000,1.68293e+001
5.03548e-007,-2.71916e-005,-1.17188e-001,9.81445e-002,1.03906e+000,-2.05488e+001,-2.86585e+000,1.63415e+001
2.16526e-005,1.32601e-005,-1.20117e-001,8.74023e-002,1.01074e+000,-2.11585e+001,-6.03659e+000,1.40244e+001
-1.04067e-005,6.09293e-005,-1.16699e-001,8.15430e-002,1.00928e+000,-2.04878e+001,-7.07317e+000,1.31707e+001
-4.26337e-005,7.90570e-005,-1.21094e-001,8.30078e-002,1.00928e+000,-1.87195e+001,-9.93902e+000,1.09146e+001
-4.66621e-005,7.01610e-005,-1.20605e-001,8.30078e-002,9.93652e-001,-1.71341e+001,-1.09146e+001,9.93902e+000
-1.81277e-005,7.38537e-006,-1.28418e-001,9.52148e-002,9.56055e-001,-1.63415e+001,-1.29878e+001,7.98780e+000
-1.20851e-005,-4.64942e-005,-1.27441e-001,9.86328e-002,9.50195e-001,-1.70122e+001,-1.46951e+001,6.15854e+000
-3.17235e-005,-5.85794e-005,-1.32813e-001,9.86328e-002,9.64844e-001,-1.66463e+001,-1.81707e+001,2.62195e+000
-5.25368e-005,-5.01869e-005,-1.32813e-001,9.71680e-002,9.88281e-001,-1.55488e+001,-2.01220e+001,4.87805e-001
-4.71656e-005,7.20073e-005,-1.40137e-001,8.83789e-002,9.52637e-001,-1.26220e+001,-2.29268e+001,-3.47561e+000
-2.70237e-005,1.69696e-004,-1.35254e-001,8.78906e-002,9.51172e-001,-1.21951e+001,-2.30488e+001,-5.12195e+000
-1.89670e-005,1.27733e-004,-1.29883e-001,8.00781e-002,9.41895e-001,-9.87805e+000,-2.30488e+001,-8.65854e+000
-1.35958e-005,1.91684e-004,-1.19141e-001,8.15430e-002,9.41895e-001,-9.57317e+000,-2.33537e+001,-1.03659e+001
-1.29244e-005,-4.64942e-005,-1.05957e-001,7.95898e-002,9.52148e-001,-8.41463e+000,-2.31098e+001,-1.21341e+001
-4.07874e-005,-2.06287e-004,-7.71484e-002,8.98438e-002,9.66309e-001,-8.41463e+000,-2.25000e+001,-1.19512e+001
-7.57000e-005,-1.56771e-004,-5.61523e-002,9.52148e-002,9.71680e-001,-9.14634e+000,-1.89634e+001,-1.12805e+001
-5.38796e-005,-5.69009e-005,-4.88281e-004,9.86328e-002,9.89258e-001,-9.39024e+000,-1.66463e+001,-1.04268e+001
3.07164e-005,4.86763e-006,3.02734e-002,1.01563e-001,1.00098e+000,-1.07317e+001,-1.17073e+001,-9.39024e+000
7.55322e-005,4.61585e-005,8.88672e-002,9.52148e-002,1.01074e+000,-1.10976e+001,-8.17073e+000,-9.39024e+000
5.75723e-005,3.72625e-005,1.21094e-001,9.96094e-002,1.02588e+000,-1.06707e+001,5.48781e-001,-9.75610e+000
4.71656e-005,-6.52934e-005,1.68945e-001,8.98438e-002,1.07666e+000,-1.01829e+001,7.92683e+000,-1.10976e+001
5.48867e-005,-7.90570e-005,1.84570e-001,8.54492e-002,1.08496e+000,-9.57317e+000,1.10366e+001,-1.13415e+001
4.86763e-005,-4.21302e-005,1.70898e-001,8.83789e-002,1.10840e+000,-8.71951e+000,1.70732e+001,-1.23171e+001
4.49836e-005,-5.10262e-005,1.85059e-001,8.44727e-002,1.08691e+000,-8.71951e+000,2.10366e+001,-1.10976e+001
3.67590e-005,-2.97093e-005,2.05566e-001,7.86133e-002,1.04248e+000,-8.65854e+000,2.82317e+001,-9.51220e+000
5.03548e-006,-1.51064e-006,1.86523e-001,7.51953e-002,1.01221e+000,-7.50000e+000,2.93902e+001,-9.93902e+000
-5.32082e-005,-4.61585e-005,1.41602e-001,8.20313e-002,9.71680e-001,-6.03659e+000,2.92683e+001,-1.26220e+001
-1.13634e-004,-6.76432e-005,1.03027e-001,8.64258e-002,9.78516e-001,-5.30488e+000,2.98171e+001,-1.36585e+001
-1.38979e-004,-5.95865e-005,3.80859e-002,1.05469e-001,1.00439e+000,-6.64634e+000,2.90244e+001,-1.56098e+001
-1.04906e-004,-7.95605e-005,1.61133e-002,1.11328e-001,1.03662e+000,-7.86585e+000,2.93902e+001,-1.64024e+001
-5.74044e-005,-8.14069e-005,-1.70898e-002,1.31348e-001,1.09033e+000,-1.01829e+001,3.09756e+001,-1.61585e+001
1.09102e-005,-4.85084e-005,-3.02734e-002,1.31348e-001,1.10889e+000,-1.04878e+001,3.18902e+001,-1.57927e+001
3.18914e-006,1.77417e-004,-3.32031e-002,1.38672e-001,1.10547e+000,-1.10976e+001,3.22561e+001,-1.48780e+001
-5.52224e-005,3.90585e-004,-2.09961e-002,1.41602e-001,1.06445e+000,-1.09756e+001,3.28659e+001,-1.39024e+001
-7.57000e-005,3.54330e-004,-1.51367e-002,1.35742e-001,1.04199e+000,-1.07317e+001,3.32927e+001,-1.23780e+001
-7.31823e-005,2.86183e-004,-3.41797e-003,1.28418e-001,1.00098e+000,-1.10976e+001,3.29268e+001,-1.14634e+001
-6.36149e-005,9.58419e-005,-4.88281e-004,1.26465e-001,9.90723e-001,-1.12805e+001,3.23780e+001,-1.06098e+001
-5.52224e-005,-2.22400e-004,-4.88281e-003,1.11816e-001,9.99023e-001,-1.15244e+001,3.11585e+001,-9.87805e+000
-5.28725e-005,-3.97803e-004,-1.12305e-002,1.08887e-001,1.01904e+000,-1.33537e+001,2.81707e+001,-8.10976e+000
-3.97803e-005,-2.77958e-004,-1.51367e-002,1.13281e-001,1.06885e+000,-1.45122e+001,2.60976e+001,-7.01220e+000
-1.32601e-005,-2.70069e-004,-1.56250e-002,1.14258e-001,1.10254e+000,-1.81707e+001,2.19512e+001,-5.18293e+000
-6.21042e-006,-2.17700e-004,-3.36914e-002,1.09863e-001,1.15381e+000,-2.31707e+001,2.04268e+001,-3.96341e+000
-1.49386e-005,-6.21042e-006,-4.68750e-002,1.05469e-001,1.15674e+000,-2.42683e+001,1.83537e+001,-3.78049e+000
8.39246e-006,6.83146e-005,-5.51758e-002,8.78906e-002,1.14111e+000,-2.50610e+001,1.24390e+001,-4.63415e+000
1.81277e-005,3.54162e-005,-6.44531e-002,8.39844e-002,1.08740e+000,-2.35366e+001,9.39024e+000,-5.00000e+000
2.33310e-005,3.86053e-006,-7.03125e-002,7.32422e-002,9.74121e-001,-2.14634e+001,2.13415e+000,-5.67073e+000
5.25368e-005,-5.70687e-005,-8.78906e-002,6.68945e-002,9.23340e-001,-2.05488e+001,-1.82927e+000,-5.85366e+000
7.23430e-005,-1.07256e-004,-1.50879e-001,5.17578e-002,8.46680e-001,-1.89024e+001,-1.05488e+001,-5.91463e+000
8.09033e-005,-7.70428e-005,-1.86035e-001,3.27148e-002,8.12012e-001,-1.79268e+001,-1.45122e+001,-5.54878e+000
8.86244e-005,-2.36667e-005,-2.52930e-001,2.44141e-003,7.65137e-001,-1.60366e+001,-2.21341e+001,-4.51220e+000
8.52674e-005,1.60128e-004,-2.78320e-001,-1.66016e-002,7.47559e-001,-1.46341e+001,-2.64634e+001,-4.39024e+000
6.29435e-005,3.76654e-004,-3.10059e-001,-6.34766e-002,6.74805e-001,-1.20122e+001,-3.38415e+001,-4.26829e+000
4.17945e-005,2.49592e-004,-3.12012e-001,-8.20313e-002,6.26465e-001,-1.14024e+001,-3.80488e+001,-4.14634e+000
1.39315e-005,3.81018e-005,-2.93457e-001,-1.15234e-001,5.61035e-001,-9.93902e+000,-4.66463e+001,-4.20732e+000
-1.57778e-005,1.10781e-005,-2.55371e-001,-1.35254e-001,5.59570e-001,-1.02439e+001,-5.14634e+001,-4.32927e+000
-4.44800e-005,-5.22011e-005,-2.29492e-001,-1.36719e-001,5.69824e-001,-1.15244e+001,-6.05488e+001,-4.45122e+000
-4.44800e-005,-1.43847e-004,-1.64551e-001,-1.13281e-001,6.12305e-001,-1.18293e+001,-6.42683e+001,-4.63415e+000
-4.85084e-005,-9.21492e-005,-1.29883e-001,-8.98438e-002,6.44531e-001,-1.31707e+001,-6.98171e+001,-6.15854e+000
-4.88441e-005,2.73594e-005,-6.20117e-002,-2.09961e-002,7.41211e-001,-1.37805e+001,-7.25610e+001,-7.56098e+000
-3.84375e-005,1.32769e-004,-4.10156e-002,2.09961e-002,7.76367e-001,-1.42683e+001,-7.79878e+001,-1.04878e+001
-4.17945e-005,8.71138e-005,-1.61133e-002,9.17969e-002,8.29102e-001,-1.44512e+001,-8.09756e+001,-1.18293e+001
-5.82437e-005,-1.04234e-004,-1.26953e-002,1.12305e-001,8.59375e-001,-1.51829e+001,-8.87195e+001,-1.35366e+001
-5.32082e-005,-1.81781e-004,-3.41797e-002,1.30371e-001,8.59863e-001,-1.30488e+001,-9.53049e+001,-1.42683e+001
-2.46738e-005,-1.90509e-004,-4.93164e-002,1.28906e-001,8.49121e-001,-1.22561e+001,-9.93293e+001,-1.43902e+001
5.53903e-006,-3.05486e-005,-8.59375e-002,1.09863e-001,8.12500e-001,-1.04878e+001,-1.06220e+002,-1.45732e+001
1.25887e-005,1.46029e-005,-9.32617e-002,8.88672e-002,7.95410e-001,-1.06707e+001,-1.09878e+002,-1.40244e+001
-8.05676e-006,1.93027e-005,-9.96094e-002,4.78516e-002,7.91504e-001,-1.14634e+001,-1.16037e+002,-1.29878e+001
-2.04776e-005,1.59625e-004,-9.27734e-002,2.97852e-002,8.09570e-001,-1.25000e+001,-1.19268e+002,-1.26220e+001
-1.09102e-005,2.65034e-004,-6.34766e-002,-9.76563e-003,8.54004e-001,-1.39634e+001,-1.24939e+002,-1.19512e+001
-1.94705e-005,3.39559e-004,-4.00391e-002,-1.46484e-002,8.72070e-001,-1.50000e+001,-1.27622e+002,-1.18293e+001
-1.17494e-005,3.02632e-004,9.76563e-003,-2.24609e-002,9.03320e-001,-1.57927e+001,-1.32500e+002,-1.19512e+001
4.01160e-005,1.23369e-004,3.56445e-002,-1.90430e-002,9.17969e-001,-1.59146e+001,-1.34451e+002,-1.20732e+001
4.81727e-005,-5.08583e-005,7.03125e-002,-6.34766e-003,9.41406e-001,-1.57927e+001,-1.37195e+002,-1.25000e+001
1.22530e-005,-7.55322e-006,8.39844e-002,1.46484e-003,9.40430e-001,-1.51829e+001,-1.38293e+002,-1.28659e+001
-1.71206e-005,2.85344e-005,1.21582e-001,1.07422e-002,9.22852e-001,-1.38415e+001,-1.39207e+002,-1.32317e+001
-1.79599e-005,-3.77661e-005,1.26465e-001,2.49023e-002,8.79395e-001,-1.34756e+001,-1.39634e+002,-1.31098e+001
4.49836e-005,-8.77852e-005,1.21094e-001,3.41797e-002,8.53027e-001,-1.23171e+001,-1.40488e+002,-1.28659e+001
9.44991e-005,-3.94446e-005,1.09863e-001,3.80859e-002,8.21289e-001,-1.20122e+001,-1.41159e+002,-1.26829e+001
6.04257e-005,7.13359e-005,1.00586e-001,3.85742e-002,8.13477e-001,-1.16463e+001,-1.43780e+002,-1.22561e+001
-3.70947e-005,2.10315e-004,8.88672e-002,3.22266e-002,7.97363e-001,-1.06098e+001,-1.44390e+002,-1.17683e+001
-9.09743e-005,2.19715e-004,7.81250e-002,2.63672e-002,7.87598e-001,-9.87805e+000,-1.45732e+002,-1.05488e+001
-1.18334e-004,-1.15816e-005,7.86133e-002,6.34766e-003,7.54395e-001,-1.00610e+001,-1.46646e+002,-1.01829e+001
-1.11116e-004,-2.47242e-004,6.88477e-002,-4.39453e-003,7.23145e-001,-8.78049e+000,-1.48415e+002,-1.06098e+001
-9.90311e-005,-1.87488e-004,3.66211e-002,-2.63672e-002,6.45508e-001,-8.29268e+000,-1.50549e+002,-1.23171e+001
-1.53582e-004,-4.98512e-005,1.70898e-002,-3.75977e-002,6.07422e-001,-7.68293e+000,-1.51707e+002,-1.34756e+001
-1.79431e-004,3.25628e-005,-3.90625e-002,-5.41992e-002,5.57129e-001,-5.67073e+000,-1.52866e+002,-1.49390e+001
-1.13634e-004,8.91279e-005,-6.88477e-002,-6.10352e-002,5.44434e-001,-4.39024e+000,-1.52927e+002,-1.54878e+001
-5.99222e-005,2.93736e-005,-1.31348e-001,-6.88477e-002,5.28809e-001,-1.52439e+000,-1.54573e+002,-1.62195e+001
-8.87923e-005,-1.94705e-005,-1.61133e-001,-7.08008e-002,5.24414e-001,4.26829e-001,-1.55427e+002,-1.65244e+001
-8.10712e-005,-2.18708e-004,-2.02637e-001,-5.56641e-002,5.07324e-001,4.02439e+000,-1.57744e+002,-1.69512e+001
-1.00206e-004,-3.82025e-004,-2.19727e-001,-4.34570e-002,4.98535e-001,5.67073e+000,-1.59329e+002,-1.72561e+001
-4.68299e-005,-2.31128e-004,-2.30957e-001,-1.22070e-002,4.82910e-001,8.23171e+000,-1.62622e+002,-1.81098e+001
5.08583e-005,-3.77661e-005,-2.31445e-001,2.92969e-003,4.80957e-001,8.90244e+000,-1.63171e+002,-1.79878e+001
4.64942e-005,-1.34279e-005,-1.91406e-001,2.92969e-002,4.98047e-001,9.93902e+000,-1.61159e+002,-1.64634e+001
2.66880e-005,-3.20592e-005,-1.44043e-001,3.85742e-002,5.19043e-001,1.00610e+001,-1.60000e+002,-1.46951e+001
7.23430e-005,-6.88182e-005,-7.32422e-003,4.49219e-002,5.65430e-001,9.63415e+000,-1.55671e+002,-9.14634e+000
1.74731e-004,-1.32601e-004,1.67969e-001,3.66211e-002,6.08887e-001,9.57317e+000,-1.51524e+002,-5.73171e+000
2.15351e-004,-1.67346e-004,2.68066e-001,3.56445e-002,6.28906e-001,1.06707e+001,-1.38902e+002,1.28049e+000
1.60967e-004,-1.67681e-004,4.71680e-001,2.58789e-002,6.63574e-001,1.09146e+001,-1.31159e+002,4.02439e+000
8.84566e-005,-1.44518e-004,5.70313e-001,2.29492e-002,6.82129e-001,1.26829e+001,-1.10549e+002,9.02439e+000
4.34730e-005,-9.44991e-005,7.40723e-001,7.81250e-003,6.95313e-001,1.37805e+001,-9.89024e+001,1.01220e+001
3.70947e-005,-1.67849e-005,8.17383e-001,2.92969e-003,7.06543e-001,1.53049e+001,-7.36585e+001,1.14024e+001
1.96384e-005,7.25109e-005,9.36035e-001,-8.78906e-003,7.02637e-001,1.68293e+001,-6.02439e+001,1.13415e+001
-1.30922e-005,1.53246e-004,9.76074e-001,-1.17188e-002,6.89941e-001,1.87195e+001,-3.42683e+001,9.57317e+000
-6.22721e-005,1.61975e-004,1.01855e+000,-1.95313e-002,6.70898e-001,2.02439e+001,-1.10366e+001,6.70732e+000
-7.93927e-005,9.03029e-005,1.01758e+000,-2.14844e-002,6.69434e-001,2.03659e+001,-9.14634e-001,4.63415e+000
-8.37568e-005,5.58938e-005,9.80469e-001,-2.29492e-002,6.94824e-001,2.18293e+001,1.90244e+001,7.92683e-001
-1.11284e-004,4.78370e-005,9.48730e-001,-2.24609e-002,7.18750e-001,2.18293e+001,2.81707e+001,-1.09756e+000
-9.70169e-005,3.99481e-005,8.58887e-001,-2.44141e-002,7.59766e-001,2.57317e+001,4.60976e+001,-5.48780e+000
-7.53643e-005,9.36599e-005,8.04199e-001,-1.56250e-002,7.58301e-001,2.73780e+001,5.37805e+001,-7.92683e+000
-7.10002e-005,3.45769e-005,6.82617e-001,1.46484e-003,7.08496e-001,2.98780e+001,6.61585e+001,-1.23171e+001
-4.73335e-005,-4.48157e-005,6.11328e-001,1.66016e-002,6.70410e-001,3.00610e+001,6.99390e+001,-1.42683e+001
-2.70237e-005,7.87213e-005,4.66797e-001,3.32031e-002,6.24512e-001,2.79268e+001,7.33537e+001,-1.65244e+001
-2.66880e-005,1.37972e-004,3.95508e-001,3.90625e-002,6.12793e-001,2.66463e+001,7.39024e+001,-1.71341e+001
-4.12909e-005,-5.08583e-005,2.48047e-001,4.44336e-002,6.04980e-001,2.44512e+001,7.33537e+001,-1.70732e+001
-1.84634e-005,-2.95583e-004,1.78711e-001,4.49219e-002,6.12305e-001,2.39024e+001,7.26829e+001,-1.73780e+001
1.86313e-005,-9.31563e-005,6.64063e-002,3.41797e-002,6.38184e-001,2.32317e+001,7.17073e+001,-1.78049e+001
-3.25628e-005,3.02968e-004,-3.85742e-002,3.36914e-002,6.46973e-001,2.37195e+001,7.22561e+001,-1.81098e+001
-4.71656e-005,2.91722e-004,-8.00781e-002,2.97852e-002,6.61621e-001,2.26220e+001,7.25610e+001,-1.79268e+001
-2.97093e-005,1.92187e-004,-1.43066e-001,2.88086e-002,6.98242e-001,2.19512e+001,7.36585e+001,-1.77439e+001
-1.79599e-005,1.67681e-004,-1.52344e-001,2.97852e-002,7.24121e-001,2.03049e+001,7.62195e+001,-1.71341e+001
2.63523e-005,1.37804e-004,-1.59180e-001,1.66016e-002,7.57324e-001,1.90854e+001,7.73171e+001,-1.64024e+001
4.38087e-005,5.15297e-005,-1.51367e-001,2.05078e-002,7.86133e-001,1.79878e+001,7.72561e+001,-1.50610e+001
2.03098e-005,-2.53452e-005,-1.31836e-001,2.29492e-002,8.23242e-001,1.73171e+001,7.65854e+001,-1.40854e+001
1.72885e-005,-9.81918e-005,-1.25000e-001,2.78320e-002,8.41309e-001,1.55488e+001,7.27439e+001,-1.17683e+001
2.87022e-005,-1.04234e-004,-9.71680e-002,3.51563e-002,9.05762e-001,1.28659e+001,6.65244e+001,-9.69512e+000
2.76951e-005,-1.12627e-004,-7.61719e-002,3.56445e-002,9.31641e-001,1.17683e+001,6.27439e+001,-8.04878e+000
3.86053e-005,-1.31426e-004,-3.61328e-002,3.41797e-002,9.97070e-001,9.75610e+000,5.65244e+001,-5.85366e+000
2.73594e-005,-1.35119e-004,-1.12305e-002,3.51563e-002,1.03516e+000,8.47561e+000,5.37805e+001,-4.26829e+000
1.51064e-006,-1.09773e-004,3.22266e-002,3.85742e-002,1.10791e+000,6.34146e+000,4.67073e+001,-1.34146e+000
2.45060e-005,-6.76432e-005,4.49219e-002,4.05273e-002,1.14209e+000,5.67073e+000,4.24390e+001,6.09756e-001
2.40024e-005,-4.44800e-005,6.68945e-002,7.17773e-002,1.19580e+000,3.71951e+000,2.82317e+001,4.81707e+000
6.04257e-006,-2.85344e-005,5.76172e-002,1.09863e-001,1.25146e+000,1.46341e+000,1.81707e+001,7.13415e+000
4.36408e-006,-4.85084e-005,1.61133e-002,1.87500e-001,1.39893e+000,-5.30488e+000,-1.03659e+001,1.01829e+001
-3.65911e-005,-1.02892e-004,-1.66016e-002,2.36328e-001,1.46973e+000,-8.23171e+000,-2.65854e+001,1.06707e+001
-8.54353e-005,-6.39506e-005,-1.13770e-001,3.08105e-001,1.52686e+000,-1.14634e+001,-6.26220e+001,7.07317e+000
-7.73785e-005,-8.89601e-006,-1.82129e-001,3.22266e-001,1.46777e+000,-1.03049e+001,-7.92683e+001,3.96341e+000
-7.82177e-005,3.64233e-005,-3.13965e-001,3.08105e-001,1.23193e+000,-6.95122e+000,-1.04756e+002,1.82927e-001
-7.46929e-005,4.31373e-005,-3.33008e-001,2.26563e-001,1.04834e+000,-5.91463e+000,-1.13841e+002,1.09756e+000
-7.46929e-005,1.72885e-005,-2.98828e-001,1.76758e-001,1.01807e+000,-5.48780e+000,-1.25915e+002,6.03659e+000
-5.32082e-005,2.40024e-005,-2.03613e-001,8.54492e-002,1.03516e+000,-6.09756e+000,-1.30244e+002,9.51220e+000
1.07424e-005,4.14588e-005,-1.60645e-001,4.98047e-002,1.06982e+000,-6.76829e+000,-1.37378e+002,1.50610e+001
1.57778e-005,7.55322e-006,-5.32227e-002,-2.44141e-003,1.16455e+000,-7.43902e+000,-1.37805e+002,1.78659e+001
1.32601e-005,-6.07614e-005,2.88086e-002,-2.49023e-002,1.19092e+000,-6.40244e+000,-1.29390e+002,2.71341e+001
2.09812e-005,-1.32097e-004,2.50000e-001,-5.61523e-002,1.20996e+000,-5.91463e+000,-1.20671e+002,3.34146e+001
-1.02388e-005,-1.42504e-004,3.81348e-001,-7.47070e-002,1.21143e+000,-4.14634e+000,-9.93293e+001,4.56707e+001
-5.89151e-005,-8.37568e-005,6.21582e-001,-1.17188e-001,1.18457e+000,-6.70732e-001,-7.68902e+001,5.37805e+001
-2.55131e-005,-5.06905e-005,7.29492e-001,-1.34766e-001,1.16406e+000,1.21951e+000,-6.58537e+001,5.53659e+001
6.54612e-006,1.54421e-005,8.95020e-001,-1.42578e-001,1.12500e+000,4.87805e+000,-4.62195e+001,5.46341e+001
3.69268e-006,6.49577e-005,9.46289e-001,-1.40625e-001,1.11035e+000,6.34146e+000,-3.75610e+001,5.30488e+001
4.31373e-005,6.83146e-005,9.89258e-001,-1.19141e-001,1.07373e+000,8.47561e+000,-2.25610e+001,4.81098e+001
8.10712e-005,3.20592e-005,9.80957e-001,-9.91211e-002,1.05322e+000,8.71951e+000,-1.70732e+001,4.53049e+001
3.10521e-005,2.23239e-005,9.00879e-001,-6.20117e-002,1.03906e+000,8.53659e+000,-8.47561e+000,3.87805e+001
-3.69268e-005,5.01869e-005,8.40332e-001,-3.71094e-002,1.04492e+000,8.53659e+000,-5.12195e+000,3.54878e+001
-6.26078e-005,1.31762e-004,6.85059e-001,1.61133e-002,1.07471e+000,9.32927e+000,-2.13415e+000,3.01220e+001
-3.64233e-005,1.48882e-004,5.96191e-001,4.05273e-002,1.08789e+000,1.02439e+001,-1.64634e+000,2.72561e+001
-1.19173e-005,7.57000e-005,4.20898e-001,9.17969e-002,1.09912e+000,1.07927e+001,-2.19512e+000,2.31707e+001
-1.96384e-005,-2.19883e-005,3.38379e-001,1.14258e-001,1.10205e+000,1.05488e+001,-2.92683e+000,2.15854e+001
-1.99741e-005,-1.40322e-004,2.05566e-001,1.39648e-001,1.09912e+000,9.26829e+000,-4.51220e+000,1.95122e+001
-1.19173e-005,-1.09270e-004,1.11816e-001,1.45508e-001,1.10352e+000,8.29268e+000,-5.79268e+000,1.85976e+001
-2.45060e-005,2.66880e-005,7.76367e-002,1.37695e-001,1.10205e+000,5.97561e+000,-8.90244e+000,1.69512e+001
-3.79339e-005,-1.91348e-005,4.34570e-002,1.22070e-001,1.09424e+000,4.81707e+000,-1.08537e+001,1.63415e+001
5.03548e-007,-7.43572e-005,4.15039e-002,1.05957e-001,1.08740e+000,1.40244e+000,-1.54878e+001,1.62195e+001
4.64942e-005,-7.93927e-005,5.71289e-002,7.81250e-002,1.07910e+000,2.43902e-001,-1.75000e+001,1.59756e+001
3.37377e-005,-3.89410e-005,7.91016e-002,6.29883e-002,1.07422e+000,-2.80488e+000,-2.17073e+001,1.59146e+001
1.35958e-005,2.93736e-005,1.33789e-001,2.83203e-002,1.06641e+000,-4.20732e+000,-2.35366e+001,1.56707e+001
1.39315e-005,5.22011e-005,1.67480e-001,1.22070e-002,1.05859e+000,-6.28049e+000,-2.48780e+001,1.52439e+001
-3.57519e-005,2.53452e-005,2.31934e-001,-6.83594e-003,1.04004e+000,-7.68293e+000,-2.43902e+001,1.49390e+001
-7.57000e-005,1.15816e-005,2.64160e-001,-1.22070e-002,1.04199e+000,-8.35366e+000,-2.32927e+001,1.46951e+001
-9.95346e-005,4.04517e-005,3.10059e-001,-1.41602e-002,1.06104e+000,-8.65854e+000,-1.95122e+001,1.31707e+001
-1.05241e-004,4.81727e-005,3.23242e-001,-5.37109e-003,1.05078e+000,-8.53659e+000,-1.69512e+001,1.20732e+001
-6.79789e-005,5.87472e-006,3.42285e-001,2.92969e-003,1.07568e+000,-8.90244e+000,-1.20732e+001,1.01829e+001
-6.26078e-005,-2.76951e-005,3.41309e-001,1.31836e-002,1.08838e+000,-8.53659e+000,-9.39024e+000,9.39024e+000
-1.07591e-004,-2.85344e-006,3.56445e-001,2.63672e-002,1.09131e+000,-6.58537e+000,-2.98780e+000,7.68293e+000
-4.38087e-005,-6.04257e-006,3.58398e-001,3.41797e-002,1.08984e+000,-5.85366e+000,7.31707e-001,6.82927e+000
4.21302e-005,-1.93027e-005,3.57910e-001,3.95508e-002,1.07910e+000,-3.29268e+000,8.53659e+000,4.39024e+000
4.07874e-005,5.87472e-006,3.54980e-001,4.39453e-002,1.07031e+000,-1.58537e+000,1.33537e+001,3.59756e+000
-1.30922e-005,6.04257e-006,3.46680e-001,4.78516e-002,1.05322e+000,9.75610e-001,2.32927e+001,1.21951e+000
-4.91798e-005,1.05745e-005,3.42773e-001,4.39453e-002,1.04395e+000,2.62195e+000,2.83537e+001,6.09756e-002
-6.04257e-006,-8.56031e-006,3.37402e-001,4.88281e-002,1.00830e+000,5.36585e+000,3.95122e+001,-2.25610e+000
6.02579e-005,2.78630e-005,3.44727e-001,4.83398e-002,9.68750e-001,6.76829e+000,4.53049e+001,-3.41463e+000
7.36858e-005,8.50996e-005,3.39355e-001,4.63867e-002,9.54102e-001,9.14634e+000,5.84146e+001,-4.81707e+000
4.95155e-005,3.94446e-005,3.29590e-001,4.00391e-002,9.37988e-001,1.03659e+001,6.56707e+001,-5.30488e+000
4.28016e-005,-2.08133e-005,3.33984e-001,4.34570e-002,9.33105e-001,1.31707e+001,7.93293e+001,-6.46341e+000
1.12459e-005,-2.08133e-005,3.43750e-001,4.54102e-002,9.16992e-001,1.47561e+001,8.55488e+001,-7.43902e+000
-6.59647e-005,3.45769e-005,3.47656e-001,5.17578e-002,9.13086e-001,1.72561e+001,9.79268e+001,-9.75610e+000
-1.03731e-004,8.07355e-005,3.60840e-001,6.20117e-002,9.39941e-001,1.80488e+001,1.03293e+002,-1.09146e+001
-7.95605e-005,1.89670e-005,3.58887e-001,6.15234e-002,9.55078e-001,1.92073e+001,1.14146e+002,-1.18293e+001
-5.23690e-005,5.03548e-007,3.53516e-001,7.08008e-002,9.32617e-001,2.20122e+001,1.27073e+002,-1.16463e+001
-5.05226e-005,-8.05676e-006,3.54492e-001,7.71484e-002,9.29199e-001,2.28049e+001,1.32500e+002,-1.31098e+001
-5.69009e-005,-1.02388e-004,3.40332e-001,9.52148e-002,9.63379e-001,2.50610e+001,1.42378e+002,-1.70122e+001
-9.11421e-005,-8.22461e-005,3.21289e-001,1.03516e-001,9.80957e-001,2.64024e+001,1.46402e+002,-1.89634e+001
-9.95346e-005,5.25368e-005,2.85156e-001,1.07910e-001,9.85840e-001,2.97561e+001,1.53049e+002,-2.00000e+001
-9.08064e-005,1.46029e-005,2.83691e-001,1.06934e-001,9.82910e-001,3.15854e+001,1.55793e+002,-1.99390e+001
-4.19623e-005,-1.10109e-004,3.05664e-001,1.05469e-001,9.79980e-001,3.42073e+001,1.61829e+002,-1.98171e+001
2.18204e-006,-1.06249e-004,3.13965e-001,1.08398e-001,9.79492e-001,3.48171e+001,1.65183e+002,-2.04268e+001
-2.85344e-006,-3.64233e-005,3.15430e-001,1.04004e-001,9.92676e-001,3.41463e+001,1.69756e+002,-2.29268e+001
7.23430e-005,-1.89670e-005,3.03223e-001,1.04004e-001,1.00488e+000,3.42073e+001,1.71280e+002,-2.43902e+001
1.19677e-004,-2.18204e-006,2.69043e-001,1.05469e-001,9.98535e-001,3.46951e+001,1.72195e+002,-2.82317e+001
6.69719e-005,1.13802e-004,2.43164e-001,1.05469e-001,9.89258e-001,3.48780e+001,1.71524e+002,-2.98780e+001
-2.34989e-006,3.85214e-004,1.87988e-001,1.05469e-001,9.60449e-001,3.38415e+001,1.69146e+002,-3.29268e+001
-4.17945e-005,1.16991e-004,1.17676e-001,1.07910e-001,9.27734e-001,3.31707e+001,1.67317e+002,-3.40244e+001
-5.53903e-006,-1.67010e-004,8.10547e-002,1.01563e-001,9.21387e-001,3.10976e+001,1.61098e+002,-3.56098e+001
4.21302e-005,-1.19341e-004,1.02539e-002,1.04980e-001,9.04785e-001,3.01829e+001,1.57256e+002,-3.53659e+001
5.70687e-005,-6.21042e-006,-2.63672e-002,1.07422e-001,8.94531e-001,2.69512e+001,1.48659e+002,-3.54268e+001
3.20592e-005,2.93736e-005,-8.83789e-002,1.07910e-001,8.87695e-001,2.57317e+001,1.45000e+002,-3.48780e+001
-4.53193e-006,1.34279e-005,-1.13281e-001,1.06934e-001,8.89648e-001,2.21341e+001,1.36890e+002,-3.37805e+001
-7.21752e-006,-4.51514e-005,-1.33301e-001,1.09375e-001,8.92578e-001,2.06098e+001,1.32683e+002,-3.29268e+001
1.00710e-006,-7.40215e-005,-1.39160e-001,1.11816e-001,8.93555e-001,1.67073e+001,1.24573e+002,-3.13415e+001
1.19173e-005,5.20333e-006,-1.47949e-001,1.04980e-001,9.35059e-001,1.35366e+001,1.15732e+002,-3.06098e+001
-1.67849e-007,5.25368e-005,-1.44531e-001,9.96094e-002,9.49707e-001,1.21951e+001,1.12073e+002,-2.95732e+001
-2.26596e-005,-2.71916e-005,-1.25000e-001,9.22852e-002,9.36035e-001,9.26829e+000,1.04573e+002,-2.70732e+001
-2.97093e-005,-8.54353e-005,-1.10840e-001,8.64258e-002,9.15039e-001,8.23171e+000,1.00488e+002,-2.62195e+001
-2.83665e-005,-1.10277e-004,-8.30078e-002,8.64258e-002,8.80859e-001,6.76829e+000,9.37195e+001,-2.58537e+001
-4.11231e-005,-9.81918e-005,-7.27539e-002,9.32617e-002,8.74512e-001,6.03659e+000,9.14634e+001,-2.64634e+001
-2.90379e-005,-7.23430e-005,-4.98047e-002,9.32617e-002,8.90137e-001,4.26829e+000,8.84146e+001,-2.75000e+001
1.29244e-005,-5.38796e-005,-4.15039e-002,9.32617e-002,9.14063e-001,3.71951e+000,8.73171e+001,-2.76829e+001
-6.54612e-006,-1.56100e-005,-1.51367e-002,9.13086e-002,9.52148e-001,2.43902e+000,8.59756e+001,-2.77439e+001
-3.47448e-005,-3.27306e-005,-1.46484e-003,9.08203e-002,9.65332e-001,2.92683e+000,8.61585e+001,-2.75000e+001
4.36408e-006,-3.47448e-005,2.14844e-002,9.42383e-002,9.61914e-001,3.04878e+000,8.48171e+001,-2.56098e+001
2.97093e-005,-1.32601e-005,3.36914e-002,9.52148e-002,9.53613e-001,3.29268e+000,8.31707e+001,-2.44512e+001
-2.29953e-005,1.15816e-005,6.00586e-002,9.17969e-002,9.26758e-001,4.81707e+000,8.03049e+001,-2.19512e+001
-8.24140e-005,1.22530e-005,6.29883e-002,8.34961e-002,9.22852e-001,4.75610e+000,7.92683e+001,-2.06098e+001
-6.79789e-005,-2.26596e-005,5.51758e-002,7.91016e-002,9.22852e-001,5.30488e+000,7.70732e+001,-1.82317e+001
2.71916e-005,-7.63714e-005,3.85742e-002,7.08008e-002,9.41406e-001,5.30488e+000,7.60366e+001,-1.73171e+001
4.68299e-005,-8.50996e-005,2.73438e-002,6.34766e-002,9.48730e-001,5.42683e+000,7.50000e+001,-1.57317e+001
-4.86763e-006,-4.39765e-005,1.22070e-002,5.66406e-002,9.51660e-001,6.03659e+000,7.43293e+001,-1.56098e+001
-5.15297e-005,1.59457e-005,1.31836e-002,5.12695e-002,9.54102e-001,5.91463e+000,7.21951e+001,-1.53049e+001
-8.67781e-005,6.21042e-006,1.70898e-002,4.58984e-002,9.45313e-001,5.67073e+000,7.14024e+001,-1.48780e+001
-6.73075e-005,2.65202e-005,2.09961e-002,4.63867e-002,9.44824e-001,4.87805e+000,6.96951e+001,-1.45732e+001
-5.53903e-006,7.48608e-005,1.66016e-002,4.78516e-002,9.74121e-001,2.80488e+000,6.81098e+001,-1.48780e+001
-8.72816e-006,-4.11231e-005,1.61133e-002,4.44336e-002,9.87305e-001,1.70732e+000,6.73781e+001,-1.46951e+001
-2.83665e-005,-8.03998e-005,1.51367e-002,4.58984e-002,9.94629e-001,-3.04878e-001,6.32317e+001,-1.43293e+001
-4.01160e-005,-6.46220e-005,1.26953e-002,5.02930e-002,9.83887e-001,-7.92683e-001,6.06098e+001,-1.41463e+001
-1.69528e-005,-3.54162e-005,-5.85938e-003,4.88281e-002,9.37500e-001,-9.75610e-001,5.57317e+001,-1.37195e+001
1.12459e-005,-1.96384e-005,-1.41602e-002,4.78516e-002,9.14063e-001,-9.14634e-001,5.30488e+001,-1.38415e+001
2.51774e-006,-5.95865e-005,-3.51563e-002,4.88281e-002,8.47168e-001,-9.14634e-001,4.81098e+001,-1.34756e+001
2.18204e-006,-3.10521e-005,-4.19922e-002,4.98047e-002,8.28125e-001,-1.03659e+000,4.53659e+001,-1.34756e+001
-5.53903e-006,1.39315e-005,-6.34766e-002,5.46875e-002,8.04199e-001,-1.40244e+000,4.06707e+001,-1.33537e+001
-8.22461e-006,2.80308e-005,-7.08008e-002,5.17578e-002,8.01270e-001,-1.52439e+000,3.82927e+001,-1.32927e+001
1.14137e-005,2.03098e-005,-7.03125e-002,3.56445e-002,7.87109e-001,-1.76829e+000,3.37195e+001,-1.22561e+001
-3.35698e-006,1.98062e-005,-6.49414e-002,3.51563e-002,7.76855e-001,-2.07317e+000,3.18293e+001,-1.10976e+001
-1.49386e-005,-6.71397e-007,-4.34570e-002,1.70898e-002,7.67090e-001,-2.07317e+000,2.93902e+001,-8.90244e+000
-5.53903e-006,-1.46029e-005,4.88281e-004,7.32422e-003,7.65137e-001,-2.13415e+000,2.89024e+001,-7.86585e+000
-2.93736e-005,-1.25887e-005,2.00195e-002,2.92969e-003,7.68555e-001,-3.47561e+000,2.76829e+001,-5.54878e+000
-1.09102e-005,-1.35958e-005,5.37109e-002,-4.88281e-004,7.70020e-001,-3.90244e+000,2.78049e+001,-4.81707e+000
-2.80308e-005,2.58488e-005,6.98242e-002,-1.02539e-002,7.68555e-001,-4.57317e+000,2.87805e+001,-3.65854e+000
1.19173e-005,8.10712e-005,9.37500e-002,-1.02539e-002,7.53906e-001,-4.08537e+000,2.92683e+001,-3.29268e+000
5.80758e-005,7.75463e-005,1.01563e-001,-1.02539e-002,7.40234e-001,-3.29268e+000,2.94512e+001,-3.59756e+000
6.09293e-005,4.41444e-005,9.22852e-002,9.76563e-004,7.28027e-001,-2.50000e+000,2.97561e+001,-3.84146e+000
5.25368e-005,2.38346e-005,8.34961e-002,1.66016e-002,7.24121e-001,-8.53659e-001,2.93293e+001,-4.45122e+000
1.07424e-005,4.19623e-006,5.51758e-002,3.90625e-002,7.16309e-001,-6.70732e-001,2.65854e+001,-5.12195e+000
-3.67590e-005,-3.02129e-006,3.46680e-002,4.88281e-002,7.19727e-001,-5.48781e-001,2.48171e+001,-5.24390e+000
-1.56100e-005,-6.37827e-006,-1.36719e-002,5.90820e-002,7.17285e-001,-9.14634e-001,2.00610e+001,-4.93902e+000
-2.09812e-005,-1.51064e-006,-3.95508e-002,6.73828e-002,7.19238e-001,-1.28049e+000,1.81707e+001,-4.51220e+000
-6.63004e-005,2.60166e-005,-8.34961e-002,6.83594e-002,7.17773e-001,-1.64634e+000,1.58537e+001,-3.65854e+000
-5.85794e-005,1.76242e-005,-1.04492e-001,6.10352e-002,7.12891e-001,-1.58537e+000,1.50610e+001,-3.17073e+000
-4.68299e-005,-1.76242e-005,-1.36230e-001,3.46680e-002,7.01660e-001,-1.89024e+000,1.14024e+001,-1.58537e+000
-2.83665e-005,-5.87472e-006,-1.41602e-001,1.75781e-002,6.95313e-001,-1.95122e+000,9.45122e+000,-9.75610e-001
-2.18204e-006,3.02129e-006,-1.62598e-001,-1.22070e-002,6.89941e-001,-2.25610e+000,4.08537e+000,6.09756e-002
1.09102e-005,-2.68559e-005,-1.72852e-001,-2.39258e-002,6.88965e-001,-2.43902e+000,1.15854e+000,4.87805e-001
-4.36408e-006,-2.85344e-006,-1.99707e-001,-5.07813e-002,6.87988e-001,-2.25610e+000,-4.63415e+000,4.26829e-001
-1.82956e-005,1.84634e-006,-2.12402e-001,-6.15234e-002,6.82129e-001,-2.31707e+000,-8.17073e+000,1.21951e-001
-1.22530e-005,-7.04967e-006,-2.43652e-001,-7.56836e-002,6.83594e-001,-1.21951e+000,-1.50000e+001,-1.89024e+000
-7.04967e-006,-1.10781e-005,-2.71973e-001,-7.76367e-002,6.82129e-001,-7.31707e-001,-1.82317e+001,-2.98780e+000
-3.03807e-005,-2.66880e-005,-2.84668e-001,-7.76367e-002,6.89941e-001,-3.65854e-001,-2.50000e+001,-5.00000e+000
-2.43381e-005,-1.94705e-005,-2.95410e-001,-7.86133e-002,7.07031e-001,1.82927e-001,-2.89024e+001,-5.60976e+000
-1.32601e-005,-2.43381e-005,-2.97363e-001,-7.08008e-002,7.24609e-001,1.64634e+000,-3.50000e+001,-7.07317e+000
-9.39956e-006,-1.99741e-005,-2.78809e-001,-5.95703e-002,7.40723e-001,1.95122e+000,-3.79268e+001,-6.95122e+000
-2.11490e-005,2.38346e-005,-2.58789e-001,-5.51758e-002,7.46094e-001,3.71951e+000,-4.20732e+001,-7.13415e+000
-3.22271e-005,4.53193e-006,-2.11914e-001,-4.63867e-002,7.62207e-001,5.00000e+000,-4.37195e+001,-7.13415e+000
-4.95155e-005,-2.98772e-005,-1.79199e-001,-3.95508e-002,7.65137e-001,7.13415e+000,-4.71341e+001,-6.46341e+000
-6.86503e-005,-4.33051e-005,-1.32813e-001,-3.75977e-002,7.83203e-001,9.39024e+000,-5.05488e+001,-5.24390e+000
-5.52224e-005,-4.01160e-005,-1.10352e-001,-3.17383e-002,7.93945e-001,1.05488e+001,-5.20122e+001,-4.75610e+000
-1.81277e-005,-2.31632e-005,-7.12891e-002,-1.70898e-002,8.02734e-001,1.29878e+001,-5.54268e+001,-3.29268e+000
1.93027e-005,-4.64942e-005,-5.22461e-002,-9.27734e-003,8.09082e-001,1.35976e+001,-5.59756e+001,-2.68293e+000
2.80308e-005,-1.02388e-004,-3.95508e-002,0.00000e+000,7.95410e-001,1.57317e+001,-5.76829e+001,-2.31707e+000
1.67849e-007,-1.31762e-004,-4.34570e-002,1.02539e-002,7.70020e-001,1.70122e+001,-5.90244e+001,-2.80488e+000
-1.04067e-005,-1.49386e-005,-5.71289e-002,2.34375e-002,7.10938e-001,1.95732e+001,-6.19512e+001,-4.32927e+000
-1.52743e-005,8.25818e-005,-7.17773e-002,2.44141e-002,6.78711e-001,2.04268e+001,-6.35366e+001,-5.06098e+000
-2.43381e-005,7.48608e-005,-1.07422e-001,2.58789e-002,6.46484e-001,2.14634e+001,-6.72561e+001,-6.46341e+000
-2.70237e-005,1.85809e-004,-1.24023e-001,1.95313e-002,6.32324e-001,2.23780e+001,-6.95732e+001,-6.95122e+000
-2.33310e-005,1.66171e-004,-1.52344e-001,9.76563e-003,6.18652e-001,2.36585e+001,-7.43902e+001,-7.07317e+000
-1.99741e-005,4.31373e-005,-1.61621e-001,2.44141e-003,6.04980e-001,2.45732e+001,-7.73781e+001,-7.13415e+000
-1.84634e-005,3.03807e-005,-1.79688e-001,-3.41797e-003,5.82031e-001,2.53659e+001,-8.51220e+001,-6.70732e+000
-1.81277e-005,2.04776e-005,-1.89941e-001,-1.07422e-002,5.83008e-001,2.68902e+001,-8.78049e+001,-6.70732e+000
-1.15816e-005,5.32082e-005,-1.89941e-001,-9.27734e-003,6.00098e-001,2.68902e+001,-9.27439e+001,-5.79268e+000
-2.18204e-006,6.54612e-006,-1.85059e-001,-4.39453e-003,6.33301e-001,2.70122e+001,-9.40244e+001,-5.36585e+000
-1.29244e-005,-2.16526e-005,-1.76270e-001,4.88281e-003,6.52344e-001,2.54878e+001,-9.66463e+001,-3.35366e+000
-1.35958e-005,3.37377e-005,-1.46973e-001,2.53906e-002,6.90430e-001,2.49390e+001,-9.77439e+001,-2.19512e+000
8.56031e-006,3.13878e-005,-1.27441e-001,3.95508e-002,7.04102e-001,2.36585e+001,-9.93293e+001,9.14634e-001
1.52743e-005,-9.39956e-006,-7.71484e-002,7.08008e-002,7.04102e-001,2.26829e+001,-9.96341e+001,2.07317e+000
1.62814e-005,2.13169e-005,-5.07813e-002,8.39844e-002,6.97266e-001,2.12805e+001,-1.00427e+002,3.96341e+000
3.50805e-005,-8.22461e-006,4.88281e-004,1.07910e-001,6.99219e-001,2.00000e+001,-1.01768e+002,4.87805e+000
3.91089e-005,-2.09812e-005,2.24609e-002,1.20605e-001,7.13379e-001,1.81707e+001,-1.02744e+002,5.12195e+000
6.44541e-005,-1.82956e-005,5.71289e-002,1.44531e-001,7.70020e-001,1.45732e+001,-1.03110e+002,6.21951e+000
9.68490e-005,-2.13169e-005,7.56836e-002,1.49902e-001,8.04199e-001,1.25610e+001,-1.02317e+002,6.95122e+000
8.37568e-005,-2.70237e-005,9.76563e-002,1.67969e-001,8.71094e-001,8.35366e+000,-1.01585e+002,8.78049e+000
8.71138e-005,-3.92767e-005,1.15234e-001,1.70410e-001,8.99902e-001,6.70732e+000,-1.01159e+002,9.69512e+000
9.34920e-005,5.22011e-005,1.39648e-001,1.66016e-001,9.18457e-001,5.06098e+000,-1.00976e+002,1.10366e+001
7.46929e-005,9.85275e-005,1.57715e-001,1.68457e-001,9.09668e-001,4.81707e+000,-1.00244e+002,1.14634e+001
-3.30663e-005,-6.54612e-006,1.84570e-001,1.59180e-001,8.72070e-001,4.08537e+000,-9.82927e+001,1.23780e+001
-1.74731e-004,-4.71656e-005,1.87500e-001,1.57227e-001,8.50098e-001,4.51220e+000,-9.61585e+001,1.28659e+001
-2.53620e-004,-7.23430e-005,1.93848e-001,1.49414e-001,7.78320e-001,4.08537e+000,-9.14634e+001,1.38415e+001
-2.12833e-004,-1.61135e-004,1.99219e-001,1.43066e-001,7.45117e-001,3.59756e+000,-8.78049e+001,1.45122e+001
-1.80270e-004,-9.68490e-005,2.06543e-001,1.37207e-001,6.99707e-001,1.76829e+000,-7.85976e+001,1.50000e+001
-1.71038e-004,-8.81209e-005,2.16309e-001,1.25000e-001,6.42090e-001,6.70732e-001,-7.24390e+001,1.48171e+001
-1.24041e-004,-1.51064e-006,2.18750e-001,1.16699e-001,6.15723e-001,-6.09756e-001,-5.79268e+001,1.40854e+001
-4.22980e-005,1.94873e-004,2.31445e-001,1.03027e-001,5.69824e-001,-1.03659e+000,-4.96951e+001,1.35366e+001
1.32601e-005,2.38010e-004,2.32422e-001,9.08203e-002,5.55176e-001,-1.52439e+000,-3.20122e+001,1.25610e+001
5.08583e-005,3.05318e-004,2.20703e-001,7.27539e-002,5.50293e-001,-1.21951e+000,-2.24390e+001,1.18902e+001
7.23430e-005,2.51102e-004,2.20215e-001,6.59180e-002,5.59570e-001,-8.53659e-001,-5.24390e+000,1.09146e+001
1.04570e-004,9.56741e-005,2.11426e-001,6.93359e-002,6.22559e-001,-1.03659e+000,2.13415e+000,1.07927e+001
1.04570e-004,-2.19883e-005,2.10938e-001,6.78711e-002,6.80176e-001,-1.15854e+000,1.53659e+001,1.09756e+001
9.36599e-005,-2.01419e-005,1.91895e-001,8.15430e-002,8.19336e-001,-2.80488e+000,2.68902e+001,1.20122e+001
1.01213e-004,2.60166e-005,1.87012e-001,9.22852e-002,9.17480e-001,-4.93902e+000,3.14634e+001,1.28049e+001
3.07164e-005,-4.80049e-005,1.89453e-001,1.18652e-001,1.15625e+000,-8.71951e+000,3.79268e+001,1.49390e+001
-1.01884e-004,-2.76783e-004,1.96289e-001,1.33789e-001,1.25195e+000,-1.07317e+001,4.00000e+001,1.65244e+001
-2.66712e-004,-1.32601e-005,1.98730e-001,1.78223e-001,1.39307e+000,-1.59146e+001,3.73171e+001,1.96341e+001
-3.34188e-004,4.48157e-004,2.02637e-001,1.98242e-001,1.43750e+000,-1.81098e+001,3.42683e+001,2.12805e+001
-2.02258e-004,4.00656e-004,2.07031e-001,2.19238e-001,1.46533e+000,-2.10976e+001,2.87805e+001,2.48780e+001
-2.34989e-005,6.66362e-005,1.94336e-001,2.22168e-001,1.44922e+000,-2.21951e+001,2.59146e+001,2.60366e+001
3.86053e-006,-7.83856e-005,1.47461e-001,2.32422e-001,1.39648e+000,-2.35976e+001,2.04878e+001,2.71951e+001
-1.06249e-004,-7.20073e-005,1.08398e-001,2.47070e-001,1.41504e+000,-2.51829e+001,1.67683e+001,2.65854e+001
-1.46532e-004,-5.38796e-005,-7.03125e-002,2.81738e-001,1.53320e+000,-3.16463e+001,-5.06098e+000,2.93902e+001
-6.99931e-005,-7.50286e-005,-2.44141e-003,2.73926e-001,1.69775e+000,-3.36585e+001,-2.07927e+001,3.49390e+001
-3.23949e-005,-2.58488e-005,2.49023e-002,2.75391e-001,1.66602e+000,-2.53049e+001,-4.17073e+001,3.46341e+001
-4.61585e-005,6.17685e-005,-2.08008e-001,2.82227e-001,1.40723e+000,-1.86585e+001,-5.11585e+001,2.85366e+001
1.56100e-005,5.33761e-005,-3.03711e-001,2.51465e-001,1.28516e+000,-1.17073e+001,-7.41463e+001,2.18902e+001
1.60632e-004,-1.39147e-004,-3.14453e-001,1.04980e-001,1.12451e+000,-1.07317e+001,-8.05488e+001,2.39634e+001
3.14046e-004,-2.36500e-004,-2.86133e-001,2.58789e-002,1.09717e+000,-9.69512e+000,-8.35366e+001,3.28049e+001
3.69772e-004,-1.01717e-004,-2.25586e-001,-9.81445e-002,1.10449e+000,-9.69512e+000,-8.43902e+001,3.69512e+001
3.20088e-004,-6.76432e-005,-1.88477e-001,-1.38184e-001,1.10254e+000,-8.53659e+000,-8.27439e+001,4.24390e+001
2.13672e-004,-1.06249e-004,-5.56641e-002,-1.75293e-001,1.08789e+000,-7.25610e+000,-7.79878e+001,4.43293e+001
1.31426e-004,-1.50729e-004,4.10156e-002,-1.76758e-001,1.09180e+000,-5.79268e+000,-6.12195e+001,5.00000e+001
7.90570e-005,-1.62646e-004,2.77832e-001,-1.67969e-001,1.13721e+000,-3.59756e+000,-3.98780e+001,5.69512e+001
-7.88891e-006,-6.10971e-005,4.00879e-001,-1.55762e-001,1.15576e+000,-2.31707e+000,-2.78659e+001,6.03049e+001
-1.01549e-004,-4.34730e-005,6.25977e-001,-1.32324e-001,1.16992e+000,4.26829e-001,-4.57317e+000,6.56707e+001
-1.24376e-004,-1.55596e-004,7.15820e-001,-1.16699e-001,1.17139e+000,2.07317e+000,6.28049e+000,6.69512e+001
-2.65202e-005,1.15816e-005,7.90039e-001,-6.83594e-002,1.13232e+000,3.96341e+000,2.28049e+001,6.32317e+001
-7.40215e-005,4.26505e-004,7.70020e-001,-4.24805e-002,1.10303e+000,5.30488e+000,2.74390e+001,5.96341e+001
-2.96422e-004,2.69734e-004,6.25000e-001,1.56250e-002,1.05957e+000,5.91463e+000,3.05488e+001,4.81098e+001
-3.80179e-004,-4.41444e-005,5.09766e-001,3.95508e-002,1.05176e+000,7.01220e+000,3.04268e+001,4.25610e+001
-3.59533e-004,-4.53193e-005,2.42188e-001,9.03320e-002,1.03711e+000,9.26829e+000,2.58537e+001,3.25000e+001
-4.00320e-004,2.90379e-005,1.05957e-001,1.10840e-001,1.02979e+000,1.06707e+001,2.21951e+001,2.82317e+001
-3.54330e-004,1.97894e-004,-1.55273e-001,1.34766e-001,1.02344e+000,1.25610e+001,1.14024e+001,2.14634e+001
-2.04776e-004,2.07965e-004,-3.41797e-001,1.39648e-001,1.01074e+000,1.21951e+001,5.12195e+000,1.90854e+001
-3.86053e-005,1.00206e-004,-4.02344e-001,1.34277e-001,1.00391e+000,1.07317e+001,-5.85366e+000,1.70732e+001
1.53079e-004,1.02892e-004,-4.49707e-001,1.08887e-001,9.98535e-001,9.08537e+000,-1.09146e+001,1.70732e+001
4.04349e-004,-3.18914e-006,-4.38965e-001,9.37500e-002,1.00879e+000,3.71951e+000,-1.96951e+001,1.88415e+001
4.91966e-004,-1.89166e-004,-3.66211e-001,5.81055e-002,1.03369e+000,1.09756e+000,-2.31707e+001,1.98171e+001
3.65911e-004,-1.92691e-004,-3.10547e-001,4.00391e-002,1.04883e+000,-2.98780e+000,-2.79268e+001,2.22561e+001
2.50599e-004,-2.66545e-004,-1.88477e-001,2.05078e-002,1.06689e+000,-4.57317e+000,-2.96951e+001,2.31707e+001
7.40215e-005,-4.13748e-004,-1.25977e-001,1.26953e-002,1.06543e+000,-6.58537e+000,-3.04878e+001,2.42683e+001
-1.19173e-004,-4.15091e-004,-1.61133e-002,9.76563e-003,1.06543e+000,-7.56098e+000,-3.03659e+001,2.41463e+001
-2.27771e-004,-2.40024e-004,2.58789e-002,1.46484e-002,1.06055e+000,-8.41463e+000,-2.75000e+001,2.31098e+001
-2.34318e-004,2.25086e-004,9.08203e-002,2.19727e-002,1.04834e+000,-8.59756e+000,-2.39024e+001,2.17683e+001
-1.65164e-004,6.68040e-004,1.15234e-001,2.19727e-002,1.04688e+000,-7.74390e+000,-2.14024e+001,2.13415e+001
-7.73785e-005,6.37659e-004,1.62598e-001,3.12500e-002,1.06201e+000,-6.09756e+000,-1.62195e+001,2.03659e+001
-5.75723e-005,3.30831e-004,1.78223e-001,3.27148e-002,1.07324e+000,-4.69512e+000,-1.27439e+001,2.01220e+001
2.58488e-005,1.30922e-004,1.98242e-001,3.85742e-002,1.09326e+000,-2.68293e+000,-6.89024e+000,2.01220e+001
2.43381e-005,-6.22721e-005,2.02148e-001,4.44336e-002,1.10010e+000,-1.70732e+000,-3.35366e+000,2.00000e+001
9.23171e-006,-5.65652e-005,2.10449e-001,4.98047e-002,1.11377e+000,1.21951e-001,4.75610e+000,2.05488e+001
8.89601e-006,-1.66674e-004,2.09473e-001,5.37109e-002,1.11523e+000,1.09756e+000,8.53659e+000,2.07317e+001
-1.50896e-004,-2.16861e-004,2.01660e-001,6.54297e-002,1.10254e+000,3.53659e+000,1.68902e+001,2.03049e+001
-2.63691e-004,-8.59388e-005,1.95801e-001,6.83594e-002,1.08936e+000,4.51220e+000,2.06707e+001,2.01829e+001
-2.45396e-004,-6.56291e-005,1.81641e-001,7.76367e-002,1.04785e+000,6.58537e+000,2.79268e+001,1.89634e+001
-1.14305e-004,-1.04906e-004,1.56738e-001,8.39844e-002,1.01465e+000,7.01220e+000,3.16463e+001,1.85366e+001
4.06195e-005,2.80308e-005,1.47949e-001,9.03320e-002,1.00146e+000,7.31707e+000,3.68293e+001,1.75610e+001
1.53414e-004,-7.93927e-005,1.21094e-001,9.32617e-002,9.99512e-001,7.50000e+000,3.85366e+001,1.70122e+001
1.60632e-004,-1.93194e-004,1.12793e-001,9.52148e-002,1.00049e+000,7.56098e+000,4.16463e+001,1.61585e+001
1.25216e-004,-1.80102e-004,1.03027e-001,1.02539e-001,1.02100e+000,7.56098e+000,4.22561e+001,1.61585e+001
8.02319e-005,-6.05936e-005,1.03516e-001,1.03516e-001,1.03809e+000,6.64634e+000,4.17683e+001,1.51220e+001
3.52483e-006,2.09812e-005,1.04004e-001,1.04004e-001,1.06396e+000,5.97561e+000,4.11585e+001,1.48171e+001
-1.21691e-004,1.85138e-004,1.08398e-001,1.06445e-001,1.07715e+000,4.51220e+000,3.98780e+001,1.36585e+001
-2.22232e-004,5.28725e-005,1.19629e-001,1.04492e-001,1.08008e+000,2.86585e+000,3.85976e+001,1.25610e+001
-1.87488e-004,-5.53903e-006,1.19141e-001,9.81445e-002,1.06006e+000,1.64634e+000,3.86585e+001,1.07927e+001
-6.79789e-005,3.19081e-004,1.31836e-001,9.32617e-002,1.03906e+000,7.92683e-001,3.75610e+001,7.98780e+000
1.00542e-004,2.54963e-004,1.38184e-001,9.66797e-002,1.04102e+000,4.26829e-001,3.66463e+001,6.03659e+000
3.46777e-004,2.40024e-005,1.24023e-001,1.00586e-001,1.01953e+000,3.65854e-001,3.59146e+001,9.75610e-001
5.10094e-004,1.15816e-005,1.18164e-001,1.05469e-001,9.90234e-001,-1.82927e-001,3.63415e+001,-1.03659e+000
4.98177e-004,-7.28466e-005,1.08398e-001,1.11328e-001,9.41895e-001,-2.68293e+000,3.52439e+001,-5.91463e+000
3.77157e-004,-1.48882e-004,9.32617e-002,1.07910e-001,9.37012e-001,-3.04878e+000,3.48171e+001,-8.90244e+000
1.55093e-004,-1.40490e-004,3.85742e-002,1.03027e-001,9.06250e-001,-3.41463e+000,3.00610e+001,-1.50610e+001
-1.55932e-004,3.97803e-005,1.02539e-002,9.61914e-002,8.94531e-001,-2.74390e+000,2.73171e+001,-1.81707e+001
-4.95323e-004,5.01869e-005,-5.61523e-002,8.64258e-002,8.61328e-001,-1.76829e+000,2.20732e+001,-2.42073e+001
-4.94987e-004,-2.21057e-004,-9.37500e-002,8.64258e-002,8.43262e-001,-1.52439e+000,1.92683e+001,-2.71951e+001
-3.46609e-004,-1.46532e-004,-1.60645e-001,8.15430e-002,8.27148e-001,-3.35366e+000,1.32317e+001,-3.23780e+001
-1.78424e-004,-6.76432e-005,-2.29980e-001,6.93359e-002,8.40820e-001,-4.75610e+000,9.93902e+000,-3.52439e+001
-1.44350e-005,-3.26467e-004,-2.63184e-001,6.25000e-002,8.37891e-001,-6.64634e+000,1.15854e+000,-4.01829e+001
-7.04967e-006,-5.75052e-004,-3.08594e-001,5.61523e-002,8.50586e-001,-8.04878e+000,-3.65854e+000,-4.19512e+001
-1.35958e-005,-5.21340e-004,-3.24219e-001,5.12695e-002,8.62305e-001,-1.00000e+001,-1.35366e+001,-4.49390e+001
5.08583e-005,-1.49386e-004,-3.30566e-001,5.02930e-002,8.81348e-001,-1.13415e+001,-1.85976e+001,-4.54878e+001
1.12459e-004,2.56641e-004,-3.25684e-001,5.02930e-002,8.86230e-001,-1.34146e+001,-2.73780e+001,-4.64634e+001
5.11940e-005,5.62966e-004,-3.07129e-001,4.93164e-002,9.03809e-001,-1.46341e+001,-3.13415e+001,-4.59756e+001
7.21752e-006,6.79957e-004,-2.86621e-001,5.02930e-002,9.26758e-001,-1.63415e+001,-3.84756e+001,-4.52439e+001
7.63714e-005,5.90326e-004,-2.19727e-001,4.19922e-002,9.54102e-001,-1.67683e+001,-4.09146e+001,-4.39634e+001
3.48287e-004,2.93904e-004,-1.86523e-001,4.24805e-002,9.48242e-001,-1.54878e+001,-4.48171e+001,-4.18902e+001
4.90288e-004,-1.08263e-004,-1.08398e-001,4.34570e-002,9.24316e-001,-1.45732e+001,-4.64634e+001,-3.96951e+001
3.62387e-004,-9.55062e-005,-6.64063e-002,3.61328e-002,9.11621e-001,-1.32317e+001,-4.41463e+001,-3.83537e+001
2.21057e-004,-1.70367e-004,4.34570e-002,2.44141e-002,8.81836e-001,-1.17073e+001,-3.66463e+001,-3.39634e+001
7.21752e-006,-3.36370e-004,9.57031e-002,1.80664e-002,8.88672e-001,-1.11585e+001,-3.20122e+001,-3.23171e+001
-2.06958e-004,-1.77752e-004,1.84570e-001,1.31836e-002,9.02832e-001,-8.23171e+000,-2.43293e+001,-3.13415e+001
-4.16434e-004,-1.71206e-005,2.20215e-001,1.22070e-002,9.20410e-001,-7.07317e+000,-2.13415e+001,-3.14634e+001
-6.81132e-004,-1.20684e-004,2.66602e-001,1.95313e-002,9.89746e-001,-4.81707e+000,-1.34756e+001,-3.25610e+001
-5.83780e-004,-3.01793e-004,2.82715e-001,2.29492e-002,1.01416e+000,-4.39024e+000,-9.39024e+000,-3.26829e+001
-3.22438e-004,-2.37842e-004,3.12988e-001,3.66211e-002,1.04541e+000,-3.17073e+000,7.92683e-001,-3.25000e+001
-1.54253e-004,8.47639e-005,3.27637e-001,3.95508e-002,1.03662e+000,-2.50000e+000,6.15854e+000,-3.20732e+001
2.13169e-005,8.82887e-005,3.40820e-001,4.29688e-002,9.89746e-001,4.87805e-001,1.66463e+001,-3.05488e+001
1.28069e-004,1.10277e-004,3.70605e-001,4.34570e-002,9.46777e-001,2.19512e+000,2.10366e+001,-2.93293e+001
1.10613e-004,2.80476e-004,3.75000e-001,4.34570e-002,9.33105e-001,6.28049e+000,3.14634e+001,-2.67073e+001
4.51514e-005,1.05745e-005,3.73047e-001,4.29688e-002,9.44336e-001,8.41463e+000,3.63415e+001,-2.56707e+001
-7.33501e-005,-1.39818e-004,3.61816e-001,3.80859e-002,9.64844e-001,1.05488e+001,4.57317e+001,-2.45732e+001
-2.19715e-004,-3.77661e-005,3.23242e-001,3.41797e-002,1.00293e+000,1.20122e+001,5.08537e+001,-2.37195e+001
-1.87823e-004,-9.34920e-005,3.13477e-001,3.12500e-002,9.98047e-001,1.43902e+001,6.00610e+001,-2.16463e+001
-1.00710e-004,-1.27062e-004,2.96875e-001,3.61328e-002,1.02295e+000,1.45732e+001,6.35976e+001,-2.08537e+001
1.42672e-005,9.98703e-005,2.85645e-001,3.71094e-002,1.03418e+000,1.32317e+001,7.01220e+001,-1.93902e+001
1.08095e-004,-1.49386e-005,2.57324e-001,3.66211e-002,1.00195e+000,1.29268e+001,7.27439e+001,-1.92073e+001
1.20348e-004,6.36149e-005,2.43164e-001,3.27148e-002,9.82422e-001,1.12195e+001,7.49390e+001,-1.93293e+001
1.14305e-004,1.51568e-004,2.09961e-001,4.05273e-002,9.48730e-001,1.02439e+001,7.70732e+001,-1.90854e+001
1.25048e-004,7.90570e-005,1.90430e-001,3.80859e-002,9.33105e-001,9.45122e+000,7.79878e+001,-1.89634e+001
1.16152e-004,3.03807e-005,1.41602e-001,3.95508e-002,9.18945e-001,8.35366e+000,7.84146e+001,-1.83537e+001
1.72885e-005,1.79599e-005,1.09863e-001,4.00391e-002,9.12598e-001,8.04878e+000,7.66463e+001,-1.82317e+001
-8.39246e-005,2.26596e-005,4.73633e-002,4.58984e-002,8.94531e-001,7.31707e+000,7.21341e+001,-1.75000e+001
-7.67071e-005,4.48157e-005,1.66016e-002,4.88281e-002,8.84766e-001,6.64634e+000,6.95732e+001,-1.75000e+001
-2.46738e-005,2.76951e-005,-4.54102e-002,5.12695e-002,8.50098e-001,6.40244e+000,6.56707e+001,-1.69512e+001
8.39246e-006,-4.44800e-005,-6.83594e-002,4.88281e-002,8.22754e-001,6.34146e+000,6.39024e+001,-1.63415e+001
9.73526e-006,-1.87152e-004,-8.05664e-002,3.02734e-002,7.74414e-001,6.28049e+000,5.87195e+001,-1.57317e+001
2.80308e-005,-2.40696e-004,-8.00781e-002,2.29492e-002,7.58789e-001,5.97561e+000,5.62805e+001,-1.48780e+001
6.41184e-005,-2.75105e-004,-7.61719e-002,-4.88281e-004,7.29492e-001,4.93902e+000,5.25000e+001,-1.41463e+001
1.05241e-004,-3.48287e-004,-4.83398e-002,-2.00195e-002,7.06055e-001,4.14634e+000,5.12805e+001,-1.33537e+001
1.12123e-004,-2.64698e-004,-2.14844e-002,-3.41797e-002,7.01172e-001,3.29268e+000,5.21951e+001,-1.15854e+001
8.40925e-005,4.28016e-005,3.95508e-002,-6.05469e-002,6.84570e-001,2.98780e+000,5.40244e+001,-1.06098e+001
2.70237e-005,3.88907e-004,7.95898e-002,-6.34766e-002,6.79199e-001,3.04878e+000,5.81098e+001,-9.02439e+000
1.67849e-005,4.95323e-004,1.51855e-001,-6.10352e-002,6.74805e-001,3.17073e+000,6.06707e+001,-8.35366e+000
1.19173e-005,2.14511e-004,1.86035e-001,-4.78516e-002,6.92871e-001,3.84146e+000,6.65854e+001,-7.50000e+000
-5.11940e-005,5.95865e-005,2.23633e-001,-1.22070e-002,7.28516e-001,4.51220e+000,6.92073e+001,-7.37805e+000
-8.02319e-005,-1.10445e-004,2.30957e-001,1.12305e-002,7.40234e-001,6.58537e+000,7.39024e+001,-8.23171e+000
-3.86053e-005,-3.94278e-004,2.09473e-001,5.51758e-002,7.46094e-001,7.31707e+000,7.47561e+001,-8.65854e+000
-5.70687e-006,-3.65408e-004,1.79688e-001,7.51953e-002,7.48535e-001,8.17073e+000,7.36585e+001,-8.35366e+000
-2.51774e-006,-2.55634e-004,9.96094e-002,1.00098e-001,7.47070e-001,8.71951e+000,6.94512e+001,-8.10976e+000
1.84634e-006,-1.43847e-004,6.29883e-002,1.04980e-001,7.41699e-001,8.90244e+000,6.62805e+001,-7.25610e+000
1.05745e-005,-1.05241e-004,-1.46484e-002,9.96094e-002,7.13867e-001,8.35366e+000,5.95732e+001,-6.15854e+000
4.01160e-005,-9.71847e-005,-5.02930e-002,8.74023e-002,7.08008e-001,7.68293e+000,5.56098e+001,-5.54878e+000
8.34211e-005,-5.53903e-005,-1.16211e-001,5.02930e-002,7.02637e-001,6.70732e+000,4.68293e+001,-4.45122e+000
7.55322e-005,1.67849e-007,-1.40137e-001,3.07617e-002,7.06543e-001,5.79268e+000,4.25000e+001,-4.02439e+000
9.98703e-005,2.52277e-004,-1.74805e-001,-1.17188e-002,7.21680e-001,4.51220e+000,3.21341e+001,-2.19512e+000
9.91989e-005,3.93606e-004,-1.75293e-001,-2.78320e-002,7.28027e-001,3.71951e+000,2.64634e+001,-1.76829e+000
6.39506e-005,2.50599e-004,-1.80176e-001,-6.00586e-002,7.41211e-001,3.78049e+000,1.69512e+001,-7.92683e-001
3.18914e-006,2.73594e-005,-1.77734e-001,-6.73828e-002,7.46094e-001,3.53659e+000,1.15854e+001,-9.75610e-001
-1.82788e-004,-1.11788e-004,-1.71387e-001,-7.47070e-002,7.61719e-001,3.23171e+000,2.13415e+000,-1.76829e+000
-2.60670e-004,3.47448e-005,-1.67480e-001,-6.59180e-002,7.64160e-001,3.29268e+000,-1.89024e+000,-2.43902e+000
-2.07965e-004,1.92020e-004,-1.67969e-001,-5.66406e-002,7.72461e-001,3.53659e+000,-8.04878e+000,-4.08537e+000
-1.86816e-004,1.51400e-004,-1.73828e-001,-3.85742e-002,7.86133e-001,3.78049e+000,-1.06098e+001,-5.12195e+000
-2.02594e-004,8.64424e-005,-1.67969e-001,-2.49023e-002,7.91504e-001,4.26829e+000,-1.45122e+001,-6.46341e+000
-1.11788e-004,-2.73594e-005,-1.58691e-001,-8.30078e-003,8.09570e-001,4.75610e+000,-1.61585e+001,-6.82927e+000
4.34730e-005,-9.56741e-005,-1.47949e-001,0.00000e+000,8.25195e-001,5.42683e+000,-1.96341e+001,-7.37805e+000
5.28725e-005,-1.72213e-004,-1.19141e-001,6.34766e-003,8.40332e-001,6.34146e+000,-2.04878e+001,-7.37805e+000
2.33310e-005,-1.11788e-004,-9.96094e-002,9.76563e-003,8.43262e-001,7.19512e+000,-2.27439e+001,-6.76829e+000
2.51774e-006,7.72107e-006,-6.20117e-002,7.81250e-003,8.46191e-001,7.92683e+000,-2.31098e+001,-6.64634e+000
5.11940e-005,1.09102e-005,-4.68750e-002,4.88281e-003,8.50098e-001,9.26829e+000,-2.37195e+001,-5.67073e+000
5.15297e-005,-3.35698e-006,-3.36914e-002,4.88281e-004,8.55957e-001,1.14634e+001,-2.26829e+001,-4.63415e+000
6.21042e-006,8.22461e-006,-3.02734e-002,-4.88281e-004,8.56445e-001,1.16463e+001,-2.25610e+001,-4.39024e+000
-1.82956e-005,-3.37377e-005,-1.90430e-002,-1.12305e-002,8.51563e-001,1.32927e+001,-2.10976e+001,-4.45122e+000
-2.03098e-005,-1.69192e-004,-1.36719e-002,-1.07422e-002,8.44727e-001,1.46951e+001,-2.00000e+001,-4.93902e+000
-4.34730e-005,-1.90341e-004,-2.34375e-002,-1.46484e-002,8.00781e-001,1.78659e+001,-1.95122e+001,-6.40244e+000
-3.97803e-005,1.27565e-005,-3.85742e-002,-1.61133e-002,7.71484e-001,1.96951e+001,-1.97561e+001,-7.13415e+000
3.60876e-005,1.21859e-004,-7.76367e-002,-8.78906e-003,6.99707e-001,2.29878e+001,-2.09756e+001,-8.84146e+000
4.16266e-005,-1.16487e-004,-1.06934e-001,-2.44141e-003,6.70898e-001,2.40244e+001,-2.17683e+001,-9.51220e+000
8.22461e-006,-1.32433e-004,-1.58203e-001,1.12305e-002,6.30859e-001,2.55488e+001,-2.34756e+001,-1.10366e+001
2.33310e-005,3.13878e-005,-1.89941e-001,1.90430e-002,6.15723e-001,2.64634e+001,-2.56098e+001,-1.17073e+001
5.01869e-005,7.10002e-005,-2.44629e-001,1.85547e-002,5.85938e-001,2.94512e+001,-3.09756e+001,-1.22561e+001
-2.76951e-005,3.54162e-005,-2.93457e-001,2.14844e-002,5.73730e-001,3.01829e+001,-3.45732e+001,-1.22561e+001
-9.34920e-005,8.56031e-006,-3.10059e-001,2.53906e-002,5.70313e-001,3.12805e+001,-4.22561e+001,-1.18293e+001
-6.79789e-005,1.00710e-006,-3.36426e-001,3.07617e-002,5.56152e-001,3.15854e+001,-4.57317e+001,-1.10976e+001
-5.35439e-005,4.28016e-005,-3.43750e-001,3.32031e-002,5.41016e-001,3.15854e+001,-5.25610e+001,-9.45122e+000
-7.70428e-005,1.00374e-004,-3.30078e-001,3.71094e-002,5.22949e-001,3.09756e+001,-5.60976e+001,-8.41463e+000
-6.93217e-005,5.28725e-005,-3.20801e-001,3.71094e-002,5.17578e-001,2.98171e+001,-6.29268e+001,-7.31707e+000
-5.18654e-005,2.08133e-005,-2.94434e-001,4.05273e-002,5.13672e-001,2.95732e+001,-6.57317e+001,-6.76829e+000
-3.07164e-005,9.06386e-006,-2.89063e-001,4.54102e-002,4.99023e-001,2.93293e+001,-7.09756e+001,-5.97561e+000
-1.47707e-005,-3.86053e-006,-2.70996e-001,5.51758e-002,4.82422e-001,2.93293e+001,-7.35366e+001,-5.79268e+000
-4.36408e-006,1.26390e-004,-2.56348e-001,5.95703e-002,4.83887e-001,2.79878e+001,-7.95122e+001,-4.87805e+000
1.00710e-006,1.42000e-004,-2.13867e-001,7.47070e-002,5.07324e-001,2.52439e+001,-8.48171e+001,-4.08537e+000
2.46738e-005,1.27398e-004,-1.92383e-001,8.34961e-002,5.29785e-001,2.33537e+001,-8.62805e+001,-3.71951e+000
2.93736e-005,1.12459e-004,-1.38672e-001,1.02539e-001,6.02539e-001,1.93902e+001,-8.75000e+001,-3.23171e+000
4.53193e-006,1.22530e-005,-1.09375e-001,1.04980e-001,6.45508e-001,1.79878e+001,-8.77439e+001,-2.86585e+000
-1.15816e-005,-8.27497e-005,-3.56445e-002,1.15723e-001,7.08496e-001,1.70732e+001,-8.67073e+001,-3.23171e+000
-1.29244e-005,-6.51255e-005,2.44141e-003,1.30859e-001,7.33398e-001,1.57317e+001,-8.63415e+001,-3.71951e+000
-6.37827e-006,-1.29076e-004,8.44727e-002,1.62598e-001,8.00293e-001,9.75610e+000,-8.44512e+001,-4.45122e+000
3.86053e-006,-6.96574e-005,1.29395e-001,1.70410e-001,8.39844e-001,6.70732e+000,-8.30488e+001,-4.02439e+000
1.51064e-006,-1.93027e-005,2.12402e-001,1.85547e-001,8.99414e-001,-4.26829e-001,-7.97561e+001,-2.43902e+000
-1.22530e-005,3.64233e-005,2.46094e-001,1.88477e-001,9.13574e-001,-3.47561e+000,-7.82317e+001,-1.03659e+000
-1.22530e-005,1.48043e-004,3.14453e-001,2.00684e-001,9.37500e-001,-8.96342e+000,-7.40244e+001,3.71951e+000
-3.37377e-005,5.27047e-005,3.75000e-001,2.03613e-001,9.68262e-001,-1.17683e+001,-7.10976e+001,6.40244e+000
-5.11940e-005,-2.03601e-004,4.06738e-001,2.00684e-001,9.89746e-001,-1.58537e+001,-6.15854e+001,1.17683e+001
-5.42153e-005,-3.02296e-004,4.44824e-001,1.92871e-001,1.02539e+000,-1.67683e+001,-5.52439e+001,1.46341e+001
-3.77661e-005,-8.37568e-005,4.54590e-001,1.87988e-001,1.03711e+000,-1.69512e+001,-4.04268e+001,1.92683e+001
-1.42672e-005,4.17945e-005,4.57520e-001,1.82129e-001,1.05273e+000,-1.64634e+001,-3.30488e+001,2.11585e+001
5.57259e-005,5.20333e-006,4.47754e-001,1.76270e-001,1.05859e+000,-1.47561e+001,-1.75610e+001,2.43902e+001
1.54086e-004,-1.39315e-005,4.12598e-001,1.77734e-001,1.07666e+000,-1.37195e+001,-1.10366e+001,2.50610e+001
1.25383e-004,7.88891e-006,3.79883e-001,1.79199e-001,1.08496e+000,-1.18293e+001,-1.28049e+000,2.66463e+001
6.22721e-005,-1.40993e-005,3.15918e-001,1.95313e-001,1.08594e+000,-1.07317e+001,2.01220e+000,2.75610e+001
2.45060e-005,-4.48157e-005,2.75391e-001,1.99219e-001,1.10498e+000,-1.01220e+001,5.91463e+000,2.93902e+001
-7.75463e-005,-4.38087e-005,2.06543e-001,2.17285e-001,1.18799e+000,-1.05488e+001,8.47561e+000,3.11585e+001
-2.31128e-004,-2.85344e-006,1.76270e-001,2.23145e-001,1.23877e+000,-1.09756e+001,1.07317e+001,3.25610e+001
-2.30121e-004,6.14328e-005,1.44531e-001,2.26074e-001,1.32178e+000,-1.19512e+001,1.61585e+001,3.64024e+001
-1.27733e-004,6.81468e-005,1.48926e-001,2.32910e-001,1.35547e+000,-1.26220e+001,1.83537e+001,3.89634e+001
-6.46220e-005,4.48157e-005,1.58691e-001,2.36816e-001,1.37842e+000,-1.40244e+001,2.23171e+001,4.40854e+001
-2.93736e-005,2.21561e-005,1.81641e-001,2.38281e-001,1.38672e+000,-1.53659e+001,2.21951e+001,4.67073e+001
-2.19883e-005,2.34989e-006,2.25098e-001,2.20215e-001,1.38623e+000,-1.72561e+001,2.26220e+001,4.92683e+001
-1.76242e-005,7.88891e-006,2.39258e-001,2.08984e-001,1.37012e+000,-1.80488e+001,2.37195e+001,5.01220e+001
-9.73526e-006,1.39315e-005,2.87109e-001,1.68457e-001,1.33154e+000,-1.82317e+001,2.98780e+001,5.18902e+001
-3.35698e-006,6.04257e-006,3.10059e-001,1.32813e-001,1.32617e+000,-1.71951e+001,3.40244e+001,5.21951e+001
-5.03548e-006,6.54612e-006,3.40332e-001,5.61523e-002,1.30518e+000,-1.37195e+001,4.30488e+001,5.04268e+001
-2.85344e-006,1.09102e-005,3.40332e-001,-5.37109e-003,1.35645e+000,-1.17683e+001,4.73171e+001,4.89634e+001
-8.05676e-006,1.66171e-005,3.32031e-001,-2.88086e-002,1.43896e+000,-1.07927e+001,4.76220e+001,4.68902e+001
-1.04067e-005,3.02129e-005,2.95898e-001,-5.95703e-002,1.54346e+000,-1.03659e+001,4.28659e+001,4.62195e+001
-4.86763e-006,3.13878e-005,2.27051e-001,-4.83398e-002,1.51807e+000,-3.96341e+000,2.88415e+001,4.13415e+001
-1.67849e-007,6.37827e-006,-5.32227e-002,1.95313e-003,1.36133e+000,-1.52439e+000,2.22561e+001,3.60366e+001
-4.86763e-006,-7.21752e-006,-2.13379e-001,6.83594e-003,1.27686e+000,-1.70732e+000,7.86585e+000,2.48171e+001
-8.56031e-006,-3.35698e-007,-4.40430e-001,-4.88281e-002,1.09277e+000,-1.46341e+000,6.09756e-002,2.09756e+001
-9.90310e-006,9.73526e-006,-5.10254e-001,-9.22852e-002,1.00635e+000,-1.46341e+000,-1.49390e+001,1.68293e+001
-2.18204e-006,2.33310e-005,-5.79102e-001,-1.69434e-001,9.24316e-001,-2.31707e+000,-2.09756e+001,1.53049e+001
4.19623e-006,2.46738e-005,-5.94238e-001,-1.80664e-001,9.35547e-001,-3.71951e+000,-3.24390e+001,1.31707e+001
-2.34989e-006,7.88891e-006,-5.54199e-001,-1.47949e-001,9.56543e-001,-3.47561e+000,-4.06707e+001,1.68293e+001
2.51774e-006,1.17494e-005,-4.80957e-001,-1.14258e-001,9.58008e-001,-3.23171e+000,-4.10976e+001,2.07317e+001
1.20851e-005,3.97803e-005,-2.50977e-001,-6.34766e-002,9.71680e-001,-5.18293e+000,-3.79268e+001,3.04878e+001
6.54612e-006,5.58938e-005,-1.15234e-001,-4.24805e-002,1.00146e+000,-5.79268e+000,-3.52439e+001,3.41463e+001
4.53193e-006,2.56809e-005,9.37500e-002,-2.00195e-002,1.07275e+000,-4.75610e+000,-2.95732e+001,3.50000e+001
6.54612e-006,1.79599e-005,1.47461e-001,-9.27734e-003,1.10107e+000,-2.92683e+000,-2.69512e+001,3.28659e+001
-1.02388e-005,1.69528e-005,1.81641e-001,-4.88281e-004,1.11865e+000,9.14634e-001,-2.31707e+001,2.76829e+001
-2.26596e-005,-2.18204e-006,1.73828e-001,4.88281e-003,1.10645e+000,2.19512e+000,-2.23171e+001,2.46951e+001
-1.12459e-005,-3.18914e-006,1.06934e-001,9.27734e-003,1.06787e+000,4.20732e+000,-2.31098e+001,1.93902e+001
-3.35698e-007,2.11490e-005,5.51758e-002,1.46484e-002,1.04053e+000,4.32927e+000,-2.46341e+001,1.73780e+001
-8.39246e-006,3.49126e-005,-6.10352e-002,3.22266e-002,9.90723e-001,4.26829e+000,-2.82317e+001,1.41463e+001
-1.29244e-005,-1.64492e-005,-1.60645e-001,4.39453e-002,9.64355e-001,3.84146e+000,-3.07927e+001,1.31098e+001
-1.56100e-005,-6.19364e-005,-1.83594e-001,5.56641e-002,9.58984e-001,2.13415e+000,-3.54878e+001,1.39024e+001
-5.87472e-006,-4.26337e-005,-1.86523e-001,7.32422e-002,9.67773e-001,1.21951e+000,-3.82927e+001,1.48780e+001
-2.85344e-006,-2.24918e-005,-1.70410e-001,7.51953e-002,9.77539e-001,-9.14634e-001,-4.28049e+001,1.75610e+001
1.00710e-006,-1.86313e-005,-1.14258e-001,8.05664e-002,1.00732e+000,-2.07317e+000,-4.39634e+001,1.90244e+001
1.32601e-005,-2.83665e-005,-7.22656e-002,8.15430e-002,1.02783e+000,-4.45122e+000,-4.56707e+001,2.16463e+001
7.21752e-006,-1.49386e-005,1.31836e-002,7.95898e-002,1.05225e+000,-4.87805e+000,-4.54268e+001,2.26829e+001
-8.22461e-006,1.49386e-005,5.85938e-002,8.00781e-002,1.06104e+000,-6.09756e+000,-4.29268e+001,2.45122e+001
-1.39315e-005,4.49836e-005,1.32324e-001,7.47070e-002,1.07080e+000,-6.89024e+000,-3.85366e+001,2.51829e+001
-1.27565e-005,2.36667e-005,1.52344e-001,6.98242e-002,1.07227e+000,-7.19512e+000,-3.54878e+001,2.53659e+001
-5.87472e-006,-2.16526e-005,1.77246e-001,7.37305e-002,1.07080e+000,-7.98780e+000,-2.97561e+001,2.51829e+001
-1.12459e-005,-2.56809e-005,1.87500e-001,6.78711e-002,1.06592e+000,-8.17073e+000,-2.69512e+001,2.51829e+001
-9.23171e-006,-5.38796e-005,1.92871e-001,6.44531e-002,1.06299e+000,-8.41463e+000,-2.16463e+001,2.49390e+001
-7.04967e-006,-4.14588e-005,1.84082e-001,6.20117e-002,1.05664e+000,-8.71951e+000,-1.90244e+001,2.46341e+001
-7.21752e-006,3.17235e-005,1.68945e-001,5.81055e-002,1.05664e+000,-9.20732e+000,-1.53049e+001,2.45732e+001
-1.81277e-005,9.55062e-005,1.60645e-001,5.32227e-002,1.05859e+000,-9.20732e+000,-1.37805e+001,2.47561e+001
-2.46738e-005,8.24140e-005,1.47949e-001,5.46875e-002,1.05811e+000,-1.01220e+001,-1.10366e+001,2.50000e+001
-2.73594e-005,-4.54871e-005,1.37207e-001,6.10352e-002,1.05273e+000,-1.06098e+001,-9.75610e+000,2.50000e+001
-2.93736e-005,-1.99741e-005,1.24023e-001,6.34766e-002,1.04395e+000,-1.12195e+001,-7.50000e+000,2.55488e+001
-2.11490e-005,5.30404e-005,1.24023e-001,6.00586e-002,1.03223e+000,-1.17073e+001,-6.46341e+000,2.53049e+001
-9.23171e-006,-2.43381e-005,1.03516e-001,6.68945e-002,1.01660e+000,-1.23780e+001,-3.71951e+000,2.44512e+001
1.17494e-006,-2.70237e-005,8.98438e-002,6.88477e-002,1.00049e+000,-1.25610e+001,-2.98780e+000,2.44512e+001
-1.62814e-005,-1.10781e-005,8.10547e-002,6.93359e-002,9.92188e-001,-1.36585e+001,-8.53659e-001,2.36585e+001
-4.73335e-005,-3.44091e-005,6.64063e-002,6.78711e-002,9.74609e-001,-1.38415e+001,0.00000e+000,2.29878e+001
-7.15038e-005,1.79599e-005,5.85938e-002,6.34766e-002,9.68750e-001,-1.45122e+001,6.09756e-001,2.16463e+001
-7.48608e-005,3.87732e-005,3.41797e-002,5.95703e-002,9.53613e-001,-1.48780e+001,1.15854e+000,2.08537e+001
-5.62295e-005,-1.51064e-006,2.39258e-002,5.37109e-002,9.48242e-001,-1.52439e+001,9.75610e-001,1.85366e+001
-3.30663e-005,-5.20333e-006,-6.34766e-003,4.05273e-002,9.37500e-001,-1.54268e+001,6.70732e-001,1.72561e+001
-2.31632e-005,-3.22271e-005,-2.09961e-002,3.27148e-002,9.31641e-001,-1.54878e+001,1.21951e-001,1.45732e+001
-3.47448e-005,-5.48867e-005,-4.19922e-002,1.66016e-002,9.16992e-001,-1.50610e+001,-1.40244e+000,1.11585e+001
-5.38796e-005,-4.69978e-005,-5.07813e-002,8.78906e-003,9.12109e-001,-1.48780e+001,-2.31707e+000,9.57317e+000
-4.24659e-005,-1.69528e-005,-6.88477e-002,-5.37109e-003,8.93555e-001,-1.41463e+001,-4.08537e+000,6.28049e+000
-5.53903e-006,2.01419e-005,-7.03125e-002,-1.17188e-002,8.87695e-001,-1.37805e+001,-4.75610e+000,4.75610e+000
6.71397e-006,6.21042e-005,-7.17773e-002,-2.00195e-002,8.68652e-001,-1.26220e+001,-6.52439e+000,1.15854e+000
1.56100e-005,3.39055e-005,-7.76367e-002,-2.39258e-002,8.55957e-001,-1.17683e+001,-7.98780e+000,-4.26829e-001
5.87472e-006,-2.76951e-005,-9.81445e-002,-2.78320e-002,8.33008e-001,-1.03049e+001,-1.28049e+001,-4.08537e+000
6.54612e-006,-1.89670e-005,-1.07910e-001,-2.68555e-002,8.20801e-001,-9.14634e+000,-1.45122e+001,-5.36585e+000
2.46738e-005,1.89670e-005,-1.06445e-001,-2.14844e-002,7.84668e-001,-6.76829e+000,-1.65854e+001,-6.64634e+000
4.91798e-005,1.51064e-006,-1.03516e-001,-1.85547e-002,7.70996e-001,-5.97561e+000,-1.73171e+001,-6.82927e+000
4.41444e-005,-3.60876e-005,-8.64258e-002,-9.76563e-003,7.64648e-001,-3.96341e+000,-1.78659e+001,-7.68293e+000
4.53193e-006,-2.98772e-005,-7.17773e-002,-2.92969e-003,7.63672e-001,-3.04878e+000,-1.74390e+001,-8.29268e+000
-4.12909e-005,-3.30663e-005,-4.98047e-002,1.51367e-002,7.59277e-001,-9.75610e-001,-1.62195e+001,-1.00610e+001
-7.60357e-005,-7.15038e-005,-3.71094e-002,2.92969e-002,7.70996e-001,-1.82927e-001,-1.59756e+001,-1.01829e+001
-8.42603e-005,-7.15038e-005,-2.83203e-002,3.56445e-002,7.78809e-001,1.28049e+000,-1.53659e+001,-1.11585e+001
-4.41444e-005,-5.82437e-005,-1.46484e-002,4.10156e-002,7.90527e-001,1.82927e+000,-1.54878e+001,-1.13415e+001
2.01419e-006,-5.95865e-005,-2.92969e-003,4.39453e-002,7.93945e-001,2.68293e+000,-1.66463e+001,-1.20122e+001
-2.09812e-005,1.62814e-005,2.49023e-002,3.80859e-002,8.08105e-001,3.35366e+000,-1.68902e+001,-1.23780e+001
-4.39765e-005,1.15984e-004,3.27148e-002,3.80859e-002,8.04199e-001,4.45122e+000,-1.74390e+001,-1.25000e+001
-4.12909e-005,8.22461e-005,5.37109e-002,2.88086e-002,7.99316e-001,5.18293e+000,-1.76829e+001,-1.26220e+001
-3.57519e-005,1.99237e-004,6.49414e-002,2.53906e-002,7.97363e-001,6.28049e+000,-1.72561e+001,-1.27439e+001
-3.52483e-005,3.59197e-005,8.25195e-002,2.92969e-002,8.01270e-001,7.43902e+000,-1.65244e+001,-1.26829e+001
-2.70237e-005,-1.65835e-004,8.98438e-002,2.78320e-002,8.10547e-001,7.37805e+000,-1.57927e+001,-1.20122e+001
-1.74563e-005,-3.13878e-005,1.08398e-001,3.02734e-002,8.23730e-001,8.17073e+000,-1.48171e+001,-1.14024e+001
-5.53903e-006,6.12650e-005,1.16211e-001,3.22266e-002,8.32031e-001,8.47561e+000,-1.43293e+001,-1.10366e+001
-4.86763e-006,1.05074e-004,1.26465e-001,2.58789e-002,8.39844e-001,9.14634e+000,-1.22561e+001,-1.02439e+001
-2.46738e-005,1.43175e-004,1.33789e-001,2.78320e-002,8.42773e-001,9.20732e+000,-1.20122e+001,-9.93902e+000
-3.97803e-005,1.02892e-004,1.39160e-001,3.17383e-002,8.48633e-001,9.93902e+000,-1.06098e+001,-9.14634e+000
-2.70237e-005,-2.18372e-004,1.47461e-001,2.68555e-002,8.48633e-001,9.87805e+000,-1.03659e+001,-8.96342e+000
-2.83665e-005,-4.59571e-004,1.46484e-001,3.22266e-002,8.46191e-001,1.01220e+001,-8.65854e+000,-9.02439e+000
-3.32342e-005,-1.29747e-004,1.41113e-001,3.56445e-002,8.45703e-001,9.87805e+000,-7.98780e+000,-8.65854e+000
-2.38346e-005,1.98398e-004,1.38672e-001,3.46680e-002,8.39844e-001,1.00610e+001,-6.95122e+000,-8.35366e+000
-2.36667e-005,2.85679e-004,1.41113e-001,3.90625e-002,8.44238e-001,1.02439e+001,-6.28049e+000,-8.23171e+000
-1.98062e-005,1.05745e-004,1.38184e-001,4.34570e-002,8.60352e-001,1.00000e+001,-5.73171e+000,-7.50000e+000
-1.05745e-005,-2.76951e-005,1.32813e-001,4.78516e-002,8.62793e-001,9.75610e+000,-5.60976e+000,-7.50000e+000
2.06455e-005,-5.89151e-005,1.25488e-001,5.02930e-002,8.59375e-001,9.26829e+000,-6.40244e+000,-6.95122e+000
4.98512e-005,-6.89860e-005,1.14258e-001,5.02930e-002,8.56445e-001,8.96342e+000,-7.19512e+000,-6.52439e+000
4.95155e-005,-3.74304e-005,1.11328e-001,4.98047e-002,8.53516e-001,8.35366e+000,-7.92683e+000,-5.60976e+000
5.06905e-005,-5.53903e-006,1.07422e-001,4.63867e-002,8.45215e-001,8.29268e+000,-8.17073e+000,-5.36585e+000
5.30404e-005,-3.17235e-005,1.06445e-001,4.34570e-002,8.42773e-001,7.62195e+000,-9.26829e+000,-4.93902e+000
4.91798e-005,-6.59647e-005,1.06445e-001,4.34570e-002,8.44238e-001,7.13415e+000,-9.39024e+000,-4.45122e+000
4.33051e-005,-5.69009e-005,1.06934e-001,4.10156e-002,8.42773e-001,6.34146e+000,-1.04878e+001,-4.08537e+000
3.40734e-005,3.87732e-005,1.00586e-001,3.12500e-002,8.46191e-001,5.73171e+000,-1.19512e+001,-3.47561e+000
9.23171e-006,1.95880e-004,9.81445e-002,2.97852e-002,8.47656e-001,5.67073e+000,-1.23780e+001,-2.68293e+000
-2.40024e-005,3.05653e-004,1.02539e-001,3.07617e-002,8.53516e-001,4.87805e+000,-1.36585e+001,-2.19512e+000
-2.93736e-005,1.91180e-004,1.02051e-001,2.88086e-002,8.53516e-001,4.45122e+000,-1.43293e+001,-1.95122e+000
-2.23239e-005,-2.09812e-005,1.04492e-001,2.19727e-002,8.52539e-001,4.14634e+000,-1.55488e+001,-1.95122e+000
-2.75273e-005,-2.56809e-004,1.02051e-001,2.05078e-002,8.48633e-001,4.14634e+000,-1.61585e+001,-2.31707e+000
-2.43381e-005,-2.37003e-004,9.57031e-002,1.75781e-002,8.41309e-001,3.35366e+000,-1.76220e+001,-2.56098e+000
-2.51774e-006,-1.00542e-004,9.32617e-002,1.61133e-002,8.33984e-001,3.17073e+000,-1.84146e+001,-2.56098e+000
-1.10781e-005,-2.48417e-004,9.13086e-002,7.32422e-003,8.22266e-001,3.35366e+000,-1.98780e+001,-3.23171e+000
-2.53452e-005,-2.92561e-004,8.39844e-002,7.81250e-003,8.12012e-001,3.04878e+000,-2.07317e+001,-3.23171e+000
-4.59907e-005,-2.75105e-004,7.76367e-002,4.39453e-003,7.96387e-001,3.41463e+000,-2.15244e+001,-3.35366e+000
-6.66362e-005,-2.00244e-004,7.51953e-002,4.88281e-003,7.89063e-001,3.23171e+000,-2.20122e+001,-3.23171e+000
-6.89860e-005,3.89075e-004,6.83594e-002,1.95313e-003,7.80273e-001,3.78049e+000,-2.21951e+001,-3.35366e+000
-3.07164e-005,5.16640e-004,6.39648e-002,3.41797e-003,7.78320e-001,3.78049e+000,-2.26829e+001,-3.47561e+000
3.00450e-005,2.09140e-004,6.39648e-002,2.44141e-003,7.75391e-001,3.96341e+000,-2.34756e+001,-3.59756e+000
4.61585e-005,1.05913e-004,6.49414e-002,4.88281e-003,7.76367e-001,3.96341e+000,-2.38415e+001,-3.96341e+000
3.54162e-005,1.38811e-004,5.90820e-002,3.41797e-003,7.79297e-001,4.45122e+000,-2.48171e+001,-4.20732e+000
1.24208e-005,1.49554e-004,6.05469e-002,1.95313e-003,7.76367e-001,4.69512e+000,-2.51829e+001,-4.39024e+000
-1.19173e-005,-1.96384e-005,6.10352e-002,2.92969e-003,7.74902e-001,5.18293e+000,-2.57317e+001,-5.06098e+000
-3.02129e-005,-7.93927e-005,6.83594e-002,-2.92969e-003,7.75879e-001,5.67073e+000,-2.57317e+001,-5.42683e+000
-5.20333e-006,3.47448e-005,7.03125e-002,-9.76563e-004,7.72949e-001,6.21951e+000,-2.59146e+001,-6.40244e+000
-6.88182e-006,6.93217e-005,7.86133e-002,-3.41797e-003,7.60254e-001,7.37805e+000,-2.54268e+001,-7.74390e+000
-1.79599e-005,6.54612e-006,7.71484e-002,-3.41797e-003,7.58789e-001,8.10976e+000,-2.50000e+001,-8.29268e+000
2.13169e-005,-4.95155e-005,8.15430e-002,-6.83594e-003,7.50488e-001,9.20732e+000,-2.43293e+001,-9.14634e+000
5.48867e-005,-7.10002e-005,8.20313e-002,-4.88281e-003,7.49512e-001,9.93902e+000,-2.45122e+001,-9.93902e+000
2.06455e-005,-5.67330e-005,8.25195e-002,-7.81250e-003,7.53418e-001,1.11585e+001,-2.34146e+001,-1.08537e+001
-4.14588e-005,-7.21752e-006,8.34961e-002,-8.30078e-003,7.49023e-001,1.17073e+001,-2.31707e+001,-1.13415e+001
-8.52674e-005,-5.87472e-006,7.95898e-002,-4.88281e-004,7.45605e-001,1.26220e+001,-2.21341e+001,-1.22561e+001
-7.35180e-005,-5.87472e-005,7.95898e-002,-1.95313e-003,7.44141e-001,1.32927e+001,-2.15244e+001,-1.22561e+001
-4.44800e-005,-8.03998e-005,8.00781e-002,-3.41797e-003,7.36328e-001,1.46341e+001,-1.97561e+001,-1.37805e+001
-4.85084e-005,-9.68490e-005,7.56836e-002,-7.81250e-003,7.33398e-001,1.52439e+001,-1.85976e+001,-1.43902e+001
-8.20783e-005,-1.11620e-004,7.71484e-002,-3.90625e-003,7.32422e-001,1.68293e+001,-1.71951e+001,-1.58537e+001
-8.14069e-005,-1.01884e-004,7.17773e-002,-2.92969e-003,7.29492e-001,1.74390e+001,-1.66463e+001,-1.64024e+001
-5.94186e-005,-5.62295e-005,6.29883e-002,-1.95313e-003,7.25098e-001,1.90854e+001,-1.54268e+001,-1.73780e+001
-2.87022e-005,-3.17235e-005,5.90820e-002,-5.85938e-003,7.22656e-001,1.99390e+001,-1.56707e+001,-1.79878e+001
-9.56741e-006,3.30663e-005,5.90820e-002,-5.37109e-003,7.22168e-001,2.07927e+001,-1.59756e+001,-1.90854e+001
-5.03548e-006,4.59907e-005,5.02930e-002,-6.34766e-003,7.28027e-001,2.17073e+001,-1.60976e+001,-1.91463e+001
-1.12459e-005,9.23171e-006,4.63867e-002,-3.90625e-003,7.24609e-001,2.28659e+001,-1.73780e+001,-1.98171e+001
-3.39055e-005,1.44350e-005,4.58984e-002,2.92969e-003,7.28027e-001,2.38415e+001,-1.76220e+001,-1.97561e+001
-3.44091e-005,2.60166e-005,4.63867e-002,-1.46484e-003,7.33398e-001,2.51220e+001,-1.85366e+001,-2.07927e+001
-3.37377e-005,5.42153e-005,4.39453e-002,-1.95313e-003,7.38281e-001,2.50610e+001,-1.93293e+001,-2.09146e+001
-3.17235e-005,6.89860e-005,4.44336e-002,-2.44141e-003,7.41699e-001,2.64634e+001,-2.05488e+001,-2.15854e+001
-1.09102e-005,5.84115e-005,4.05273e-002,5.85938e-003,7.48047e-001,2.75000e+001,-2.16463e+001,-2.21951e+001
4.51514e-005,1.44350e-005,3.95508e-002,2.44141e-003,7.51465e-001,2.75000e+001,-2.26829e+001,-2.22561e+001
8.44282e-005,-6.00900e-005,3.95508e-002,7.32422e-003,7.61719e-001,2.83537e+001,-2.40244e+001,-2.28659e+001
7.63714e-005,-9.28206e-005,3.95508e-002,7.32422e-003,7.64160e-001,2.92073e+001,-2.47561e+001,-2.31098e+001
4.44800e-005,-1.03563e-004,3.80859e-002,1.17188e-002,7.70020e-001,2.94512e+001,-2.58537e+001,-2.33537e+001
1.77920e-005,-8.49317e-005,3.95508e-002,1.51367e-002,7.71973e-001,3.03659e+001,-2.64634e+001,-2.33537e+001
-3.60876e-005,-3.97803e-005,3.75977e-002,1.61133e-002,7.82715e-001,3.12805e+001,-2.87805e+001,-2.42073e+001
-8.07355e-005,-5.00191e-005,3.80859e-002,1.85547e-002,7.88086e-001,3.17073e+001,-2.91463e+001,-2.42683e+001
-5.94186e-005,-9.21492e-005,4.39453e-002,2.63672e-002,7.98828e-001,3.35366e+001,-2.90244e+001,-2.48171e+001
-3.40734e-005,-6.93217e-005,4.44336e-002,3.12500e-002,8.04199e-001,3.45122e+001,-2.91463e+001,-2.52439e+001
-5.25368e-005,5.03548e-006,5.17578e-002,2.97852e-002,8.08105e-001,3.58537e+001,-2.80488e+001,-2.60976e+001
-4.81727e-005,6.89860e-005,5.37109e-002,3.56445e-002,8.09570e-001,3.69512e+001,-2.75000e+001,-2.65244e+001
-4.51514e-005,8.10712e-005,6.44531e-002,4.05273e-002,8.18359e-001,3.75610e+001,-2.70732e+001,-2.79268e+001
-3.17235e-005,7.70428e-005,7.42188e-002,4.15039e-002,8.17871e-001,3.79878e+001,-2.67073e+001,-2.85366e+001
-5.03548e-006,9.03029e-005,8.05664e-002,4.44336e-002,8.17871e-001,3.92073e+001,-2.54268e+001,-2.93293e+001
-1.35958e-005,1.05577e-004,9.47266e-002,5.07813e-002,8.20801e-001,3.95732e+001,-2.50000e+001,-2.95122e+001
-3.37377e-005,7.13359e-005,9.76563e-002,5.51758e-002,8.22754e-001,4.10366e+001,-2.34756e+001,-3.00610e+001
-3.59197e-005,2.24918e-005,1.04980e-001,6.20117e-002,8.28613e-001,4.15854e+001,-2.23171e+001,-2.98171e+001
-3.27306e-005,-1.15816e-005,1.10352e-001,6.73828e-002,8.31543e-001,4.28659e+001,-1.92683e+001,-2.99390e+001
-1.46029e-005,-1.62814e-005,1.33301e-001,6.73828e-002,8.31543e-001,4.32927e+001,-1.75000e+001,-3.00610e+001
2.87022e-005,1.15312e-004,1.44531e-001,7.17773e-002,8.33984e-001,4.53659e+001,-1.25000e+001,-3.01829e+001
5.69009e-005,1.74395e-004,1.61133e-001,7.27539e-002,8.25195e-001,4.74390e+001,-7.62195e+000,-3.09756e+001
8.56031e-006,3.59197e-005,1.67480e-001,8.05664e-002,8.21289e-001,4.78049e+001,-5.85366e+000,-3.15854e+001
-9.73526e-006,-1.51904e-004,1.70898e-001,8.10547e-002,8.10547e-001,4.98171e+001,-1.95122e+000,-3.21341e+001
3.86053e-006,-2.27268e-004,1.64551e-001,8.54492e-002,8.08105e-001,4.98781e+001,-7.92683e-001,-3.23171e+001
-3.87732e-005,-1.47372e-004,1.55762e-001,8.88672e-002,8.12500e-001,5.18293e+001,2.01220e+000,-3.22561e+001
-4.26337e-005,-1.29747e-004,1.49414e-001,9.17969e-002,8.17871e-001,5.25000e+001,3.90244e+000,-3.15244e+001
3.07164e-005,-1.46532e-004,1.43066e-001,9.52148e-002,8.25684e-001,5.37195e+001,9.14634e+000,-3.10366e+001
5.13619e-005,-2.90379e-005,1.43555e-001,9.37500e-002,8.28613e-001,5.43293e+001,1.19512e+001,-3.08537e+001
1.25887e-005,-4.11231e-005,1.47949e-001,9.71680e-002,8.33496e-001,5.64024e+001,1.82927e+001,-3.07317e+001
1.19173e-005,-6.99931e-005,1.48438e-001,9.91211e-002,8.30078e-001,5.70732e+001,2.07927e+001,-3.08537e+001
3.74304e-005,-6.47898e-005,1.46973e-001,1.05469e-001,8.24707e-001,5.75000e+001,2.48171e+001,-3.04878e+001
2.70237e-005,-6.71397e-005,1.43066e-001,1.04492e-001,8.22266e-001,5.85366e+001,2.68293e+001,-3.05488e+001
4.69978e-006,-4.04517e-005,1.46484e-001,1.15234e-001,8.21777e-001,5.88415e+001,2.87805e+001,-3.02439e+001
1.39315e-005,6.88182e-006,1.42090e-001,1.13770e-001,8.32031e-001,5.91463e+001,2.99390e+001,-3.00000e+001
-2.56809e-005,9.21492e-005,1.35742e-001,1.15234e-001,8.37402e-001,5.89634e+001,3.06707e+001,-2.95122e+001
-6.79789e-005,9.65133e-005,1.23535e-001,1.23535e-001,8.50098e-001,5.89634e+001,3.07317e+001,-2.88415e+001
-8.66102e-005,5.27047e-005,1.16211e-001,1.29883e-001,8.53516e-001,5.89024e+001,3.04268e+001,-2.75000e+001
-9.29885e-005,-1.62814e-005,1.01074e-001,1.31348e-001,8.67188e-001,5.89634e+001,2.93293e+001,-2.67073e+001
-7.51965e-005,-3.47448e-005,9.37500e-002,1.36719e-001,8.65723e-001,5.92683e+001,2.69512e+001,-2.56098e+001
-5.25368e-005,-4.69978e-005,7.76367e-002,1.48926e-001,8.73047e-001,5.91463e+001,2.61585e+001,-2.49390e+001
-3.47448e-005,-2.09644e-004,6.78711e-002,1.55762e-001,8.73535e-001,5.78659e+001,2.34146e+001,-2.43293e+001
-2.80308e-005,-2.71077e-004,5.17578e-002,1.66504e-001,8.85742e-001,5.70122e+001,2.12805e+001,-2.42073e+001
-6.21042e-006,5.45510e-005,4.73633e-002,1.69922e-001,8.85254e-001,5.67683e+001,2.07317e+001,-2.41463e+001
3.34020e-005,3.84207e-004,3.90625e-002,1.75293e-001,8.88184e-001,5.57317e+001,1.89634e+001,-2.38415e+001
4.95155e-005,2.67384e-004,3.12500e-002,1.80664e-001,8.92578e-001,5.56707e+001,1.75610e+001,-2.43293e+001
4.21302e-005,6.29435e-005,1.41602e-002,1.88477e-001,8.96484e-001,5.45122e+001,1.42073e+001,-2.47561e+001
2.93736e-005,6.21042e-006,8.30078e-003,1.85059e-001,8.95508e-001,5.42683e+001,1.28049e+001,-2.51829e+001
2.97093e-005,-6.88182e-006,-5.37109e-003,1.84570e-001,8.97949e-001,5.35366e+001,8.10976e+000,-2.48780e+001
4.75013e-005,-4.86763e-006,-1.26953e-002,1.88965e-001,8.99414e-001,5.37805e+001,5.73171e+000,-2.46951e+001
5.32082e-005,-4.39765e-005,-1.56250e-002,1.86035e-001,9.01367e-001,5.31098e+001,0.00000e+000,-2.38415e+001
3.79339e-005,-7.35180e-005,-1.61133e-002,1.89941e-001,9.02344e-001,5.37195e+001,-2.13415e+000,-2.34756e+001
2.81987e-005,-2.93736e-005,-1.51367e-002,1.89453e-001,8.86230e-001,5.34756e+001,-6.70732e+000,-2.29878e+001
-4.19623e-006,3.74304e-005,-9.76563e-003,1.95313e-001,8.80371e-001,5.31098e+001,-8.53659e+000,-2.28049e+001
-7.16716e-005,6.29435e-005,9.76563e-003,1.94336e-001,8.63770e-001,5.31098e+001,-1.11585e+001,-2.28659e+001
-9.09743e-005,3.91089e-005,3.22266e-002,1.97754e-001,8.43750e-001,5.25000e+001,-1.21341e+001,-2.25610e+001
-7.73785e-005,2.85344e-005,4.68750e-002,1.95313e-001,8.41797e-001,5.14024e+001,-1.34756e+001,-2.25000e+001
-9.21492e-005,3.86053e-005,6.54297e-002,1.98730e-001,8.38379e-001,5.09146e+001,-1.40244e+001,-2.23171e+001
-8.39246e-005,1.16320e-004,7.42188e-002,2.02637e-001,8.37402e-001,5.00000e+001,-1.59146e+001,-2.20732e+001
-5.20333e-005,1.88327e-004,9.76563e-002,2.07520e-001,8.35449e-001,4.93293e+001,-1.71341e+001,-2.17683e+001
-5.55581e-005,1.66171e-004,1.06934e-001,2.14355e-001,8.40820e-001,4.85976e+001,-1.80488e+001,-2.15854e+001
-6.49577e-005,8.97993e-005,1.15234e-001,2.23145e-001,8.46680e-001,4.80488e+001,-1.90244e+001,-2.12805e+001
-5.15297e-005,1.29244e-005,1.26465e-001,2.30469e-001,8.48633e-001,4.73171e+001,-2.03049e+001,-2.10976e+001
-4.33051e-005,-2.46738e-005,1.34766e-001,2.30957e-001,8.53516e-001,4.62195e+001,-2.08537e+001,-2.01220e+001
-3.39055e-005,-3.30663e-005,1.41602e-001,2.30469e-001,8.56445e-001,4.56707e+001,-2.10976e+001,-2.00000e+001
-2.90379e-005,-1.56100e-005,1.46484e-001,2.44629e-001,8.63770e-001,4.43902e+001,-2.17073e+001,-1.90244e+001
-2.63523e-005,-1.35958e-005,1.49414e-001,2.46582e-001,8.62305e-001,4.40244e+001,-2.21951e+001,-1.89024e+001
-2.43381e-005,-3.10521e-005,1.58203e-001,2.53906e-001,8.68164e-001,4.26829e+001,-2.29268e+001,-1.89024e+001
1.09102e-005,-7.97284e-005,1.65527e-001,2.50977e-001,8.66699e-001,4.23171e+001,-2.37195e+001,-1.91463e+001
6.63004e-005,-1.06416e-004,1.69434e-001,2.47070e-001,8.74023e-001,4.19512e+001,-2.39024e+001,-1.92073e+001
7.62036e-005,-1.09773e-004,1.63086e-001,2.47070e-001,8.66699e-001,4.20732e+001,-2.35366e+001,-1.93902e+001
4.68299e-005,-1.04570e-004,1.62109e-001,2.40723e-001,8.70117e-001,4.21951e+001,-2.33537e+001,-1.91463e+001
1.51064e-006,-5.28725e-005,1.61133e-001,2.36816e-001,8.62305e-001,4.23171e+001,-2.32927e+001,-1.91463e+001
-1.49386e-005,4.11231e-005,1.55273e-001,2.28516e-001,8.53027e-001,4.25610e+001,-2.25610e+001,-1.90244e+001
-2.61845e-005,9.01350e-005,1.49414e-001,2.23633e-001,8.53027e-001,4.24390e+001,-2.25000e+001,-1.90244e+001
-4.36408e-006,6.19364e-005,1.34277e-001,2.19238e-001,8.44238e-001,4.21341e+001,-2.22561e+001,-1.92683e+001
1.14137e-005,9.23171e-006,1.21582e-001,2.17285e-001,8.41797e-001,4.18293e+001,-2.21951e+001,-1.92683e+001
3.86053e-006,-3.86053e-006,1.17188e-001,2.17285e-001,8.37402e-001,4.14024e+001,-2.19512e+001,-1.95122e+001
3.18914e-006,7.55322e-006,1.13281e-001,2.14355e-001,8.28125e-001,4.18293e+001,-2.20122e+001,-1.91463e+001
2.24918e-005,3.77661e-005,1.05957e-001,2.16309e-001,8.23242e-001,4.19512e+001,-2.22561e+001,-1.87805e+001
2.97093e-005,5.89151e-005,9.86328e-002,2.16309e-001,8.11523e-001,4.17073e+001,-2.25610e+001,-1.85366e+001
1.17494e-006,9.06386e-006,9.66797e-002,2.19727e-001,8.07617e-001,4.10976e+001,-2.37805e+001,-1.79878e+001
-2.97093e-005,-3.86053e-005,9.76563e-002,2.25098e-001,8.09570e-001,4.10976e+001,-2.45732e+001,-1.78049e+001
-5.33761e-005,-5.65652e-005,9.71680e-002,2.25098e-001,8.08105e-001,4.12805e+001,-2.56707e+001,-1.68293e+001
-5.99222e-005,-5.57259e-005,1.00586e-001,2.34863e-001,7.99805e-001,4.10976e+001,-2.70732e+001,-1.67073e+001
-8.30854e-005,-2.63523e-005,9.81445e-002,2.38281e-001,7.97363e-001,4.12805e+001,-2.76829e+001,-1.63415e+001
-1.18669e-004,2.87022e-005,1.02539e-001,2.37793e-001,7.91504e-001,4.08537e+001,-2.96341e+001,-1.60366e+001
-1.03731e-004,2.33310e-005,1.00098e-001,2.40234e-001,7.85645e-001,4.08537e+001,-3.02439e+001,-1.59756e+001
-7.36858e-005,1.17494e-006,1.08398e-001,2.49023e-001,7.85156e-001,4.00000e+001,-3.17683e+001,-1.57927e+001
-5.38796e-005,-4.64942e-005,1.09863e-001,2.49023e-001,7.83203e-001,3.98171e+001,-3.19512e+001,-1.55488e+001
-2.18204e-005,-5.27047e-005,1.17676e-001,2.50488e-001,7.80762e-001,3.89024e+001,-3.35366e+001,-1.55488e+001
1.82956e-005,-1.32601e-005,1.25000e-001,2.57813e-001,7.79785e-001,3.87805e+001,-3.37805e+001,-1.50610e+001
4.07874e-005,4.73335e-005,1.36719e-001,2.60254e-001,7.77832e-001,3.84146e+001,-3.52439e+001,-1.48171e+001
5.28725e-005,8.39246e-005,1.40625e-001,2.60742e-001,7.75391e-001,3.80488e+001,-3.62195e+001,-1.47561e+001
1.46029e-005,5.16976e-005,1.52832e-001,2.65137e-001,7.71973e-001,3.71951e+001,-3.71951e+001,-1.46951e+001
1.67849e-007,2.16526e-005,1.61621e-001,2.70020e-001,7.68555e-001,3.70122e+001,-3.68902e+001,-1.48780e+001
1.46029e-005,-3.79339e-005,1.59668e-001,2.68555e-001,7.76367e-001,3.66463e+001,-3.57317e+001,-1.48171e+001
2.73594e-005,-9.48348e-005,1.57715e-001,2.61719e-001,7.86621e-001,3.68293e+001,-3.53049e+001,-1.49390e+001
2.46738e-005,-1.22026e-004,1.53320e-001,2.61230e-001,7.89551e-001,3.85976e+001,-3.51220e+001,-1.53659e+001
1.04067e-005,-1.10277e-004,1.50879e-001,2.57813e-001,7.91992e-001,3.84146e+001,-3.53049e+001,-1.55488e+001
-2.70237e-005,-4.91798e-005,1.44531e-001,2.55859e-001,7.93945e-001,3.94512e+001,-3.32927e+001,-1.55488e+001
-3.47448e-005,3.52483e-006,1.36719e-001,2.50488e-001,7.99805e-001,3.93293e+001,-3.27439e+001,-1.59146e+001
-3.70947e-005,4.88441e-005,1.35254e-001,2.49512e-001,8.08594e-001,3.98780e+001,-3.21341e+001,-1.59146e+001
-2.18204e-005,9.51705e-005,1.25977e-001,2.43652e-001,8.15430e-001,4.03659e+001,-3.18902e+001,-1.58537e+001
1.72885e-005,7.63714e-005,1.28418e-001,2.46094e-001,8.11523e-001,4.08537e+001,-3.15854e+001,-1.49390e+001
-6.54612e-006,2.06455e-005,1.33789e-001,2.40723e-001,7.91504e-001,4.11585e+001,-3.21951e+001,-1.37195e+001
-3.23949e-005,-2.87022e-005,1.37207e-001,2.50977e-001,7.80762e-001,4.15244e+001,-3.21951e+001,-1.36585e+001
-2.45060e-005,-4.66621e-005,1.48926e-001,2.49023e-001,7.64160e-001,4.24390e+001,-3.26829e+001,-1.32317e+001
-1.66171e-005,-5.79080e-005,1.56250e-001,2.48047e-001,7.56836e-001,4.23171e+001,-3.26829e+001,-1.32317e+001
-3.52483e-006,-8.24140e-005,1.62598e-001,2.52441e-001,7.54395e-001,4.28049e+001,-3.30488e+001,-1.29268e+001
8.22461e-006,-8.30854e-005,1.66992e-001,2.54883e-001,7.54883e-001,4.31098e+001,-3.35976e+001,-1.27439e+001
3.18914e-006,-7.70428e-005,1.76270e-001,2.64648e-001,7.56348e-001,4.35976e+001,-3.35366e+001,-1.32317e+001
-6.21042e-006,-9.14778e-005,1.78223e-001,2.72461e-001,7.53418e-001,4.37805e+001,-3.34756e+001,-1.34146e+001
-1.96384e-005,-1.00206e-004,1.79688e-001,2.80273e-001,7.56348e-001,4.48171e+001,-3.26220e+001,-1.34756e+001
-3.10521e-005,-9.11421e-005,1.73340e-001,2.84668e-001,7.55859e-001,4.43902e+001,-3.25000e+001,-1.35366e+001
-2.73594e-005,-8.45960e-005,1.76270e-001,2.93945e-001,7.50488e-001,4.53659e+001,-3.14634e+001,-1.33537e+001
-1.15816e-005,-8.47639e-005,1.70898e-001,2.99316e-001,7.50488e-001,4.51220e+001,-3.13415e+001,-1.31707e+001
-4.86763e-006,-9.55062e-005,1.68457e-001,3.08105e-001,7.44141e-001,4.52439e+001,-3.04878e+001,-1.28049e+001
-8.89601e-006,-1.29076e-004,1.65527e-001,3.16895e-001,7.36816e-001,4.55488e+001,-3.03049e+001,-1.29268e+001
-8.56031e-006,-1.42504e-004,1.61621e-001,3.17383e-001,7.38281e-001,4.54878e+001,-2.98780e+001,-1.22561e+001
-7.21752e-006,-1.35286e-004,1.57227e-001,3.21289e-001,7.29980e-001,4.57317e+001,-2.97561e+001,-1.24390e+001
-1.32601e-005,-9.95346e-005,1.52832e-001,3.15918e-001,7.27539e-001,4.55488e+001,-3.09146e+001,-1.20732e+001
-2.83665e-005,-1.98062e-005,1.45020e-001,3.18359e-001,7.30957e-001,4.59756e+001,-3.09756e+001,-1.20122e+001
-4.02838e-005,4.61585e-005,1.39648e-001,3.17871e-001,7.30957e-001,4.61585e+001,-3.15244e+001,-1.22561e+001
-3.74304e-005,9.56741e-006,1.31348e-001,3.21777e-001,7.28516e-001,4.65244e+001,-3.13415e+001,-1.23171e+001
-2.36667e-005,-2.80308e-005,1.28418e-001,3.22266e-001,7.27539e-001,4.66463e+001,-3.16463e+001,-1.25000e+001
-1.10781e-005,-4.58228e-005,1.24023e-001,3.20801e-001,7.31934e-001,4.67073e+001,-3.22561e+001,-1.25000e+001
-1.25887e-005,-7.21752e-005,1.21582e-001,3.24707e-001,7.34863e-001,4.68293e+001,-3.27439e+001,-1.27439e+001
8.39246e-007,-9.04707e-005,1.15723e-001,3.25684e-001,7.46582e-001,4.68293e+001,-3.39634e+001,-1.34146e+001
2.06455e-005,-9.61776e-005,1.13281e-001,3.25195e-001,7.51953e-001,4.71341e+001,-3.50000e+001,-1.36585e+001
2.11490e-005,-5.11940e-005,1.13281e-001,3.22266e-001,7.51465e-001,4.75000e+001,-3.60366e+001,-1.40244e+001
5.03548e-007,-1.19173e-005,1.16211e-001,3.25195e-001,7.49023e-001,4.80488e+001,-3.62195e+001,-1.40854e+001
-1.49386e-005,3.18914e-006,1.13770e-001,3.26660e-001,7.38281e-001,4.88415e+001,-3.62805e+001,-1.43293e+001
-1.66171e-005,1.19173e-005,1.21094e-001,3.26660e-001,7.39258e-001,4.88415e+001,-3.60976e+001,-1.42073e+001
-3.03807e-005,1.15816e-005,1.29395e-001,3.30078e-001,7.30957e-001,5.00000e+001,-3.62805e+001,-1.43902e+001
-4.41444e-005,3.52483e-006,1.31836e-001,3.32031e-001,7.23633e-001,5.01829e+001,-3.66463e+001,-1.41463e+001
-3.34020e-005,-2.13169e-005,1.44043e-001,3.29590e-001,7.13867e-001,5.07317e+001,-3.71951e+001,-1.40244e+001
-2.61845e-005,-3.69268e-005,1.51855e-001,3.29102e-001,7.11914e-001,5.05488e+001,-3.76220e+001,-1.37805e+001
-4.98512e-005,-3.07164e-005,1.58203e-001,3.31055e-001,7.00684e-001,5.12805e+001,-3.81098e+001,-1.34756e+001
-2.04776e-005,-4.41444e-005,1.68945e-001,3.29102e-001,6.98242e-001,5.13415e+001,-3.85366e+001,-1.34146e+001
1.56100e-005,-3.20592e-005,1.72852e-001,3.28613e-001,6.99219e-001,5.20122e+001,-3.85366e+001,-1.32927e+001
3.86053e-006,9.23171e-006,1.72363e-001,3.30566e-001,6.99219e-001,5.26220e+001,-3.83537e+001,-1.35976e+001
-1.56100e-005,1.37636e-005,1.74805e-001,3.29102e-001,7.01660e-001,5.37805e+001,-3.80488e+001,-1.35366e+001
-2.26596e-005,2.51774e-006,1.77246e-001,3.31055e-001,7.13379e-001,5.44512e+001,-3.76829e+001,-1.38415e+001
-1.37636e-005,5.87472e-006,1.79199e-001,3.28613e-001,7.15332e-001,5.54268e+001,-3.71341e+001,-1.41463e+001
7.88891e-006,1.19173e-005,1.80664e-001,3.34473e-001,7.19727e-001,5.53049e+001,-3.71951e+001,-1.42073e+001
6.37827e-006,6.21042e-006,1.82129e-001,3.34961e-001,7.21191e-001,5.62195e+001,-3.61585e+001,-1.45122e+001
-2.46738e-005,-1.77920e-005,1.83594e-001,3.37891e-001,7.25098e-001,5.66463e+001,-3.54878e+001,-1.51220e+001
-2.97093e-005,-4.17945e-005,1.85059e-001,3.41309e-001,7.29980e-001,5.69512e+001,-3.53659e+001,-1.51829e+001
-3.23949e-005,-3.37377e-005,1.91406e-001,3.46191e-001,7.31934e-001,5.76829e+001,-3.51829e+001,-1.54268e+001
-3.59197e-005,-2.06455e-005,1.90918e-001,3.47168e-001,7.30469e-001,5.83537e+001,-3.51220e+001,-1.55488e+001
-2.70237e-005,7.88891e-006,1.90918e-001,3.49609e-001,7.27051e-001,5.91463e+001,-3.50000e+001,-1.59146e+001
-1.52743e-005,7.16716e-005,1.96289e-001,3.55469e-001,7.24121e-001,5.92073e+001,-3.53049e+001,-1.58537e+001
-1.66171e-005,1.17998e-004,2.02637e-001,3.66211e-001,7.19727e-001,6.04268e+001,-3.50610e+001,-1.64634e+001
-2.08133e-005,1.09606e-004,2.03613e-001,3.72070e-001,7.17285e-001,6.03049e+001,-3.54268e+001,-1.67683e+001
-1.54421e-005,7.36858e-005,2.09961e-001,3.82324e-001,7.12402e-001,6.10366e+001,-3.48780e+001,-1.71341e+001
-1.39315e-005,5.75723e-005,2.12402e-001,3.83789e-001,7.08008e-001,6.09146e+001,-3.51829e+001,-1.71341e+001
-1.51064e-005,5.28725e-005,2.10938e-001,3.90137e-001,6.97266e-001,6.08537e+001,-3.60366e+001,-1.73171e+001
-2.43381e-005,5.48867e-005,2.12891e-001,3.92578e-001,6.99219e-001,6.13415e+001,-3.62195e+001,-1.73171e+001
-2.58488e-005,5.47189e-005,2.14844e-001,3.97949e-001,6.85547e-001,6.13415e+001,-3.73780e+001,-1.76220e+001
-3.02129e-006,5.45510e-005,2.08008e-001,4.02344e-001,6.76758e-001,6.10366e+001,-3.79878e+001,-1.78049e+001
1.42672e-005,5.28725e-005,2.04102e-001,4.08203e-001,6.74805e-001,6.10366e+001,-3.97561e+001,-1.80488e+001
1.91348e-005,5.95865e-005,1.93359e-001,4.09668e-001,6.62598e-001,6.06098e+001,-4.12195e+001,-1.82927e+001
1.12459e-005,7.33501e-005,1.86523e-001,4.13086e-001,6.51367e-001,6.00000e+001,-4.44512e+001,-1.87195e+001
6.54612e-006,7.70428e-005,1.67480e-001,4.24805e-001,6.41602e-001,5.98781e+001,-4.53049e+001,-1.88415e+001
-2.51774e-006,7.70428e-005,1.59180e-001,4.28223e-001,6.41602e-001,5.85976e+001,-4.81098e+001,-1.89634e+001
-1.15816e-005,8.03998e-005,1.35254e-001,4.35059e-001,6.42090e-001,5.81707e+001,-4.90244e+001,-1.94512e+001
-1.69528e-005,7.63714e-005,1.30859e-001,4.38965e-001,6.40625e-001,5.76829e+001,-5.07317e+001,-2.01829e+001
-1.62814e-005,7.50286e-005,1.13770e-001,4.41895e-001,6.42090e-001,5.71951e+001,-5.31707e+001,-2.12195e+001
-1.44350e-005,7.67071e-005,1.10352e-001,4.45313e-001,6.42578e-001,5.68902e+001,-5.43902e+001,-2.14634e+001
-1.24208e-005,7.97284e-005,9.91211e-002,4.42383e-001,6.40137e-001,5.63415e+001,-5.64634e+001,-2.20122e+001
-1.22530e-005,7.57000e-005,9.22852e-002,4.42383e-001,6.39160e-001,5.61585e+001,-5.77439e+001,-2.21341e+001
-1.25887e-005,7.11681e-005,9.08203e-002,4.45801e-001,6.30859e-001,5.60366e+001,-6.06098e+001,-2.16463e+001
-1.25887e-005,6.96574e-005,9.42383e-002,4.46777e-001,6.28906e-001,5.64634e+001,-6.16463e+001,-2.11585e+001
-1.24208e-005,6.94896e-005,1.01074e-001,4.47754e-001,6.21582e-001,5.59146e+001,-6.40854e+001,-2.07317e+001
-1.10781e-005,6.42863e-005,1.08887e-001,4.46777e-001,6.18164e-001,5.58537e+001,-6.53049e+001,-2.00000e+001
-1.20851e-005,5.77401e-005,1.22070e-001,4.49219e-001,6.11816e-001,5.54878e+001,-6.70122e+001,-1.88415e+001
-1.56100e-005,5.33761e-005,1.34766e-001,4.46289e-001,6.08398e-001,5.51220e+001,-6.82927e+001,-1.82927e+001
-1.89670e-005,4.95155e-005,1.63574e-001,4.45313e-001,5.99121e-001,5.51220e+001,-6.88415e+001,-1.75610e+001
-1.57778e-005,4.73335e-005,1.73828e-001,4.41895e-001,6.00098e-001,5.48781e+001,-6.89634e+001,-1.72561e+001
-1.42672e-005,4.68299e-005,2.03125e-001,4.35547e-001,6.04980e-001,5.53049e+001,-6.91463e+001,-1.70122e+001
-1.32601e-005,5.13619e-005,2.27051e-001,4.33594e-001,6.06445e-001,5.58537e+001,-6.93293e+001,-1.67683e+001
-1.57778e-005,4.69978e-005,2.46582e-001,4.30176e-001,6.05469e-001,5.65244e+001,-6.85366e+001,-1.60366e+001
-2.71916e-005,4.44800e-005,2.63672e-001,4.32129e-001,6.15234e-001,5.62195e+001,-6.82317e+001,-1.57317e+001
-3.60876e-005,4.21302e-005,2.74902e-001,4.30664e-001,6.22070e-001,5.70122e+001,-6.74390e+001,-1.51829e+001
-4.44800e-005,3.81018e-005,2.85156e-001,4.27734e-001,6.16699e-001,5.68902e+001,-6.71951e+001,-1.51829e+001
-4.71656e-005,2.60166e-005,2.91016e-001,4.26270e-001,6.24023e-001,5.75000e+001,-6.62195e+001,-1.57317e+001
-3.44091e-005,2.66880e-005,2.95410e-001,4.30176e-001,6.35254e-001,5.81707e+001,-6.53659e+001,-1.60366e+001
-3.35698e-007,2.46738e-005,3.02734e-001,4.25293e-001,6.36719e-001,5.88415e+001,-6.39634e+001,-1.64024e+001
1.59457e-005,2.11490e-005,3.06152e-001,4.21387e-001,6.42090e-001,5.93293e+001,-6.21951e+001,-1.64024e+001
8.89601e-006,1.96384e-005,3.07129e-001,4.18457e-001,6.45020e-001,5.98171e+001,-6.07927e+001,-1.66463e+001
5.03548e-006,1.82956e-005,3.22266e-001,4.25293e-001,6.43066e-001,6.07317e+001,-5.87805e+001,-1.64634e+001
5.20333e-006,1.99741e-005,3.32520e-001,4.28711e-001,6.40137e-001,6.07927e+001,-5.76220e+001,-1.62805e+001
-5.03548e-007,1.47707e-005,3.54980e-001,4.30176e-001,6.40625e-001,6.20122e+001,-5.54878e+001,-1.65244e+001
-5.53903e-006,7.55322e-006,3.57422e-001,4.37012e-001,6.39160e-001,6.19512e+001,-5.49390e+001,-1.65244e+001
-2.18204e-006,4.86763e-006,3.77441e-001,4.45801e-001,6.25488e-001,6.29878e+001,-5.28049e+001,-1.61585e+001
-4.19623e-006,6.54612e-006,3.85254e-001,4.47754e-001,6.21582e-001,6.26220e+001,-5.28659e+001,-1.64634e+001
-4.86763e-006,2.18204e-006,3.90137e-001,4.57031e-001,6.18164e-001,6.35366e+001,-5.11585e+001,-1.67683e+001
1.84634e-006,-1.67849e-007,3.92090e-001,4.58496e-001,6.14746e-001,6.38415e+001,-5.04878e+001,-1.68293e+001
-2.85344e-006,5.53903e-006,3.88672e-001,4.64355e-001,6.03516e-001,6.48781e+001,-4.82927e+001,-1.73171e+001
-1.39315e-005,-3.86053e-006,3.88672e-001,4.70215e-001,5.96680e-001,6.48171e+001,-4.74390e+001,-1.75610e+001
-2.87022e-005,-2.63523e-005,3.85254e-001,4.80957e-001,5.97168e-001,6.55488e+001,-4.57317e+001,-1.80488e+001
-2.63523e-005,-3.70947e-005,3.76465e-001,4.88770e-001,5.94238e-001,6.61585e+001,-4.46341e+001,-1.81707e+001
4.19623e-006,-3.10521e-005,3.67676e-001,4.94629e-001,5.94238e-001,6.64634e+001,-4.37805e+001,-1.83537e+001
8.92958e-005,-4.19623e-006,3.55469e-001,5.04883e-001,5.85449e-001,6.68293e+001,-4.31707e+001,-1.83537e+001
2.49928e-004,2.08133e-005,3.48633e-001,5.14160e-001,5.80566e-001,6.71951e+001,-4.28049e+001,-1.83537e+001
3.21263e-004,-1.67849e-007,3.26660e-001,5.21484e-001,5.71289e-001,6.73171e+001,-4.23780e+001,-1.85366e+001
2.45228e-004,-8.72816e-006,3.19336e-001,5.25391e-001,5.66406e-001,6.81707e+001,-4.21341e+001,-1.92073e+001
1.24041e-004,-2.51774e-006,2.96875e-001,5.33203e-001,5.53711e-001,6.83537e+001,-4.20732e+001,-1.92683e+001
-9.78561e-005,-3.69268e-006,2.86621e-001,5.31738e-001,5.47363e-001,6.87805e+001,-4.29268e+001,-1.98171e+001
-3.38552e-004,5.03548e-007,2.62207e-001,5.33203e-001,5.37598e-001,7.00000e+001,-4.45122e+001,-2.04878e+001
-4.74342e-004,-4.86763e-006,2.52441e-001,5.39551e-001,5.33203e-001,6.98781e+001,-4.59146e+001,-2.06707e+001
-4.29191e-004,-1.25887e-005,2.33398e-001,5.42969e-001,5.28320e-001,7.04268e+001,-4.84146e+001,-2.11585e+001
-2.47913e-004,-2.36667e-005,2.21680e-001,5.45410e-001,5.21484e-001,7.06098e+001,-5.00000e+001,-2.21341e+001
-3.77661e-005,-3.50805e-005,2.15332e-001,5.55664e-001,5.16602e-001,7.04878e+001,-5.37805e+001,-2.31707e+001
9.65133e-005,-4.41444e-005,2.08496e-001,5.58105e-001,5.15137e-001,7.11585e+001,-5.56707e+001,-2.38415e+001
1.39986e-004,-7.50286e-005,1.95313e-001,5.62988e-001,5.13184e-001,7.17683e+001,-6.03049e+001,-2.47561e+001
1.32769e-004,-8.14069e-005,1.87988e-001,5.63965e-001,5.11230e-001,7.20122e+001,-6.23781e+001,-2.48171e+001
5.67330e-005,-2.60166e-005,1.92383e-001,5.72266e-001,5.03906e-001,7.24390e+001,-6.74390e+001,-2.59756e+001
-1.43847e-004,7.21752e-006,1.89453e-001,5.78125e-001,4.93652e-001,7.26829e+001,-7.00610e+001,-2.60366e+001
-2.77791e-004,3.18914e-006,1.92871e-001,5.83984e-001,4.77051e-001,7.29268e+001,-7.61585e+001,-2.59756e+001
-2.68727e-004,-2.06455e-005,1.94336e-001,5.85938e-001,4.73145e-001,7.29268e+001,-7.90854e+001,-2.57927e+001
-1.38476e-004,-9.19814e-005,1.98730e-001,5.97656e-001,4.69727e-001,7.27439e+001,-8.43902e+001,-2.57317e+001
3.81018e-005,-1.68353e-004,2.05566e-001,6.01563e-001,4.68750e-001,7.26829e+001,-8.68902e+001,-2.56098e+001
1.79263e-004,1.04570e-004,2.10449e-001,6.11816e-001,4.72168e-001,7.27439e+001,-9.22561e+001,-2.54268e+001
2.58320e-004,2.75944e-004,2.17773e-001,6.17188e-001,4.75586e-001,7.24390e+001,-9.44512e+001,-2.53659e+001
2.83162e-004,2.13169e-005,2.26074e-001,6.19629e-001,4.69238e-001,7.22561e+001,-9.89024e+001,-2.53049e+001
2.46906e-004,-1.21355e-004,2.89551e-001,6.06934e-001,4.76563e-001,7.20732e+001,-1.00915e+002,-2.53659e+001
8.34211e-005,-1.25719e-004,3.38379e-001,5.89355e-001,4.50684e-001,7.57927e+001,-1.01463e+002,-2.48171e+001
-1.33104e-004,-1.11620e-004,3.41309e-001,6.31348e-001,4.18945e-001,7.78049e+001,-1.00976e+002,-2.31707e+001
-2.52613e-004,1.94705e-005,3.15430e-001,6.64063e-001,4.46777e-001,7.32317e+001,-1.02805e+002,-2.26220e+001
-2.53956e-004,9.38277e-005,3.06641e-001,6.91895e-001,5.36133e-001,6.62195e+001,-1.06768e+002,-2.23171e+001
-1.62646e-004,1.75402e-004,3.25195e-001,6.87500e-001,4.96094e-001,6.65854e+001,-1.05915e+002,-2.17683e+001
1.86313e-005,1.61303e-004,3.66211e-001,6.80664e-001,4.54102e-001,7.04268e+001,-1.01220e+002,-1.98171e+001
2.10315e-004,-2.87022e-005,3.89648e-001,6.76758e-001,4.77051e-001,7.02439e+001,-9.85976e+001,-1.81098e+001
3.36370e-004,-1.16487e-004,4.65332e-001,6.61133e-001,5.60547e-001,6.72561e+001,-9.14634e+001,-1.03049e+001
2.91722e-004,-5.67330e-005,5.20508e-001,6.54785e-001,5.87891e-001,6.60976e+001,-8.71341e+001,-4.32927e+000
2.73091e-004,-2.50095e-005,6.48926e-001,6.62109e-001,6.02051e-001,6.61585e+001,-7.73171e+001,6.76829e+000
4.54871e-005,-7.40215e-005,7.14844e-001,6.59668e-001,6.02051e-001,6.70122e+001,-7.23171e+001,1.03049e+001
-2.06790e-004,9.23171e-006,8.54004e-001,6.67969e-001,6.07422e-001,6.90244e+001,-6.09756e+001,1.53659e+001
-3.50805e-004,1.20684e-004,9.09668e-001,6.74805e-001,6.25000e-001,6.85976e+001,-5.45732e+001,1.67683e+001
-4.83238e-004,7.35180e-005,1.00342e+000,6.90918e-001,7.21191e-001,6.60366e+001,-3.71341e+001,1.75610e+001
-4.31540e-004,1.40490e-004,1.03564e+000,6.96777e-001,7.87598e-001,6.46341e+001,-2.62805e+001,1.67073e+001
-2.52277e-004,2.51606e-004,1.08252e+000,6.91895e-001,9.03809e-001,6.25610e+001,-3.41463e+000,1.50000e+001
-1.02220e-004,-5.99222e-005,1.10791e+000,6.89941e-001,9.55566e-001,6.29268e+001,7.74390e+000,1.42683e+001
1.35958e-005,-4.14084e-004,1.11963e+000,6.89941e-001,9.66797e-001,6.38415e+001,2.64634e+001,1.23171e+001
3.47448e-005,-3.42748e-004,1.11572e+000,7.44141e-001,1.05908e+000,6.29878e+001,3.43293e+001,1.20122e+001
-1.48211e-004,-2.63523e-004,1.10010e+000,7.85156e-001,1.23291e+000,5.21341e+001,4.98171e+001,1.00000e+001
-3.50301e-004,-3.59701e-004,1.22314e+000,8.43750e-001,1.90332e+000,4.26829e+001,6.03659e+001,8.96342e+000
-3.11696e-004,-2.35996e-004,1.35986e+000,8.65723e-001,2.26270e+000,2.10976e+001,8.67683e+001,9.69512e+000
-1.27398e-004,-2.73594e-005,1.65088e+000,9.03809e-001,2.68311e+000,1.40854e+001,1.00000e+002,1.23171e+001
6.56291e-005,2.75608e-004,1.75488e+000,9.58984e-001,2.73291e+000,6.89024e+000,1.08110e+002,2.68293e+001
2.36500e-004,6.22217e-004,1.81006e+000,1.18945e+000,2.61865e+000,-4.69512e+000,9.17683e+001,4.92073e+001
6.06607e-004,5.27214e-004,1.77197e+000,1.31396e+000,2.56250e+000,-1.60976e+001,7.82317e+001,5.67683e+001
7.00435e-004,1.29412e-004,1.61523e+000,1.42725e+000,2.56152e+000,-4.26220e+001,5.41463e+001,6.00000e+001
4.57389e-004,-6.88182e-006,1.47314e+000,1.41113e+000,2.55029e+000,-5.39024e+001,4.59146e+001,5.67683e+001
1.27230e-004,1.22530e-005,1.11475e+000,1.32861e+000,2.44141e+000,-6.89024e+001,3.35366e+001,4.51220e+001
-2.84169e-004,-2.93736e-005,9.16504e-001,1.28271e+000,2.35010e+000,-7.35366e+001,2.59146e+001,3.71341e+001
-6.19532e-004,1.12459e-005,5.53223e-001,1.21094e+000,2.14453e+000,-7.98781e+001,8.17073e+000,1.97561e+001
-6.57130e-004,1.04906e-004,3.86719e-001,1.17334e+000,2.05371e+000,-8.21341e+001,-7.31707e-001,1.21341e+001
-6.28428e-004,3.12200e-005,9.52148e-002,1.08350e+000,1.87793e+000,-8.25610e+001,-1.68902e+001,3.65854e-001
-4.17441e-004,-3.50805e-005,-1.66016e-002,1.04248e+000,1.75928e+000,-8.19512e+001,-2.43902e+001,-3.35366e+000
-1.76242e-005,-5.99222e-005,-1.79688e-001,9.35059e-001,1.57764e+000,-7.96341e+001,-3.25610e+001,-7.01220e+000
3.67086e-004,-9.81918e-005,-3.13477e-001,8.17871e-001,1.40527e+000,-7.69512e+001,-3.46341e+001,-6.21951e+000
5.37285e-004,-2.81315e-004,-3.54980e-001,7.62207e-001,1.31543e+000,-6.90854e+001,-3.57927e+001,-2.43902e-001
5.14794e-004,-3.53994e-004,-3.98926e-001,6.64063e-001,1.13672e+000,-6.49390e+001,-3.56098e+001,4.69512e+000
3.69100e-004,-3.38216e-004,-4.06738e-001,6.24512e-001,1.05518e+000,-5.65854e+001,-3.44512e+001,1.48171e+001
1.25887e-004,-2.03098e-004,-3.96973e-001,5.65918e-001,9.15039e-001,-5.22561e+001,-3.34756e+001,2.00000e+001
-1.21187e-004,-6.37827e-006,-3.87207e-001,5.39551e-001,8.60840e-001,-4.42073e+001,-3.16463e+001,2.76829e+001
-3.27138e-004,9.95346e-005,-3.58398e-001,5.08301e-001,7.73926e-001,-4.02439e+001,-3.08537e+001,3.03049e+001
-3.50301e-004,2.09308e-004,-3.36914e-001,4.96094e-001,7.47070e-001,-3.28049e+001,-3.09756e+001,3.36585e+001
-3.16564e-004,3.77157e-004,-2.87598e-001,4.91211e-001,7.09961e-001,-2.93293e+001,-3.09756e+001,3.42683e+001
-1.52911e-004,4.41611e-004,-2.54883e-001,4.91699e-001,7.07031e-001,-2.24390e+001,-3.14024e+001,3.28659e+001
3.40734e-005,2.48249e-004,-1.79688e-001,5.00000e-001,7.06543e-001,-1.64024e+001,-3.29878e+001,2.97561e+001
9.83597e-005,1.04906e-004,-1.40137e-001,5.07324e-001,7.07031e-001,-1.34146e+001,-3.41463e+001,2.75000e+001
7.50286e-005,5.33761e-005,-5.12695e-002,5.17578e-001,7.23145e-001,-8.29268e+000,-3.64634e+001,2.39634e+001
6.41184e-005,-2.71916e-005,-5.85938e-003,5.30762e-001,7.36816e-001,-5.60976e+000,-3.71341e+001,2.23780e+001
4.11231e-005,-1.48547e-004,9.22852e-002,5.56152e-001,7.52441e-001,-1.15854e+000,-3.78659e+001,2.00610e+001
-1.22530e-005,-1.60967e-004,1.36719e-001,5.73730e-001,7.59766e-001,5.48781e-001,-3.81707e+001,1.92683e+001
-1.84634e-006,-1.69360e-004,2.35352e-001,6.09863e-001,7.72461e-001,3.04878e+000,-3.78659e+001,1.84756e+001
5.90829e-005,-2.22568e-004,2.78320e-001,6.23047e-001,7.78320e-001,4.20732e+000,-3.72561e+001,1.79878e+001
1.07591e-004,-1.12291e-004,3.52051e-001,6.47949e-001,7.90039e-001,5.97561e+000,-3.64024e+001,1.71951e+001
2.58320e-004,-8.10712e-005,3.80859e-001,6.62109e-001,7.88086e-001,6.28049e+000,-3.60366e+001,1.66463e+001
4.07034e-004,-1.08431e-004,4.35547e-001,6.83105e-001,7.95898e-001,7.01220e+000,-3.51829e+001,1.57317e+001
2.90715e-004,-2.53452e-005,4.64355e-001,6.90918e-001,7.89063e-001,6.82927e+000,-3.50000e+001,1.49390e+001
2.40024e-005,-1.15648e-004,4.76074e-001,6.90918e-001,7.82227e-001,6.95122e+000,-3.49390e+001,1.40244e+001
-7.13359e-005,-7.60357e-005,4.93164e-001,6.78711e-001,7.64648e-001,7.01220e+000,-3.51829e+001,1.33537e+001
-6.91539e-005,6.66362e-005,4.93652e-001,6.75293e-001,7.59766e-001,6.34146e+000,-3.54268e+001,1.23171e+001
-9.51705e-005,1.30755e-004,4.98047e-001,6.54297e-001,7.33887e-001,5.91463e+000,-3.59146e+001,1.19512e+001
-6.14328e-005,1.11788e-004,4.94141e-001,6.40137e-001,7.20703e-001,5.00000e+000,-3.71341e+001,1.13415e+001
1.17494e-005,5.42153e-005,4.85840e-001,6.15234e-001,6.95313e-001,4.57317e+000,-3.76829e+001,1.10366e+001
1.39483e-004,1.89670e-005,4.77539e-001,5.98633e-001,6.81641e-001,3.71951e+000,-3.94512e+001,1.11585e+001
4.53025e-004,8.39246e-007,4.69727e-001,5.71777e-001,6.50879e-001,3.10976e+000,-4.01220e+001,1.14024e+001
5.35271e-004,-1.40658e-004,4.63379e-001,5.56152e-001,6.33789e-001,2.56098e+000,-4.01829e+001,1.17683e+001
3.46944e-004,-1.14305e-004,4.47754e-001,5.34668e-001,6.04004e-001,1.40244e+000,-4.04268e+001,1.21951e+001
1.31762e-004,8.22461e-006,4.41895e-001,5.23438e-001,5.91797e-001,1.09756e+000,-4.08537e+001,1.24390e+001
-1.12627e-004,5.15297e-005,4.36523e-001,5.08301e-001,5.70313e-001,5.48781e-001,-4.11585e+001,1.33537e+001
-4.25162e-004,3.64233e-005,4.30176e-001,5.01465e-001,5.58594e-001,3.04878e-001,-4.14634e+001,1.44512e+001
-7.67407e-004,4.17945e-005,4.27734e-001,4.83887e-001,5.33691e-001,0.00000e+000,-4.16463e+001,1.53659e+001
-7.59182e-004,-4.69978e-006,4.31641e-001,4.78516e-001,5.21973e-001,-2.43902e-001,-4.17683e+001,1.55488e+001
-4.11398e-004,3.40734e-005,4.38965e-001,4.65820e-001,5.06348e-001,-8.53659e-001,-4.20122e+001,1.60366e+001
-8.20783e-005,6.46220e-005,4.45313e-001,4.59473e-001,4.99512e-001,-1.28049e+000,-4.19512e+001,1.62805e+001
7.87213e-005,8.62745e-005,4.52148e-001,4.45313e-001,4.82422e-001,-1.70732e+000,-4.23171e+001,1.60976e+001
1.31090e-004,3.35698e-005,4.52148e-001,4.41895e-001,4.76563e-001,-1.89024e+000,-4.21951e+001,1.60366e+001
7.87213e-005,-6.24399e-005,4.63379e-001,4.39941e-001,4.59961e-001,-2.50000e+000,-4.20732e+001,1.54268e+001
-4.07874e-005,-7.67071e-005,4.77539e-001,4.33594e-001,4.55078e-001,-2.86585e+000,-4.23171e+001,1.51220e+001
-2.07965e-004,-2.98772e-005,4.79492e-001,4.34082e-001,4.56543e-001,-2.98780e+000,-4.18902e+001,1.48171e+001
-2.74098e-004,6.21042e-006,4.91211e-001,4.39453e-001,4.58496e-001,-3.04878e+000,-4.11585e+001,1.43293e+001
-2.72419e-004,-3.30663e-005,4.97559e-001,4.37012e-001,4.58496e-001,-3.84146e+000,-4.00610e+001,1.35366e+001
-1.07591e-004,-9.38277e-005,5.09766e-001,4.42871e-001,4.54590e-001,-4.08537e+000,-3.96341e+001,1.29268e+001
3.39055e-005,-1.18334e-004,5.18555e-001,4.45313e-001,4.59473e-001,-4.81707e+000,-3.76829e+001,1.23780e+001
1.10277e-004,2.06455e-005,5.40039e-001,4.48730e-001,4.60449e-001,-4.81707e+000,-3.67073e+001,1.21951e+001
1.72381e-004,2.79805e-004,5.48340e-001,4.46777e-001,4.67285e-001,-5.54878e+000,-3.50000e+001,1.18902e+001
1.40490e-004,2.15183e-004,5.70313e-001,4.58008e-001,4.74609e-001,-6.03659e+000,-3.42073e+001,1.15854e+001
6.93217e-005,1.26055e-004,5.80078e-001,4.62402e-001,4.77539e-001,-6.76829e+000,-3.25000e+001,1.10366e+001
1.04906e-004,2.06455e-005,6.01563e-001,4.66797e-001,4.84375e-001,-7.98780e+000,-3.06707e+001,1.06707e+001
1.87823e-004,-8.64424e-005,6.12793e-001,4.70215e-001,4.86816e-001,-8.23171e+000,-2.96341e+001,1.04268e+001
7.88891e-005,-1.42672e-004,6.27441e-001,4.75586e-001,4.91699e-001,-9.45122e+000,-2.76829e+001,1.05488e+001
-1.13466e-004,-1.22866e-004,6.31836e-001,4.76074e-001,4.95605e-001,-1.01829e+001,-2.70732e+001,1.04268e+001
-1.28405e-004,-8.57710e-005,6.46973e-001,4.81934e-001,5.01953e-001,-1.13415e+001,-2.45122e+001,1.01829e+001
-1.29244e-005,-1.04906e-004,6.53809e-001,4.86816e-001,5.02930e-001,-1.18902e+001,-2.34146e+001,9.63415e+000
3.91089e-005,-7.33501e-005,6.45996e-001,4.94141e-001,5.07324e-001,-1.27439e+001,-2.01829e+001,9.51220e+000
2.36667e-005,-4.80049e-005,6.40625e-001,4.97559e-001,5.06836e-001,-1.35976e+001,-1.85366e+001,9.45122e+000
2.61509e-004,-1.21355e-004,6.33301e-001,4.96582e-001,5.12695e-001,-1.41463e+001,-1.48171e+001,9.08537e+000
4.04852e-004,-1.79263e-004,6.27930e-001,4.99512e-001,5.10742e-001,-1.50610e+001,-1.35976e+001,8.78049e+000
2.23072e-004,-1.22026e-004,6.08398e-001,5.07813e-001,5.15625e-001,-1.60976e+001,-1.06098e+001,8.29268e+000
-7.88891e-006,2.65202e-005,5.87402e-001,5.13184e-001,5.18066e-001,-1.74390e+001,-9.75610e+000,7.98780e+000
-2.11826e-004,7.75463e-005,5.74707e-001,5.14648e-001,5.21973e-001,-1.98171e+001,-8.78049e+000,7.80488e+000
-3.70443e-004,1.49386e-005,5.46875e-001,5.23438e-001,5.43945e-001,-2.09756e+001,-8.71951e+000,7.13415e+000
-4.75517e-004,1.44350e-005,5.34180e-001,5.28320e-001,5.53223e-001,-2.26220e+001,-7.86585e+000,6.52439e+000
-3.62890e-004,5.70687e-006,5.03418e-001,5.27832e-001,5.72754e-001,-2.32317e+001,-6.82927e+000,6.03659e+000
-1.33776e-004,-3.02129e-006,4.95117e-001,5.26855e-001,5.77148e-001,-2.37805e+001,-5.91463e+000,4.93902e+000
-4.44800e-005,6.88182e-006,4.79980e-001,5.22949e-001,5.85449e-001,-2.39634e+001,-5.48780e+000,4.08537e+000
3.77661e-005,-2.09812e-005,4.72656e-001,5.25391e-001,5.94727e-001,-2.39634e+001,-5.42683e+000,2.56098e+000
1.44183e-004,-9.56741e-005,4.59961e-001,5.14160e-001,6.11328e-001,-2.31098e+001,-4.57317e+000,2.31707e+000
1.81613e-004,-1.96216e-004,4.54590e-001,5.12207e-001,6.21582e-001,-2.22561e+001,-3.29268e+000,6.70732e-001
1.23873e-004,-2.42542e-004,4.53613e-001,5.06836e-001,6.37207e-001,-2.03049e+001,-2.13415e+000,-4.26829e-001
4.21302e-005,-1.59457e-004,4.52637e-001,5.05371e-001,6.39648e-001,-1.96951e+001,-1.64634e+000,-9.14634e-001
-1.00206e-004,-1.25216e-004,4.52148e-001,5.02930e-001,6.59180e-001,-1.86585e+001,-1.21951e+000,-1.58537e+000
-2.45228e-004,-6.93217e-005,4.52148e-001,5.04883e-001,6.65039e-001,-1.79878e+001,-9.14634e-001,-1.95122e+000
-2.58991e-004,-8.54353e-005,4.62891e-001,5.11719e-001,6.82617e-001,-1.70122e+001,-8.53659e-001,-2.31707e+000
-7.82177e-005,1.41833e-004,4.65820e-001,5.09277e-001,6.97754e-001,-1.70122e+001,-3.65854e-001,-2.62195e+000
1.19844e-004,4.37583e-004,4.70703e-001,5.10254e-001,7.22656e-001,-1.57927e+001,1.40244e+000,-2.50000e+000
1.94202e-004,2.76616e-004,4.79980e-001,5.13672e-001,7.28516e-001,-1.50000e+001,1.76829e+000,-2.31707e+000
1.44686e-004,1.19844e-004,4.93164e-001,5.15137e-001,7.38770e-001,-1.34756e+001,2.68293e+000,-1.52439e+000
1.01884e-004,5.20333e-006,5.03906e-001,5.18066e-001,7.45605e-001,-1.25610e+001,2.86585e+000,-1.15854e+000
-4.69978e-006,-5.69009e-005,5.18555e-001,5.20020e-001,7.53906e-001,-1.19512e+001,3.53659e+000,-1.82927e-001
-1.59625e-004,-8.09033e-005,5.24902e-001,5.22949e-001,7.66113e-001,-1.20732e+001,3.78049e+000,2.43902e-001
-2.29450e-004,-8.67781e-005,5.28320e-001,5.22461e-001,7.67090e-001,-1.10366e+001,4.75610e+000,1.52439e+000
-1.04570e-004,-9.08064e-005,5.33203e-001,5.29785e-001,7.68066e-001,-1.06098e+001,5.67073e+000,2.25610e+000
4.96834e-005,-8.39246e-005,5.32227e-001,5.30273e-001,7.65625e-001,-1.01220e+001,7.37805e+000,3.17073e+000
6.66362e-005,-5.65652e-005,5.30273e-001,5.32715e-001,7.50977e-001,-9.20732e+000,8.35366e+000,3.59756e+000
-1.96384e-005,-5.95865e-005,5.27832e-001,5.29297e-001,7.41211e-001,-8.78049e+000,8.65854e+000,5.24390e+000
-1.10948e-004,-5.62295e-005,5.13672e-001,5.31250e-001,7.37305e-001,-8.84146e+000,8.71951e+000,5.12195e+000
-4.34730e-005,-6.36149e-005,5.01953e-001,5.31738e-001,7.35840e-001,-8.53659e+000,9.02439e+000,6.03659e+000
-8.39246e-006,-8.76173e-005,4.76563e-001,5.31738e-001,7.20703e-001,-8.17073e+000,9.39024e+000,6.28049e+000
2.46738e-005,-8.00641e-005,4.56543e-001,5.34180e-001,7.12402e-001,-6.89024e+000,1.03659e+001,6.70732e+000
5.94186e-005,-5.92508e-005,4.27246e-001,5.23438e-001,7.04102e-001,-6.03659e+000,1.07317e+001,6.95122e+000
9.01350e-005,-6.42863e-005,4.10645e-001,5.20996e-001,6.96777e-001,-5.42683e+000,1.12805e+001,6.95122e+000
1.21355e-004,-6.59647e-005,3.85742e-001,5.16602e-001,6.90430e-001,-4.81707e+000,1.15244e+001,6.95122e+000
1.38140e-004,-7.88891e-006,3.73047e-001,5.13672e-001,6.87012e-001,-4.39024e+000,1.12195e+001,7.13415e+000
9.24849e-005,7.30144e-005,3.54980e-001,5.01465e-001,6.87012e-001,-3.65854e+000,1.06707e+001,6.95122e+000
6.89860e-005,9.68490e-005,3.48633e-001,4.96582e-001,6.82617e-001,-3.17073e+000,1.06098e+001,6.70732e+000
7.60357e-005,7.23430e-005,3.32520e-001,4.97070e-001,6.83594e-001,-2.62195e+000,9.51220e+000,6.58537e+000
4.44800e-005,4.19623e-006,3.32031e-001,4.95117e-001,6.81641e-001,-2.31707e+000,8.29268e+000,6.64634e+000
3.20592e-005,-1.42672e-005,3.18848e-001,4.91699e-001,6.87012e-001,-1.95122e+000,6.40244e+000,6.34146e+000
3.45769e-005,3.18914e-006,3.16895e-001,4.91211e-001,6.89941e-001,-1.58537e+000,5.85366e+000,6.15854e+000
2.06455e-005,8.89601e-006,3.16406e-001,4.85840e-001,7.01660e-001,-1.70732e+000,4.02439e+000,5.48780e+000
2.36667e-005,1.52743e-005,3.14453e-001,4.89258e-001,7.11426e-001,-1.70732e+000,2.80488e+000,5.06098e+000
2.78630e-005,1.00710e-005,3.16895e-001,4.88281e-001,7.17285e-001,-1.21951e+000,1.34146e+000,4.57317e+000
8.89601e-006,-1.22530e-005,3.22754e-001,4.82422e-001,7.19727e-001,-1.21951e+000,3.65854e-001,4.20732e+000
-2.78630e-005,-2.70237e-005,3.24219e-001,4.82910e-001,7.25586e-001,-5.48781e-001,-1.58537e+000,4.08537e+000
-5.70687e-005,-4.19623e-005,3.35449e-001,4.82422e-001,7.33398e-001,-4.87805e-001,-2.25610e+000,3.96341e+000
-4.12909e-005,-5.65652e-005,3.42285e-001,4.84375e-001,7.35352e-001,-6.09756e-001,-4.81707e+000,3.35366e+000
-2.24918e-005,-6.88182e-005,3.61328e-001,4.84375e-001,7.43652e-001,-4.26829e-001,-5.42683e+000,3.29268e+000
-2.56809e-005,-4.78370e-005,3.68652e-001,4.87305e-001,7.44141e-001,-9.14634e-001,-7.86585e+000,3.71951e+000
-4.01160e-005,5.08583e-005,3.85254e-001,4.88281e-001,7.47070e-001,-8.53659e-001,-8.35366e+000,3.47561e+000
-6.66362e-005,1.11284e-004,3.92578e-001,4.89746e-001,7.42676e-001,-9.14634e-001,-1.00000e+001,3.53659e+000
-7.30144e-005,8.61067e-005,4.03809e-001,4.94629e-001,7.39258e-001,-7.92683e-001,-1.09146e+001,3.84146e+000
-5.72366e-005,3.84375e-005,4.12598e-001,4.93652e-001,7.37793e-001,-9.75610e-001,-1.15854e+001,4.02439e+000
-5.25368e-005,4.14588e-005,4.26758e-001,4.91699e-001,7.29492e-001,-8.53659e-001,-1.25000e+001,4.14634e+000
-6.37827e-005,3.52483e-005,4.31152e-001,4.95117e-001,7.27539e-001,-8.53659e-001,-1.28049e+001,4.20732e+000
-5.43832e-005,-2.43381e-005,4.42871e-001,4.98535e-001,7.13867e-001,-9.14634e-001,-1.32927e+001,4.63415e+000
-4.24659e-005,-3.79339e-005,4.44336e-001,4.97559e-001,7.08008e-001,-7.31707e-001,-1.34146e+001,4.81707e+000
-2.11490e-005,-4.28016e-005,4.43359e-001,4.96582e-001,6.99219e-001,-7.31707e-001,-1.34146e+001,4.93902e+000
1.57778e-005,-3.77661e-005,4.42383e-001,4.92676e-001,6.96289e-001,-6.09756e-001,-1.36585e+001,4.81707e+000
7.60357e-005,-7.88891e-006,4.42383e-001,4.89746e-001,6.93848e-001,-7.92683e-001,-1.40854e+001,4.81707e+000
1.29244e-004,1.00710e-005,4.37012e-001,4.89258e-001,6.87988e-001,-6.70732e-001,-1.38415e+001,5.00000e+000
5.75723e-005,5.87472e-006,4.36035e-001,4.89258e-001,6.76758e-001,-8.53659e-001,-1.41463e+001,4.20732e+000
-7.78820e-005,4.01160e-005,4.33105e-001,4.80957e-001,6.70410e-001,-2.43902e-001,-1.37195e+001,4.14634e+000
-1.37469e-004,6.10971e-005,4.31641e-001,4.75098e-001,6.66016e-001,-5.48781e-001,-1.38415e+001,3.59756e+000
-2.17029e-004,2.29953e-005,4.27734e-001,4.67773e-001,6.55273e-001,-3.04878e-001,-1.33537e+001,3.59756e+000
-1.74060e-004,-6.21042e-006,4.31641e-001,4.69238e-001,6.51855e-001,1.82927e-001,-1.31098e+001,3.59756e+000
-1.03563e-004,-9.90310e-006,4.38965e-001,4.69238e-001,6.44531e-001,-4.26829e-001,-1.31098e+001,3.29268e+000
-9.24849e-005,-5.53903e-006,4.37500e-001,4.65332e-001,6.47949e-001,1.82927e-001,-1.26829e+001,3.04878e+000
-1.51736e-004,1.25887e-005,4.43359e-001,4.63867e-001,6.44043e-001,6.09756e-002,-1.25000e+001,2.92683e+000
-1.56771e-004,2.19883e-005,4.47754e-001,4.63867e-001,6.45020e-001,3.65854e-001,-1.17683e+001,2.92683e+000
-6.83146e-005,2.73594e-005,4.58008e-001,4.62402e-001,6.42578e-001,3.04878e-001,-1.17073e+001,3.04878e+000
1.52743e-005,3.39055e-005,4.67285e-001,4.61914e-001,6.47461e-001,6.70732e-001,-1.03049e+001,2.86585e+000
5.69009e-005,1.79599e-005,4.68262e-001,4.58008e-001,6.46484e-001,1.03659e+000,-9.08537e+000,2.80488e+000
5.15297e-005,8.72816e-006,4.69727e-001,4.60449e-001,6.48438e-001,1.34146e+000,-8.59756e+000,3.35366e+000
2.19883e-005,-2.16526e-005,4.76563e-001,4.63379e-001,6.44531e-001,1.21951e+000,-7.92683e+000,2.86585e+000
4.86763e-006,-4.58228e-005,4.76563e-001,4.67773e-001,6.46484e-001,1.03659e+000,-7.50000e+000,2.68293e+000
1.25887e-005,-4.33051e-005,4.76074e-001,4.67285e-001,6.47949e-001,1.03659e+000,-6.58537e+000,2.37805e+000
2.19883e-005,5.03548e-006,4.71191e-001,4.63867e-001,6.44043e-001,1.46341e+000,-5.97561e+000,2.31707e+000
9.90310e-006,3.27306e-005,4.64355e-001,4.71680e-001,6.49902e-001,1.58537e+000,-4.87805e+000,1.95122e+000
-8.39246e-006,-6.54612e-006,4.59961e-001,4.73145e-001,6.49902e-001,1.76829e+000,-4.02439e+000,1.46341e+000
-2.50095e-005,-2.13169e-005,4.55566e-001,4.75586e-001,6.50879e-001,1.89024e+000,-3.04878e+000,1.40244e+000
-5.00191e-005,-1.56100e-005,4.50684e-001,4.76563e-001,6.52344e-001,1.64634e+000,-3.04878e+000,1.40244e+000
-2.93736e-005,-3.52483e-006,4.51172e-001,4.77051e-001,6.52832e-001,1.82927e+000,-2.74390e+000,9.75610e-001
-2.65202e-005,3.62554e-005,4.48242e-001,4.74609e-001,6.50391e-001,1.76829e+000,-2.62195e+000,1.09756e+000
-4.04517e-005,4.09552e-005,4.45313e-001,4.78027e-001,6.47949e-001,1.46341e+000,-2.50000e+000,1.28049e+000
-3.75982e-005,-7.88891e-006,4.45313e-001,4.79980e-001,6.48438e-001,1.46341e+000,-2.13415e+000,1.15854e+000
-6.88182e-006,-1.69528e-005,4.42383e-001,4.82422e-001,6.48926e-001,1.34146e+000,-2.62195e+000,6.09756e-001
3.23949e-005,-9.73526e-006,4.34570e-001,4.85840e-001,6.54785e-001,1.15854e+000,-2.56098e+000,9.75610e-001
5.15297e-005,2.63523e-005,0.00000e+000,0.00000e+000,0.00000e+000,0.00000e+000,0.00000e+000,0.00000e+000
3.72625e-005,6.56291e-005,0.00000e+000,0.00000e+000,0.00000e+000,0.00000e+000,0.00000e+000,0.00000e+000
2.45060e-005,5.77401e-005,0.00000e+000,0.00000e+000,0.00000e+000,0.00000e+000,0.00000e+000,0.00000e+000
2.50095e-005,1.32601e-005,0.00000e+000,0.00000e+000,0.00000e+000,0.00000e+000,0.00000e+000,0.00000e+000
1.84634e-006,-1.19173e-005,0.00000e+000,0.00000e+000,0.00000e+000,0.00000e+000,0.00000e+000,0.00000e+000
-1.93027e-005,1.57778e-005,0.00000e+000,0.00000e+000,0.00000e+000,0.00000e+000,0.00000e+000,0.00000e+000
-1.62814e-005,3.07164e-005,0.00000e+000,0.00000e+000,0.00000e+000,0.00000e+000,0.00000e+000,0.00000e+000
-2.09812e-005,1.34279e-006,0.00000e+000,0.00000e+000,0.00000e+000,0.00000e+000,0.00000e+000,0.00000e+000
-4.64942e-005,-2.43381e-005,0.00000e+000,0.00000e+000,0.00000e+000,0.00000e+000,0.00000e+000,0.00000e+000
-5.84115e-005,-1.19173e-005,0.00000e+000,0.00000e+000,0.00000e+000,0.00000e+000,0.00000e+000,0.00000e+000
-9.04707e-005,2.53452e-005,0.00000e+000,0.00000e+000,0.00000e+000,0.00000e+000,0.00000e+000,0.00000e+000
-7.65393e-005,3.67590e-005,0.00000e+000,0.00000e+000,0.00000e+000,0.00000e+000,0.00000e+000,0.00000e+000
-9.56741e-006,7.72107e-006,0.00000e+000,0.00000e+000,0.00000e+000,0.00000e+000,0.00000e+000,0.00000e+000
4.53193e-006,-6.37827e-006,0.00000e+000,0.00000e+000,0.00000e+000,0.00000e+000,0.00000e+000,0.00000e+000
6.21042e-006,-1.22530e-005,0.00000e+000,0.00000e+000,0.00000e+000,0.00000e+000,0.00000e+000,0.00000e+000
4.51514e-005,-1.35958e-005,0.00000e+000,0.00000e+000,0.00000e+000,0.00000e+000,0.00000e+000,0.00000e+000
4.81727e-005,-2.60166e-005,0.00000e+000,0.00000e+000,0.00000e+000,0.00000e+000,0.00000e+000,0.00000e+000
2.13169e-005,-7.23430e-005,0.00000e+000,0.00000e+000,0.00000e+000,0.00000e+000,0.00000e+000,0.00000e+000
5.20333e-006,-3.52483e-005,0.00000e+000,0.00000e+000,0.00000e+000,0.00000e+000,0.00000e+000,0.00000e+000
-1.02388e-005,-1.89670e-005,0.00000e+000,0.00000e+000,0.00000e+000,0.00000e+000,0.00000e+000,0.00000e+000
-1.22530e-005,-4.48157e-005,0.00000e+000,0.00000e+000,0.00000e+000,0.00000e+000,0.00000e+000,0.00000e+000
-2.85344e-006,-5.22011e-005,0.00000e+000,0.00000e+000,0.00000e+000,0.00000e+000,0.00000e+000,0.00000e+000
7.38537e-006,-6.89860e-005,0.00000e+000,0.00000e+000,0.00000e+000,0.00000e+000,0.00000e+000,0.00000e+000
8.39246e-007,-5.65652e-005,0.00000e+000,0.00000e+000,0.00000e+000,0.00000e+000,0.00000e+000,0.00000e+000
4.53193e-006,-5.25368e-005,0.00000e+000,0.00000e+000,0.00000e+000,0.00000e+000,0.00000e+000,0.00000e+000
-6.37827e-006,1.35958e-005,0.00000e+000,0.00000e+000,0.00000e+000,0.00000e+000,0.00000e+000,0.00000e+000
-1.76242e-005,8.40925e-005,0.00000e+000,0.00000e+000,0.00000e+000,0.00000e+000,0.00000e+000,0.00000e+000
-2.65202e-005,6.99931e-005,0.00000e+000,0.00000e+000,0.00000e+000,0.00000e+000,0.00000e+000,0.00000e+000
-3.10521e-005,9.38277e-005,0.00000e+000,0.00000e+000,0.00000e+000,0.00000e+000,0.00000e+000,0.00000e+000
-3.03807e-005,7.90570e-005,0.00000e+000,0.00000e+000,0.00000e+000,0.00000e+000,0.00000e+000,0.00000e+000
-3.13878e-005,1.79599e-005,0.00000e+000,0.00000e+000,0.00000e+000,0.00000e+000,0.00000e+000,0.00000e+000
-2.50095e-005,-1.99741e-005,0.00000e+000,0.00000e+000,0.00000e+000,0.00000e+000,0.00000e+000,0.00000e+000
1.91348e-005,-1.66171e-005,0.00000e+000,0.00000e+000,0.00000e+000,0.00000e+000,0.00000e+000,0.00000e+000
3.27306e-005,-7.88891e-006,0.00000e+000,0.00000e+000,0.00000e+000,0.00000e+000,0.00000e+000,0.00000e+000
1.04067e-005,6.88182e-006,0.00000e+000,0.00000e+000,0.00000e+000,0.00000e+000,0.00000e+000,0.00000e+000
-7.72107e-006,4.78370e-005,0.00000e+000,0.00000e+000,0.00000e+000,0.00000e+000,0.00000e+000,0.00000e+000
-2.66880e-005,5.74044e-005,0.00000e+000,0.00000e+000,0.00000e+000,0.00000e+000,0.00000e+000,0.00000e+000
-2.33310e-005,1.35958e-005,0.00000e+000,0.00000e+000,0.00000e+000,0.00000e+000,0.00000e+000,0.00000e+000
-8.39246e-007,4.54871e-005,0.00000e+000,0.00000e+000,0.00000e+000,0.00000e+000,0.00000e+000,0.00000e+000
1.10781e-005,1.03563e-004,0.00000e+000,0.00000e+000,0.00000e+000,0.00000e+000,0.00000e+000,0.00000e+000
-2.34989e-006,1.08263e-004,0.00000e+000,0.00000e+000,0.00000e+000,0.00000e+000,0.00000e+000,0.00000e+000
-3.84375e-005,5.72366e-005,0.00000e+000,0.00000e+000,0.00000e+000,0.00000e+000,0.00000e+000,0.00000e+000
-5.48867e-005,-1.85977e-004,0.00000e+000,0.00000e+000,0.00000e+000,0.00000e+000,0.00000e+000,0.00000e+000
-6.29435e-005,-3.13207e-004,0.00000e+000,0.00000e+000,0.00000e+000,0.00000e+000,0.00000e+000,0.00000e+000
-6.88182e-005,2.87022e-005,0.00000e+000,0.00000e+000,0.00000e+000,0.00000e+000,0.00000e+000,0.00000e+000
-7.58679e-005,8.91279e-005,0.00000e+000,0.00000e+000,0.00000e+000,0.00000e+000,0.00000e+000,0.00000e+000
-7.23430e-005,3.69268e-006,0.00000e+000,0.00000e+000,0.00000e+000,0.00000e+000,0.00000e+000,0.00000e+000
-4.06195e-005,-6.49577e-005,0.00000e+000,0.00000e+000,0.00000e+000,0.00000e+000,0.00000e+000,0.00000e+000
-6.37827e-006,-1.31090e-004,0.00000e+000,0.00000e+000,0.00000e+000,0.00000e+000,0.00000e+000,0.00000e+000
8.22461e-006,-1.52407e-004,0.00000e+000,0.00000e+000,0.00000e+000,0.00000e+000,0.00000e+000,0.00000e+000
9.56741e-006,-1.15984e-004,0.00000e+000,0.00000e+000,0.00000e+000,0.00000e+000,0.00000e+000,0.00000e+000
1.12459e-005,-4.75013e-005,0.00000e+000,0.00000e+000,0.00000e+000,0.00000e+000,0.00000e+000,0.00000e+000
9.56741e-006,5.53903e-006,0.00000e+000,0.00000e+000,0.00000e+000,0.00000e+000,0.00000e+000,0.00000e+000
1.47707e-005,2.85344e-005,0.00000e+000,0.00000e+000,0.00000e+000,0.00000e+000,0.00000e+000,0.00000e+000
2.01419e-006,6.54612e-006,0.00000e+000,0.00000e+000,0.00000e+000,0.00000e+000,0.00000e+000,0.00000e+000
-4.26337e-005,-7.83856e-005,0.00000e+000,0.00000e+000,0.00000e+000,0.00000e+000,0.00000e+000,0.00000e+000
-7.67071e-005,-5.20333e-005,0.00000e+000,0.00000e+000,0.00000e+000,0.00000e+000,0.00000e+000,0.00000e+000
-8.54353e-005,-4.38087e-005,0.00000e+000,0.00000e+000,0.00000e+000,0.00000e+000,0.00000e+000,0.00000e+000
-9.18135e-005,-1.84634e-005,0.00000e+000,0.00000e+000,0.00000e+000,0.00000e+000,0.00000e+000,0.00000e+000
-6.99931e-005,2.81987e-005,0.00000e+000,0.00000e+000,0.00000e+000,0.00000e+000,0.00000e+000,0.00000e+000
-4.61585e-005,4.88441e-005,0.00000e+000,0.00000e+000,0.00000e+000,0.00000e+000,0.00000e+000,0.00000e+000
-2.73594e-005,4.95155e-005,0.00000e+000,0.00000e+000,0.00000e+000,0.00000e+000,0.00000e+000,0.00000e+000
1.05745e-005,-7.88891e-005,0.00000e+000,0.00000e+000,0.00000e+000,0.00000e+000,0.00000e+000,0.00000e+000
3.35698e-005,-1.13634e-004,0.00000e+000,0.00000e+000,0.00000e+000,0.00000e+000,0.00000e+000,0.00000e+000
4.17945e-005,3.27306e-005,0.00000e+000,0.00000e+000,0.00000e+000,0.00000e+000,0.00000e+000,0.00000e+000
3.94446e-005,4.64942e-005,0.00000e+000,0.00000e+000,0.00000e+000,0.00000e+000,0.00000e+000,0.00000e+000
1.39315e-005,1.16320e-004,0.00000e+000,0.00000e+000,0.00000e+000,0.00000e+000,0.00000e+000,0.00000e+000
2.85344e-006,1.95880e-004,0.00000e+000,0.00000e+000,0.00000e+000,0.00000e+000,0.00000e+000,0.00000e+000
1.19173e-005,1.87320e-004,0.00000e+000,0.00000e+000,0.00000e+000,0.00000e+000,0.00000e+000,0.00000e+000
3.17235e-005,1.57275e-004,0.00000e+000,0.00000e+000,0.00000e+000,0.00000e+000,0.00000e+000,0.00000e+000
1.69528e-005,1.60128e-004,0.00000e+000,0.00000e+000,0.00000e+000,0.00000e+000,0.00000e+000,0.00000e+000
-2.97093e-005,6.54612e-005,0.00000e+000,0.00000e+000,0.00000e+000,0.00000e+000,0.00000e+000,0.00000e+000
-3.57519e-005,-3.97803e-005,0.00000e+000,0.00000e+000,0.00000e+000,0.00000e+000,0.00000e+000,0.00000e+000
-1.89670e-005,-7.60357e-005,0.00000e+000,0.00000e+000,0.00000e+000,0.00000e+000,0.00000e+000,0.00000e+000
-3.05486e-005,-5.95865e-005,0.00000e+000,0.00000e+000,0.00000e+000,0.00000e+000,0.00000e+000,0.00000e+000
-4.64942e-005,-3.96124e-005,0.00000e+000,0.00000e+000,0.00000e+000,0.00000e+000,0.00000e+000,0.00000e+000
-3.30663e-005,-2.71916e-005,0.00000e+000,0.00000e+000,0.00000e+000,0.00000e+000,0.00000e+000,0.00000e+000
-8.22461e-006,-1.49386e-005,0.00000e+000,0.00000e+000,0.00000e+000,0.00000e+000,0.00000e+000,0.00000e+000
2.18204e-006,-2.06455e-005,0.00000e+000,0.00000e+000,0.00000e+000,0.00000e+000,0.00000e+000,0.00000e+000
3.18914e-006,-1.35958e-005,0.00000e+000,0.00000e+000,0.00000e+000,0.00000e+000,0.00000e+000,0.00000e+000
1.51064e-006,4.88441e-005,0.00000e+000,0.00000e+000,0.00000e+000,0.00000e+000,0.00000e+000,0.00000e+000
-1.93027e-005,1.50225e-004,0.00000e+000,0.00000e+000,0.00000e+000,0.00000e+000,0.00000e+000,0.00000e+000
-4.04517e-005,1.68353e-004,0.00000e+000,0.00000e+000,0.00000e+000,0.00000e+000,0.00000e+000,0.00000e+000
-4.76692e-005,-1.84634e-006,0.00000e+000,0.00000e+000,0.00000e+000,0.00000e+000,0.00000e+000,0.00000e+000
-4.17945e-005,-9.09743e-005,0.00000e+000,0.00000e+000,0.00000e+000,0.00000e+000,0.00000e+000,0.00000e+000
-1.96384e-005,-2.23239e-005,0.00000e+000,0.00000e+000,0.00000e+000,0.00000e+000,0.00000e+000,0.00000e+000
-1.39315e-005,-3.30663e-005,0.00000e+000,0.00000e+000,0.00000e+000,0.00000e+000,0.00000e+000,0.00000e+000
-3.47448e-005,-8.50996e-005,0.00000e+000,0.00000e+000,0.00000e+000,0.00000e+000,0.00000e+000,0.00000e+000
-3.91089e-005,-1.36126e-004,0.00000e+000,0.00000e+000,0.00000e+000,0.00000e+000,0.00000e+000,0.00000e+000
-1.96384e-005,-1.35119e-004,0.00000e+000,0.00000e+000,0.00000e+000,0.00000e+000,0.00000e+000,0.00000e+000
2.36667e-005,-9.41634e-005,0.00000e+000,0.00000e+000,0.00000e+000,0.00000e+000,0.00000e+000,0.00000e+000
6.42863e-005,-1.84634e-006,0.00000e+000,0.00000e+000,0.00000e+000,0.00000e+000,0.00000e+000,0.00000e+000
7.40215e-005,1.62814e-004,0.00000e+000,0.00000e+000,0.00000e+000,0.00000e+000,0.00000e+000,0.00000e+000
6.26078e-005,1.52239e-004,0.00000e+000,0.00000e+000,0.00000e+000,0.00000e+000,0.00000e+000,0.00000e+000
2.71916e-005,2.94575e-004,0.00000e+000,0.00000e+000,0.00000e+000,0.00000e+000,0.00000e+000,0.00000e+000
-1.22530e-005,2.97429e-004,0.00000e+000,0.00000e+000,0.00000e+000,0.00000e+000,0.00000e+000,0.00000e+000
-1.40993e-005,5.38796e-005,0.00000e+000,0.00000e+000,0.00000e+000,0.00000e+000,0.00000e+000,0.00000e+000
-7.55322e-006,3.12200e-005,0.00000e+000,0.00000e+000,0.00000e+000,0.00000e+000,0.00000e+000,0.00000e+000
-3.30663e-005,-7.21752e-006,0.00000e+000,0.00000e+000,0.00000e+000,0.00000e+000,0.00000e+000,0.00000e+000
-4.83406e-005,-9.41634e-005,0.00000e+000,0.00000e+000,0.00000e+000,0.00000e+000,0.00000e+000,0.00000e+000
-5.79080e-005,-2.19883e-005,0.00000e+000,0.00000e+000,0.00000e+000,0.00000e+000,0.00000e+000,0.00000e+000
-5.60616e-005,9.66812e-005,0.00000e+000,0.00000e+000,0.00000e+000,0.00000e+000,0.00000e+000,0.00000e+000
-6.54612e-006,4.80049e-005,0.00000e+000,0.00000e+000,0.00000e+000,0.00000e+000,0.00000e+000,0.00000e+000
3.32342e-005,-7.21752e-005,0.00000e+000,0.00000e+000,0.00000e+000,0.00000e+000,0.00000e+000,0.00000e+000
2.40024e-005,-1.66339e-004,0.00000e+000,0.00000e+000,0.00000e+000,0.00000e+000,0.00000e+000,0.00000e+000
1.46029e-005,-4.12909e-005,0.00000e+000,0.00000e+000,0.00000e+000,0.00000e+000,0.00000e+000,0.00000e+000
-5.03548e-007,6.16007e-005,0.00000e+000,0.00000e+000,0.00000e+000,0.00000e+000,0.00000e+000,0.00000e+000
2.19883e-005,-8.97993e-005,0.00000e+000,0.00000e+000,0.00000e+000,0.00000e+000,0.00000e+000,0.00000e+000
3.74304e-005,-1.21019e-004,0.00000e+000,0.00000e+000,0.00000e+000,0.00000e+000,0.00000e+000,0.00000e+000
1.67849e-005,-8.54353e-005,0.00000e+000,0.00000e+000,0.00000e+000,0.00000e+000,0.00000e+000,0.00000e+000
-8.89601e-006,-5.69009e-005,0.00000e+000,0.00000e+000,0.00000e+000,0.00000e+000,0.00000e+000,0.00000e+000
-2.24918e-005,-5.20333e-006,0.00000e+000,0.00000e+000,0.00000e+000,0.00000e+000,0.00000e+000,0.00000e+000
-1.62814e-005,5.45510e-005,0.00000e+000,0.00000e+000,0.00000e+000,0.00000e+000,0.00000e+000,0.00000e+000
-8.22461e-006,8.74495e-005,0.00000e+000,0.00000e+000,0.00000e+000,0.00000e+000,0.00000e+000,0.00000e+000
-3.10521e-005,5.75723e-005,0.00000e+000,0.00000e+000,0.00000e+000,0.00000e+000,0.00000e+000,0.00000e+000
-8.29175e-005,2.29953e-005,0.00000e+000,0.00000e+000,0.00000e+000,0.00000e+000,0.00000e+000,0.00000e+000
-1.34447e-004,-4.17945e-005,0.00000e+000,0.00000e+000,0.00000e+000,0.00000e+000,0.00000e+000,0.00000e+000
-1.32433e-004,-1.13130e-004,0.00000e+000,0.00000e+000,0.00000e+000,0.00000e+000,0.00000e+000,0.00000e+000
-1.30419e-004,-1.29076e-004,0.00000e+000,0.00000e+000,0.00000e+000,0.00000e+000,0.00000e+000,0.00000e+000
-9.95346e-005,-7.60357e-005,0.00000e+000,0.00000e+000,0.00000e+000,0.00000e+000,0.00000e+000,0.00000e+000
-4.51514e-005,1.56100e-005,0.00000e+000,0.00000e+000,0.00000e+000,0.00000e+000,0.00000e+000,0.00000e+000
1.27565e-005,2.70237e-005,0.00000e+000,0.00000e+000,0.00000e+000,0.00000e+000,0.00000e+000,0.00000e+000
3.54162e-005,5.37118e-006,0.00000e+000,0.00000e+000,0.00000e+000,0.00000e+000,0.00000e+000,0.00000e+000
3.60876e-005,5.20333e-006,0.00000e+000,0.00000e+000,0.00000e+000,0.00000e+000,0.00000e+000,0.00000e+000
3.97803e-005,-4.68299e-005,0.00000e+000,0.00000e+000,0.00000e+000,0.00000e+000,0.00000e+000,0.00000e+000
1.62814e-005,-8.30854e-005,0.00000e+000,0.00000e+000,0.00000e+000,0.00000e+000,0.00000e+000,0.00000e+000
-1.84634e-006,7.04967e-006,0.00000e+000,0.00000e+000,0.00000e+000,0.00000e+000,0.00000e+000,0.00000e+000
3.18914e-006,8.82887e-005,0.00000e+000,0.00000e+000,0.00000e+000,0.00000e+000,0.00000e+000,0.00000e+000
3.00450e-005,-1.22530e-005,0.00000e+000,0.00000e+000,0.00000e+000,0.00000e+000,0.00000e+000,0.00000e+000
5.20333e-005,-9.26528e-005,0.00000e+000,0.00000e+000,0.00000e+000,0.00000e+000,0.00000e+000,0.00000e+000
-3.55840e-005,-1.43511e-004,0.00000e+000,0.00000e+000,0.00000e+000,0.00000e+000,0.00000e+000,0.00000e+000
-1.02892e-004,-2.32975e-004,0.00000e+000,0.00000e+000,0.00000e+000,0.00000e+000,0.00000e+000,0.00000e+000
-2.09812e-005,-2.50935e-004,0.00000e+000,0.00000e+000,0.00000e+000,0.00000e+000,0.00000e+000,0.00000e+000
8.07355e-005,4.61585e-005,0.00000e+000,0.00000e+000,0.00000e+000,0.00000e+000,0.00000e+000,0.00000e+000
8.81209e-005,3.02296e-004,0.00000e+000,0.00000e+000,0.00000e+000,0.00000e+000,0.00000e+000,0.00000e+000
4.14588e-005,7.75463e-005,0.00000e+000,0.00000e+000,0.00000e+000,0.00000e+000,0.00000e+000,0.00000e+000
-3.35698e-007,-2.37003e-004,0.00000e+000,0.00000e+000,0.00000e+000,0.00000e+000,0.00000e+000,0.00000e+000
-2.92058e-005,-3.84375e-005,0.00000e+000,0.00000e+000,0.00000e+000,0.00000e+000,0.00000e+000,0.00000e+000
-3.94446e-005,2.15015e-004,0.00000e+000,0.00000e+000,0.00000e+000,0.00000e+000,0.00000e+000,0.00000e+000
-4.85084e-005,1.81781e-004,0.00000e+000,0.00000e+000,0.00000e+000,0.00000e+000,0.00000e+000,0.00000e+000
-4.88441e-005,5.45510e-005,0.00000e+000,0.00000e+000,0.00000e+000,0.00000e+000,0.00000e+000,0.00000e+000
-5.82437e-005,-6.99931e-005,0.00000e+000,0.00000e+000,0.00000e+000,0.00000e+000,0.00000e+000,0.00000e+000
-5.28725e-005,-2.76951e-005,0.00000e+000,0.00000e+000,0.00000e+000,0.00000e+000,0.00000e+000,0.00000e+000
-8.22461e-006,8.05676e-006,0.00000e+000,0.00000e+000,0.00000e+000,0.00000e+000,0.00000e+000,0.00000e+000
2.34989e-005,-9.06386e-006,0.00000e+000,0.00000e+000,0.00000e+000,0.00000e+000,0.00000e+000,0.00000e+000
2.80308e-005,-2.11490e-005,0.00000e+000,0.00000e+000,0.00000e+000,0.00000e+000,0.00000e+000,0.00000e+000
2.46738e-005,-2.80308e-005,0.00000e+000,0.00000e+000,0.00000e+000,0.00000e+000,0.00000e+000,0.00000e+000
3.60876e-005,-5.15297e-005,0.00000e+000,0.00000e+000,0.00000e+000,0.00000e+000,0.00000e+000,0.00000e+000
4.38087e-005,-3.13878e-005,0.00000e+000,0.00000e+000,0.00000e+000,0.00000e+000,0.00000e+000,0.00000e+000
2.13169e-005,3.34020e-005,0.00000e+000,0.00000e+000,0.00000e+000,0.00000e+000,0.00000e+000,0.00000e+000
-1.74563e-005,5.47189e-005,0.00000e+000,0.00000e+000,0.00000e+000,0.00000e+000,0.00000e+000,0.00000e+000
-6.42863e-005,5.45510e-005,0.00000e+000,0.00000e+000,0.00000e+000,0.00000e+000,0.00000e+000,0.00000e+000
-1.02220e-004,6.22721e-005,0.00000e+000,0.00000e+000,0.00000e+000,0.00000e+000,0.00000e+000,0.00000e+000
-1.37804e-004,8.67781e-005,0.00000e+000,0.00000e+000,0.00000e+000,0.00000e+000,0.00000e+000,0.00000e+000
-1.32097e-004,-5.55581e-005,0.00000e+000,0.00000e+000,0.00000e+000,0.00000e+000,0.00000e+000,0.00000e+000
-1.10948e-004,-2.24918e-004,,,,,,
-4.58228e-005,-1.76577e-004,,,,,,
1.98062e-005,-1.14641e-004,,,,,,
3.74304e-005,-1.41161e-004,,,,,,
4.33051e-005,-1.35790e-004,,,,,,
5.25368e-005,-1.28069e-004,,,,,,
4.16266e-005,-1.14473e-004,,,,,,
5.27047e-005,3.86053e-006,,,,,,
4.14588e-005,2.21729e-004,,,,,,
-8.05676e-006,3.83871e-004,,,,,,
-6.68040e-005,2.81819e-004,,,,,,
-8.67781e-005,1.06920e-004,,,,,,
-7.40215e-005,6.02579e-005,,,,,,
-6.19364e-005,5.94186e-005,,,,,,
-3.59197e-005,-8.39246e-006,,,,,,
-1.51064e-005,-1.17494e-005,,,,,,
2.51774e-006,4.11231e-005,,,,,,
4.69978e-006,-1.16320e-004,,,,,,
-7.72107e-006,-1.35958e-004,,,,,,
-1.12459e-005,5.48867e-005,,,,,,
-8.56031e-006,8.09033e-005,,,,,,
-8.39246e-006,-5.85794e-005,,,,,,
1.59457e-005,-1.39315e-004,,,,,,
5.35439e-005,-1.51400e-004,,,,,,
5.30404e-005,-1.45861e-004,,,,,,
2.16526e-005,-1.26894e-004,,,,,,
2.31632e-005,-1.35286e-004,,,,,,
2.50095e-005,-1.03563e-004,,,,,,
-1.86313e-005,-9.90310e-006,,,,,,
-2.63523e-005,3.84375e-005,,,,,,
-6.71397e-007,1.21355e-004,,,,,,
-7.55322e-006,1.93530e-004,,,,,,
-4.78370e-005,1.45525e-004,,,,,,
-8.07355e-005,8.47639e-005,,,,,,
-8.07355e-005,3.00450e-005,,,,,,
-4.33051e-005,2.85344e-006,,,,,,
-2.58488e-005,3.52483e-005,,,,,,
-1.86313e-005,9.68490e-005,,,,,,
-2.48417e-005,1.63989e-004,,,,,,
-4.49836e-005,5.58938e-005,,,,,,
-3.20592e-005,-3.03807e-005,,,,,,
-1.84634e-006,-6.99931e-005,,,,,,
2.51774e-006,-9.23171e-005,,,,,,
-8.39246e-007,-8.84566e-005,,,,,,
-7.55322e-006,-1.13298e-004,,,,,,
-3.10521e-005,-1.68017e-004,,,,,,
-5.25368e-005,-1.84131e-004,,,,,,
-6.52934e-005,8.81209e-005,,,,,,
-7.75463e-005,1.85473e-004,,,,,,
-3.65911e-005,1.27398e-004,,,,,,
2.33310e-005,1.37133e-004,,,,,,
7.20073e-005,6.86503e-005,,,,,,
1.39315e-005,-5.53903e-006,,,,,,
-6.39506e-005,-2.53452e-005,,,,,,
-5.33761e-005,-2.73594e-005,,,,,,
3.44091e-005,1.30922e-005,,,,,,
7.53643e-005,5.92508e-005,,,,,,
7.93927e-005,8.02319e-005,,,,,,
6.00900e-005,6.56291e-005,,,,,,
5.87472e-006,2.66880e-005,,,,,,
-1.69528e-005,-1.64492e-005,,,,,,
-2.03098e-005,-4.81727e-005,,,,,,
-5.65652e-005,-4.07874e-005,,,,,,
-7.90570e-005,-3.30663e-005,,,,,,
-5.00191e-005,-4.64942e-005,,,,,,
-1.25887e-005,-4.53193e-005,,,,,,
-2.09812e-005,-4.93477e-005,,,,,,
-1.51064e-005,-6.39506e-005,,,,,,
1.59457e-005,-7.67071e-005,,,,,,
2.60166e-005,-9.88632e-005,,,,,,
-2.51774e-006,-1.35286e-004,,,,,,
8.89601e-006,-1.17662e-004,,,,,,
4.58228e-005,-3.12200e-005,,,,,,
3.67590e-005,3.35698e-006,,,,,,
1.84634e-006,-2.56809e-005,,,,,,
-1.56100e-005,6.22721e-005,,,,,,
-4.95155e-005,2.16022e-004,,,,,,
-1.36629e-004,1.90173e-004,,,,,,
-1.63317e-004,7.10002e-005,,,,,,
-1.45190e-004,-5.20333e-006,,,,,,
-1.15312e-004,-2.93736e-005,,,,,,
-3.18914e-005,-1.82956e-005,,,,,,
3.74304e-005,-1.29244e-005,,,,,,
3.74304e-005,-3.15557e-005,,,,,,
3.13878e-005,-4.64942e-005,,,,,,
2.18204e-006,-1.00710e-005,,,,,,
-3.50805e-005,4.14588e-005,,,,,,
-7.90570e-005,1.67849e-005,,,,,,
-8.14069e-005,-4.21302e-005,,,,,,
-4.41444e-005,-8.54353e-005,,,,,,
-1.51064e-006,-1.05241e-004,,,,,,
4.11231e-005,-1.11955e-004,,,,,,
4.71656e-005,-1.15816e-004,,,,,,
3.94446e-005,-8.49317e-005,,,,,,
3.02129e-006,-5.25368e-005,,,,,,
-2.33310e-005,-2.43381e-005,,,,,,
-2.36667e-005,-5.87472e-006,,,,,,
-2.78630e-005,-1.22530e-005,,,,,,
-3.07164e-005,-2.50095e-005,,,,,,
-1.30922e-005,-2.51774e-006,,,,,,
4.91798e-005,1.32601e-005,,,,,,
7.55322e-005,-7.38537e-006,,,,,,
3.87732e-005,-2.09812e-005,,,,,,
9.90310e-006,-2.43381e-005,,,,,,
2.16526e-005,-4.28016e-005,,,,,,
2.61845e-005,-4.26337e-005,,,,,,
1.93027e-005,-1.12459e-005,,,,,,
1.67849e-006,-6.21042e-006,,,,,,
-1.15816e-005,-8.39246e-007,,,,,,
-3.81018e-005,5.53903e-006,,,,,,
-5.28725e-005,-3.35698e-007,,,,,,
-2.81987e-005,-1.49386e-005,,,,,,
-2.66880e-005,-7.04967e-006,,,,,,
-1.81277e-005,-2.85344e-006,,,,,,
1.89670e-005,-2.09812e-005,,,,,,
4.95155e-005,-1.76242e-005,,,,,,
3.72625e-005,3.86053e-005,,,,,,
3.86053e-006,9.21492e-005,,,,,,
-1.62814e-005,4.76692e-005,,,,,,
-7.87213e-005,-1.49386e-005,,,,,,
-1.29076e-004,-4.71656e-005,,,,,,
-1.17662e-004,-5.99222e-005,,,,,,
-5.08583e-005,-5.48867e-005,,,,,,
8.22461e-006,1.40993e-005,,,,,,
3.37377e-005,1.53582e-004,,,,,,
5.79080e-005,2.15686e-004,,,,,,
1.12459e-005,1.36629e-004,,,,,,
-4.17945e-005,6.46220e-005,,,,,,
-5.79080e-005,3.91089e-005,,,,,,
-2.06455e-005,2.83665e-005,,,,,,
1.30922e-005,2.16526e-005,,,,,,
2.66880e-005,1.79599e-005,,,,,,
2.66880e-005,8.05676e-006,,,,,,
7.72107e-006,-7.21752e-006,,,,,,
-6.37827e-006,-1.22530e-005,,,,,,
-3.54162e-005,-4.19623e-006,,,,,,
-6.19364e-005,-3.35698e-007,,,,,,
-4.01160e-005,-6.54612e-006,,,,,,
-2.23239e-005,-1.57778e-005,,,,,,
-1.77920e-005,-2.33310e-005,,,,,,
-1.09102e-005,-1.35958e-005,,,,,,
-2.13169e-005,-8.72816e-006,,,,,,
-4.01160e-005,-1.66171e-005,,,,,,
-5.06905e-005,-4.44800e-005,,,,,,
-3.70947e-005,-3.77661e-005,,,,,,
-1.14137e-005,-2.29953e-005,,,,,,
1.07424e-005,-1.79599e-005,,,,,,
-5.87472e-006,-2.04776e-005,,,,,,
-5.74044e-005,-2.29953e-005,,,,,,
-7.53643e-005,-2.36667e-005,,,,,,
-2.71916e-005,-2.40024e-005,,,,,,
-7.21752e-006,-4.01160e-005,,,,,,
5.20333e-006,-4.93477e-005,,,,,,
4.26337e-005,-5.58938e-005,,,,,,
5.33761e-005,-6.47898e-005,,,,,,
2.70237e-005,-6.59647e-005,,,,,,
7.04967e-006,-6.12650e-005,,,,,,
-2.85344e-006,-5.60616e-005,,,,,,
-1.02388e-005,-5.62295e-005,,,,,,
-1.15816e-005,-5.58938e-005,,,,,,
-9.56741e-006,-6.14328e-005,,,,,,
-1.15816e-005,-6.59647e-005,,,,,,
-1.49386e-005,-5.72366e-005,,,,,,
-1.56100e-005,-4.24659e-005,,,,,,
-1.91348e-005,-4.51514e-005,,,,,,
-2.19883e-005,-3.57519e-005,,,,,,
-2.83665e-005,-1.79599e-005,,,,,,
-2.90379e-005,-1.22530e-005,,,,,,
-3.77661e-005,-1.09102e-005,,,,,,
-2.71916e-005,-9.23171e-006,,,,,,
-8.89601e-006,-4.36408e-006,,,,,,
-2.01419e-006,5.03548e-006,,,,,,
-5.87472e-006,1.25887e-005,,,,,,
-4.19623e-006,1.05745e-005,,,,,,
8.39246e-007,1.15816e-005,,,,,,
-1.84634e-006,2.80308e-005,,,,,,
-6.54612e-006,2.34989e-005,,,,,,
8.39246e-007,3.99481e-005,,,,,,
1.57778e-005,3.87732e-005,,,,,,
3.17235e-005,3.27306e-005,,,,,,
6.26078e-005,7.82177e-005,,,,,,
6.36149e-005,1.48547e-004,,,,,,
4.48157e-005,1.05913e-004,,,,,,
4.63264e-005,2.70237e-005,,,,,,
3.07164e-005,4.53193e-006,,,,,,
4.19623e-006,9.06386e-006,,,,,,
-5.18654e-005,-3.02129e-006,,,,,,
-8.61067e-005,-5.25368e-005,,,,,,
-1.08263e-004,-1.22026e-004,,,,,,
-6.83146e-005,-1.55764e-004,,,,,,
-2.03098e-005,8.89601e-005,,,,,,
-1.62814e-005,3.02464e-004,,,,,,
-1.67849e-007,1.37469e-004,,,,,,
-5.79080e-005,4.48157e-005,,,,,,
-1.96384e-004,1.14137e-004,,,,,,
-1.97223e-004,5.42153e-005,,,,,,
-1.71038e-004,2.80308e-005,,,,,,
-1.31594e-004,1.88495e-004,,,,,,
-6.93217e-005,9.23171e-005,,,,,,
-4.31373e-005,-8.30854e-005,,,,,,
-2.23239e-005,-1.26558e-004,,,,,,
4.34730e-005,-3.44091e-005,,,,,,
7.41894e-005,2.11490e-005,,,,,,
8.10712e-005,3.91089e-005,,,,,,
1.68688e-004,2.14343e-004,,,,,,
3.31167e-004,2.99611e-004,,,,,,
3.93942e-004,-1.44350e-005,,,,,,
3.14382e-004,-1.19005e-004,,,,,,
1.24376e-004,5.15297e-005,,,,,,
-1.02892e-004,-9.55062e-005,,,,,,
-4.06699e-004,-1.33776e-004,,,,,,
-6.25238e-004,1.10781e-005,,,,,,
-5.83276e-004,-2.11490e-005,,,,,,
-4.56886e-004,-5.65652e-005,,,,,,
-2.55970e-004,-1.31762e-004,,,,,,
1.95544e-004,-8.40925e-005,,,,,,
5.11772e-004,1.91516e-004,,,,,,
5.61791e-004,2.58320e-004,,,,,,
5.09087e-004,1.12627e-004,,,,,,
3.54330e-004,1.11955e-004,,,,,,
-1.76242e-005,5.95865e-005,,,,,,
-4.48661e-004,-6.69719e-005,,,,,,
-5.99557e-004,-1.02556e-004,,,,,,
-4.74845e-004,-1.89837e-004,,,,,,
-2.84672e-004,-1.21691e-004,,,,,,
6.00900e-005,-1.72885e-005,,,,,,
3.11025e-004,4.78370e-005,,,,,,
3.81521e-004,8.66102e-005,,,,,,
2.85176e-004,1.13802e-004,,,,,,
1.23369e-004,-2.50095e-005,,,,,,
-1.99741e-005,-9.24849e-005,,,,,,
-2.31632e-004,1.03227e-004,,,,,,
-4.00320e-004,2.75776e-004,,,,,,
-4.96330e-004,2.48249e-004,,,,,,
-3.59365e-004,2.38682e-004,,,,,,
-2.34821e-004,1.98062e-004,,,,,,
-7.04967e-005,-8.86244e-005,,,,,,
3.94446e-005,-1.05745e-004,,,,,,
2.03098e-005,4.29694e-005,,,,,,
4.75013e-005,-1.70031e-004,,,,,,
3.54162e-005,-2.78126e-004,,,,,,
5.30404e-005,-1.56603e-004,,,,,,
2.03098e-005,-1.12291e-004,,,,,,
-6.47898e-005,-7.73785e-005,,,,,,
-1.05577e-004,7.23430e-005,,,,,,
5.87472e-006,1.61639e-004,,,,,,
1.03227e-004,-1.19173e-005,,,,,,
1.14473e-004,-2.42878e-004,,,,,,
2.84840e-004,-3.15724e-004,,,,,,
4.42115e-004,-2.19043e-004,,,,,,
2.76280e-004,-1.32433e-004,,,,,,
6.73075e-005,2.66880e-005,,,,,,
-1.80102e-004,2.76280e-004,,,,,,
-2.09812e-004,6.47730e-004,,,,,,
-3.52483e-005,7.26619e-004,,,,,,
4.04517e-005,2.94408e-004,,,,,,
3.92767e-005,-5.52224e-005,,,,,,
6.37827e-005,-1.76745e-004,,,,,,
2.66209e-004,-2.53956e-004,,,,,,
3.79171e-004,-2.30625e-004,,,,,,
2.77791e-004,-1.24376e-004,,,,,,
4.58228e-005,1.93027e-005,,,,,,
-2.24750e-004,5.05226e-005,,,,,,
-2.75441e-004,-9.90311e-005,,,,,,
-1.95209e-004,-1.63989e-004,,,,,,
5.55581e-005,7.75463e-005,,,,,,
2.94911e-004,1.81781e-004,,,,,,
2.79469e-004,-1.09102e-005,,,,,,
3.79339e-005,-8.96315e-005,,,,,,
-2.83833e-004,-1.57275e-004,,,,,,
-4.37919e-004,-3.37881e-004,,,,,,
-5.65988e-004,-2.78798e-004,,,,,,
-5.64981e-004,3.86053e-006,,,,,,
-3.22438e-004,-3.18914e-006,,,,,,
-1.55932e-004,-2.18204e-006,,,,,,
2.11490e-005,9.29885e-005,,,,,,
1.17830e-004,1.81781e-004,,,,,,
1.50896e-004,4.21302e-005,,,,,,
1.74060e-004,-2.45396e-004,,,,,,
1.36797e-004,-3.20424e-004,,,,,,
-1.59457e-005,-2.08469e-004,,,,,,
-5.45510e-005,-1.17662e-004,,,,,,
-2.03098e-005,2.16526e-005,,,,,,
-5.70687e-005,1.12963e-004,,,,,,
1.69863e-004,2.31128e-004,,,,,,
3.95621e-004,3.45937e-004,,,,,,
5.13619e-004,6.71397e-005,,,,,,
4.75853e-004,-2.56977e-004,,,,,,
2.51606e-004,-2.02930e-004,,,,,,
-5.05226e-005,-6.22721e-005,,,,,,
-4.63600e-004,6.88182e-005,,,,,,
-7.55489e-004,6.63004e-005,,,,,,
-7.02785e-004,3.13878e-005,,,,,,
-4.04685e-004,1.55093e-004,,,,,,
-4.98512e-005,3.02632e-004,,,,,,
1.75067e-004,9.71847e-005,,,,,,
3.99985e-004,-1.07591e-004,,,,,,
4.82399e-004,-1.28405e-004,,,,,,
3.28481e-004,-4.71656e-005,,,,,,
4.48157e-005,5.05226e-005,,,,,,
-1.69863e-004,3.20592e-005,,,,,,
-2.15351e-004,-1.10948e-004,,,,,,
-2.90379e-004,-2.34989e-005,,,,,,
-2.80980e-004,-3.07164e-005,,,,,,
-1.65499e-004,-1.18334e-004,,,,,,
-7.08324e-005,-1.02220e-004,,,,,,
-2.66880e-005,-6.05936e-005,,,,,,
-2.34989e-006,-5.69009e-005,,,,,,
3.81018e-005,-9.39956e-005,,,,,,
8.96315e-005,-8.30854e-005,,,,,,
1.61639e-004,-4.58228e-005,,,,,,
2.46235e-004,-7.90570e-005,,,,,,
1.51736e-004,-6.39506e-005,,,,,,
3.50805e-005,-6.41184e-005,,,,,,
6.27756e-005,-1.02220e-004,,,,,,
1.82116e-004,-8.99672e-005,,,,,,
2.23407e-004,2.26596e-005,,,,,,
1.06416e-004,7.73785e-005,,,,,,
-1.00710e-005,-7.93927e-005,,,,,,
-9.51705e-005,-1.75570e-004,,,,,,
-2.14008e-004,-1.59289e-004,,,,,,
-2.73426e-004,-1.53918e-004,,,,,,
-2.23239e-004,-1.35286e-004,,,,,,
-1.19341e-004,-3.23949e-005,,,,,,
-2.46738e-005,1.58114e-004,,,,,,
-8.89601e-006,2.39185e-004,,,,,,
-5.45510e-005,1.04570e-004,,,,,,
-8.05676e-005,5.53903e-006,,,,,,
-6.88182e-005,-1.82956e-005,,,,,,
-4.38087e-005,-3.17235e-005,,,,,,
-6.21042e-006,-2.16526e-005,,,,,,
3.27306e-005,1.79599e-005,,,,,,
4.41444e-005,1.35958e-005,,,,,,
4.24659e-005,1.42672e-005,,,,,,
1.71206e-005,4.71656e-005,,,,,,
-1.43343e-004,2.56809e-005,,,,,,
-2.71412e-004,-1.99741e-005,,,,,,
-2.74098e-004,-2.38346e-005,,,,,,
-1.74899e-004,-1.39315e-005,,,,,,
-4.28016e-005,-2.50095e-005,,,,,,
2.33310e-005,-3.37377e-005,,,,,,
1.35454e-004,-3.50805e-005,,,,,,
3.34691e-004,-2.31632e-005,,,,,,
3.03639e-004,-1.67849e-006,,,,,,
1.43511e-004,3.47448e-005,,,,,,
8.15747e-005,5.45510e-005,,,,,,
5.48867e-005,-1.17494e-006,,,,,,
4.78370e-005,-2.31632e-005,,,,,,
4.64942e-005,2.13169e-005,,,,,,
6.89860e-005,-7.88891e-006,,,,,,
9.65133e-005,-9.39956e-006,,,,,,
8.89601e-005,3.30663e-005,,,,,,
1.32601e-005,3.12200e-005,,,,,,
-1.12291e-004,-3.69268e-006,,,,,,
-1.78088e-004,-2.11490e-005,,,,,,
-9.51705e-005,-4.01160e-005,,,,,,
-1.64492e-005,-5.92508e-005,,,,,,
-1.00710e-006,-2.58488e-005,,,,,,
2.04776e-005,-1.77920e-005,,,,,,
-4.12909e-005,-1.62814e-005,,,,,,
-1.85809e-004,9.24849e-005,,,,,,
-2.49928e-004,1.15312e-004,,,,,,
-1.00206e-004,7.90570e-005,,,,,,
-1.71206e-005,2.19883e-005,,,,,,
1.71206e-005,-3.30663e-005,,,,,,
4.14588e-005,-4.75013e-005,,,,,,
7.88891e-006,-3.67590e-005,,,,,,
-3.82696e-005,-2.63523e-005,,,,,,
-6.89860e-005,-1.04067e-005,,,,,,
-9.21492e-005,2.33310e-005,,,,,,
-6.96574e-005,1.09102e-005,,,,,,
-3.30663e-005,-3.20592e-005,,,,,,
-2.65202e-005,-3.70947e-005,,,,,,
-4.48157e-005,1.09102e-005,,,,,,
-4.90120e-005,1.05745e-005,,,,,,
-5.18654e-005,-1.69528e-005,,,,,,
-7.46929e-005,-3.74304e-005,,,,,,
-8.81209e-005,-3.97803e-005,,,,,,
-4.86763e-006,-3.69268e-006,,,,,,
7.13359e-005,1.39315e-005,,,,,,
4.68299e-005,1.17494e-006,,,,,,
2.51774e-005,3.45769e-005,,,,,,
-5.03548e-007,6.00900e-005,,,,,,
-2.43381e-005,1.93027e-005,,,,,,
-6.88182e-006,-2.51774e-006,,,,,,
3.54162e-005,-3.64233e-005,,,,,,
3.59197e-005,-4.59907e-005,,,,,,
2.53452e-005,-4.04517e-005,,,,,,
5.20333e-006,-2.16526e-005,,,,,,
8.39246e-007,-1.29244e-005,,,,,,
6.54612e-006,-8.56031e-006,,,,,,
2.90379e-005,-8.22461e-006,,,,,,
3.07164e-005,-2.13169e-005,,,,,,
7.55322e-006,-1.84634e-005,,,,,,
-3.69268e-006,-2.51774e-006,,,,,,
-2.24918e-005,8.22461e-006,,,,,,
-3.92767e-005,-2.83665e-005,,,,,,
-3.92767e-005,-3.94446e-005,,,,,,
-2.16526e-005,-2.66880e-005,,,,,,
-5.70687e-006,-1.37636e-005,,,,,,
-7.55322e-006,2.45060e-005,,,,,,
-2.11490e-005,9.50027e-005,,,,,,
-2.43381e-005,9.14778e-005,,,,,,
-2.16526e-005,8.56031e-006,,,,,,
-2.26596e-005,-2.66880e-005,,,,,,
-3.84375e-005,-4.78370e-005,,,,,,
-7.33501e-005,-8.20783e-005,,,,,,
-6.16007e-005,-7.48608e-005,,,,,,
-2.26596e-005,-1.54421e-005,,,,,,
-1.37636e-005,2.83665e-005,,,,,,
-3.67590e-005,-7.21752e-006,,,,,,
-5.25368e-005,-6.04257e-006,,,,,,
-3.70947e-005,6.63004e-005,,,,,,
-5.37118e-006,4.64942e-005,,,,,,
8.39246e-007,4.31373e-005,,,,,,
-1.05745e-005,5.80758e-005,,,,,,
-2.83665e-005,7.75463e-005,,,,,,
-2.43381e-005,2.19883e-005,,,,,,
-1.30922e-005,-3.47448e-005,,,,,,
-1.49386e-005,-2.06455e-005,,,,,,
-1.54421e-005,-1.51064e-005,,,,,,
7.55322e-006,1.79599e-005,,,,,,
2.23239e-005,5.35439e-005,,,,,,
1.25887e-005,4.28016e-005,,,,,,
-3.35698e-007,3.54162e-005,,,,,,
9.56741e-006,9.23171e-006,,,,,,
1.09102e-005,-2.34989e-006,,,,,,
2.18204e-006,2.58488e-005,,,,,,
-7.72107e-006,6.05936e-005,,,,,,
-3.40734e-005,4.98512e-005,,,,,,
-4.58228e-005,2.60166e-005,,,,,,
-3.30663e-005,3.87732e-005,,,,,,
-3.07164e-005,-5.53903e-006,,,,,,
-3.87732e-005,-7.48608e-005,,,,,,
-5.85794e-005,1.29915e-004,,,,,,
-5.25368e-005,3.00786e-004,,,,,,
-3.64233e-005,2.26093e-004,,,,,,
-2.60166e-005,9.80240e-005,,,,,,
-1.02388e-005,7.43572e-005,,,,,,
9.56741e-006,-2.25254e-004,,,,,,
4.19623e-006,-5.93011e-004,,,,,,
-1.02388e-005,-1.58953e-004,,,,,,
-1.62814e-005,1.59457e-005,,,,,,
-1.09102e-005,-1.17327e-004,,,,,,
5.20333e-006,3.79339e-005,,,,,,
2.85344e-006,4.81727e-005,,,,,,
-2.66880e-005,-2.16526e-005,,,,,,
-3.50805e-005,-4.64942e-005,,,,,,
-2.43381e-005,-6.59647e-005,,,,,,
-1.30922e-005,-1.00542e-004,,,,,,
1.39315e-005,-5.85794e-005,,,,,,
1.86313e-005,1.12459e-005,,,,,,
-3.00450e-005,5.89151e-005,,,,,,
-6.69719e-005,9.48348e-005,,,,,,
-3.55840e-005,6.16007e-005,,,,,,
-1.46029e-005,2.51774e-005,,,,,,
2.85344e-006,2.70237e-005,,,,,,
1.35958e-005,3.60876e-005,,,,,,
2.51774e-006,6.27756e-005,,,,,,
1.40993e-005,7.90570e-005,,,,,,
2.66880e-005,9.90310e-006,,,,,,
1.35958e-005,4.61585e-005,,,,,,
-1.72885e-005,-1.35958e-005,,,,,,
-1.09102e-005,-2.58488e-005,,,,,,
1.05745e-005,-6.02579e-005,,,,,,
-1.42672e-005,-8.14069e-005,,,,,,
-3.54162e-005,-6.73075e-005,,,,,,
-2.29953e-005,-7.15038e-005,,,,,,
-3.57519e-005,-4.81727e-005,,,,,,
-3.54162e-005,-4.86763e-006,,,,,,
-1.49386e-005,2.34989e-006,,,,,,
-1.02388e-005,6.42863e-005,,,,,,
6.54612e-006,1.02892e-004,,,,,,
-1.76242e-005,1.68017e-004,,,,,,
-7.93927e-005,4.01831e-004,,,,,,
-1.07591e-004,3.38552e-004,,,,,,
-4.88441e-005,1.51232e-004,,,,,,
3.52483e-006,2.38849e-004,,,,,,
2.33310e-005,7.16716e-005,,,,,,
1.47707e-005,2.19883e-005,,,,,,
-6.71397e-007,3.20592e-005,,,,,,
9.06386e-006,-9.34920e-005,,,,,,
4.31373e-005,-1.23705e-004,,,,,,
5.58938e-005,-1.67346e-004,,,,,,
5.22011e-005,-2.12329e-004,,,,,,
6.16007e-005,-2.14343e-004,,,,,,
6.21042e-005,-2.25925e-004,,,,,,
5.22011e-005,-2.15686e-004,,,,,,
1.10781e-005,-1.33944e-004,,,,,,
-3.64233e-005,-4.46479e-005,,,,,,
-5.72366e-005,7.51965e-005,,,,,,
-4.93477e-005,2.46906e-004,,,,,,
-3.91089e-005,2.15351e-004,,,,,,
-3.27306e-005,2.53452e-005,,,,,,
-4.39765e-005,-3.37377e-005,,,,,,
-4.14588e-005,-5.74044e-005,,,,,,
4.86763e-006,-1.16991e-004,,,,,,
1.12459e-005,-1.23033e-004,,,,,,
-4.81727e-005,-1.09270e-004,,,,,,
-5.70687e-005,-9.28206e-005,,,,,,
-4.98512e-005,-8.30854e-005,,,,,,
-7.83856e-005,-1.00710e-006,,,,,,
-1.17998e-004,6.59647e-005,,,,,,
-9.58419e-005,-1.05745e-005,,,,,,
-4.11231e-005,-4.78370e-005,,,,,,
-4.38087e-005,3.86053e-006,,,,,,
-2.16526e-005,8.82887e-005,,,,,,
-1.29244e-005,3.67590e-005,,,,,,
-1.67849e-007,-3.22271e-005,,,,,,
2.73594e-005,-4.53193e-006,,,,,,
2.80308e-005,-4.33051e-005,,,,,,
-3.34020e-005,-9.61776e-005,,,,,,
-2.87022e-005,-2.97093e-005,,,,,,
-1.05745e-005,6.89860e-005,,,,,,
1.04067e-005,5.75723e-005,,,,,,
4.78370e-005,3.07164e-005,,,,,,
4.88441e-005,-9.90310e-006,,,,,,
-4.68299e-005,-3.03807e-005,,,,,,
-9.65133e-005,-1.58618e-004,,,,,,
-3.25628e-005,-3.04982e-004,,,,,,
2.70237e-005,5.03548e-007,,,,,,
2.28275e-005,1.52575e-004,,,,,,
-2.16526e-005,9.66812e-005,,,,,,
-3.35698e-005,-2.50095e-005,,,,,,
-2.63523e-005,-8.81209e-005,,,,,,
-3.57519e-005,-1.07591e-004,,,,,,
-2.38346e-005,-9.23171e-005,,,,,,
3.65911e-005,-7.53643e-005,,,,,,
9.51705e-005,-4.28016e-005,,,,,,
1.35286e-004,4.21302e-005,,,,,,
1.43847e-004,1.43343e-004,,,,,,
8.37568e-005,1.34112e-004,,,,,,
2.33310e-005,4.33051e-005,,,,,,
-5.67330e-005,-2.51774e-006,,,,,,
-4.95155e-005,-4.86763e-005,,,,,,
2.93736e-005,-8.94636e-005,,,,,,
1.17494e-006,-6.10971e-005,,,,,,
-7.93927e-005,-4.01160e-005,,,,,,
-8.87923e-005,-2.93736e-005,,,,,,
-4.48157e-005,2.53452e-005,,,,,,
-3.37377e-005,1.50729e-004,,,,,,
-5.57259e-005,1.89166e-004,,,,,,
-7.80499e-005,1.28740e-004,,,,,,
-8.69459e-005,2.14847e-005,,,,,,
-4.86763e-005,-5.75723e-005,,,,,,
-1.91348e-005,-8.87923e-005,,,,,,
-1.17494e-006,-9.81918e-005,,,,,,
9.23171e-006,-7.87213e-005,,,,,,
1.52743e-005,-4.36408e-006,,,,,,
1.66171e-005,7.26787e-005,,,,,,
-2.21561e-005,9.11421e-005,,,,,,
-7.35180e-005,6.32792e-005,,,,,,
-9.28206e-005,2.16526e-005,,,,,,
-6.78111e-005,-5.79080e-005,,,,,,
1.57778e-005,-8.57710e-005,,,,,,
4.21302e-005,-3.23949e-005,,,,,,
1.86313e-005,1.10781e-005,,,,,,
8.39246e-006,2.31632e-005,,,,,,
-1.04067e-005,3.27306e-005,,,,,,
-5.72366e-005,5.85794e-005,,,,,,
-1.00877e-004,4.68299e-005,,,,,,
-4.26337e-005,-4.01160e-005,,,,,,
1.22530e-005,-1.12123e-004,,,,,,
2.23239e-005,-1.12627e-004,,,,,,
6.10971e-005,-4.71656e-005,,,,,,
9.08064e-005,6.83146e-005,,,,,,
5.84115e-005,1.09270e-004,,,,,,
-1.32601e-005,7.21752e-005,,,,,,
-6.46220e-005,4.24659e-005,,,,,,
-8.00641e-005,2.63523e-005,,,,,,
-4.95155e-005,2.06455e-005,,,,,,
-3.77661e-005,1.32601e-005,,,,,,
-5.95865e-005,-2.58488e-005,,,,,,
-6.93217e-005,-6.61326e-005,,,,,,
-3.13878e-005,-7.21752e-005,,,,,,
-4.59907e-005,-5.38796e-005,,,,,,
-7.43572e-005,-1.89670e-005,,,,,,
-4.46479e-005,-3.52483e-006,,,,,,
-2.58488e-005,2.45060e-005,,,,,,
-1.51064e-006,7.93927e-005,,,,,,
-4.06195e-005,8.03998e-005,,,,,,
-5.18654e-005,1.12459e-005,,,,,,
-1.96384e-005,-5.28725e-005,,,,,,
-1.37636e-005,-6.93217e-005,,,,,,
-4.53193e-006,-7.68750e-005,,,,,,
2.83665e-005,-6.79789e-005,,,,,,
3.84375e-005,-1.40993e-005,,,,,,
1.82956e-005,9.24849e-005,,,,,,
-1.17494e-006,1.33440e-004,,,,,,
1.52743e-005,7.55322e-005,,,,,,
7.21752e-006,2.26596e-005,,,,,,
-3.18914e-005,2.53452e-005,,,,,,
-3.34020e-005,1.56100e-005,,,,,,
-1.77920e-005,-2.29953e-005,,,,,,
1.84634e-006,-5.40475e-005,,,,,,
4.21302e-005,-4.88441e-005,,,,,,
3.59197e-005,-1.54421e-005,,,,,,
-1.24208e-005,5.35439e-005,,,,,,
-4.58228e-005,8.69459e-005,,,,,,
-1.30922e-005,6.02579e-005,,,,,,
3.25628e-005,3.86053e-006,,,,,,
3.00450e-005,-3.23949e-005,,,,,,
1.52743e-005,-2.09812e-005,,,,,,
-5.03548e-007,-1.76242e-005,,,,,,
1.29244e-005,-2.56809e-005,,,,,,
3.37377e-005,-2.66880e-005,,,,,,
1.51064e-005,-4.24659e-005,,,,,,
1.04067e-005,-6.05936e-005,,,,,,
1.25887e-005,-5.72366e-005,,,,,,
-2.60166e-005,-4.58228e-005,,,,,,
-7.55322e-005,-5.43832e-005,,,,,,
-1.05577e-004,-7.23430e-005,,,,,,
-1.48547e-004,-5.85794e-005,,,,,,
-1.02892e-004,-4.09552e-005,,,,,,
-6.79789e-005,-4.48157e-005,,,,,,
-4.07874e-005,-5.92508e-005,,,,,,
-7.55322e-006,-6.52934e-005,,,,,,
1.19173e-005,-5.99222e-005,,,,,,
4.14588e-005,-5.47189e-005,,,,,,
3.37377e-005,-4.95155e-005,,,,,,
3.47448e-005,-3.03807e-005,,,,,,
4.95155e-005,-1.71206e-005,,,,,,
4.06195e-005,-2.31632e-005,,,,,,
-2.09812e-005,-2.78630e-005,,,,,,
-4.41444e-005,-3.07164e-005,,,,,,
-2.36667e-005,-1.35958e-005,,,,,,
2.53452e-005,-3.13878e-005,,,,,,
6.19364e-005,-3.84375e-005,,,,,,
3.44091e-005,-9.90310e-006,,,,,,
-3.18914e-006,-1.84634e-006,,,,,,
-4.88441e-005,-4.86763e-006,,,,,,
-7.26787e-005,-1.22530e-005,,,,,,
-5.65652e-005,-2.53452e-005,,,,,,
-3.77661e-005,-2.70237e-005,,,,,,
-5.87472e-006,5.03548e-007,,,,,,
1.25887e-005,-1.17494e-005,,,,,,
-2.92058e-005,-2.70237e-005,,,,,,
-5.25368e-005,-2.50095e-005,,,,,,
-6.29435e-005,-1.91348e-005,,,,,,
-5.25368e-005,-1.02388e-005,,,,,,
-2.85344e-006,-3.69268e-006,,,,,,
-1.98062e-005,-1.67849e-007,,,,,,
-1.76242e-005,-4.53193e-006,,,,,,
-6.88182e-006,-4.86763e-006,,,,,,
-1.96384e-005,3.52483e-006,,,,,,
-3.79339e-005,3.02129e-006,,,,,,
-4.75013e-005,-4.19623e-006,,,,,,
-6.83146e-005,-2.85344e-006,,,,,,
-9.75204e-005,6.54612e-006,,,,,,
-7.50286e-005,1.22530e-005,,,,,,
3.86053e-006,5.03548e-006,,,,,,
1.08431e-004,-3.52483e-006,,,,,,
1.83459e-004,-1.52743e-005,,,,,,
1.53582e-004,-2.06455e-005,,,,,,
5.58938e-005,1.67849e-005,,,,,,
6.88182e-006,-2.26596e-005,,,,,,
-1.56100e-005,-5.82437e-005,,,,,,
-4.22980e-005,-6.64683e-005,,,,,,
-6.39506e-005,-4.07874e-005,,,,,,
-8.91279e-005,1.10948e-004,,,,,,
-8.57710e-005,1.58953e-004,,,,,,
-5.85794e-005,5.22011e-005,,,,,,
-4.09552e-005,1.14137e-005,,,,,,
-6.16007e-005,1.15816e-005,,,,,,
-6.32792e-005,-2.23239e-005,,,,,,
-3.82696e-005,-5.92508e-005,,,,,,
3.50805e-005,-1.57778e-005,,,,,,
9.97024e-005,1.10781e-005,,,,,,
1.07256e-004,-1.09102e-005,,,,,,
9.14778e-005,-1.23537e-004,,,,,,
5.35439e-005,-2.77455e-004,,,,,,
2.13169e-005,3.13878e-005,,,,,,
-2.97093e-005,3.87564e-004,,,,,,
-7.55322e-005,2.16526e-004,,,,,,
-7.46929e-005,5.08583e-005,,,,,,
-4.12909e-005,3.74304e-005,,,,,,
7.38537e-006,3.64233e-005,,,,,,
8.35889e-005,4.90120e-005,,,,,,
1.03059e-004,5.47189e-005,,,,,,
7.23430e-005,3.52483e-005,,,,,,
4.71656e-005,1.66171e-005,,,,,,
-5.37118e-006,1.10781e-005,,,,,,
-6.76432e-005,1.17494e-006,,,,,,
-1.30083e-004,-5.62295e-005,,,,,,
-2.20386e-004,-1.24208e-004,,,,,,
-2.32471e-004,-1.06249e-004,,,,,,
-1.60967e-004,-1.48882e-004,,,,,,
-1.55093e-004,-8.81209e-005,,,,,,
-1.14977e-004,5.25368e-005,,,,,,
5.53903e-006,-3.28984e-005,,,,,,
1.04234e-004,-6.86503e-005,,,,,,
5.47189e-005,2.70237e-005,,,,,,
6.39506e-005,4.91798e-005,,,,,,
1.09606e-004,1.14977e-004,,,,,,
9.23171e-006,3.12703e-004,,,,,,
-1.23369e-004,3.23445e-004,,,,,,
-1.42168e-004,1.79263e-004,,,,,,
-5.30404e-005,1.56435e-004,,,,,,
4.21302e-005,2.78965e-004,,,,,,
1.56603e-004,2.76448e-004,,,,,,
2.75105e-004,1.50225e-004,,,,,,
2.49760e-004,1.06081e-004,,,,,,
1.38140e-004,4.01160e-005,,,,,,
-1.54421e-005,-4.06195e-005,,,,,,
-2.57145e-004,-1.04234e-004,,,,,,
-4.20462e-004,-1.26055e-004,,,,,,
-4.08713e-004,-1.99237e-004,,,,,,
-2.80812e-004,-2.94240e-004,,,,,,
-1.64828e-004,-5.67330e-005,,,,,,
-1.47875e-004,-4.78370e-005,,,,,,
-1.35958e-004,-7.88891e-005,,,,,,
-1.15145e-004,1.20684e-004,,,,,,
7.97284e-005,-2.51774e-005,,,,,,
3.04479e-004,-1.17662e-004,,,,,,
4.13413e-004,-5.20333e-006,,,,,,
4.43961e-004,1.44518e-004,,,,,,
1.85138e-004,8.89601e-005,,,,,,
-1.55932e-004,-2.83665e-005,,,,,,
-3.20424e-004,6.63004e-005,,,,,,
-1.69360e-004,2.24079e-004,,,,,,
-4.36408e-006,2.97093e-005,,,,,,
7.51965e-005,-2.16358e-004,,,,,,
2.70405e-004,-1.55428e-004,,,,,,
4.33051e-004,-1.07927e-004,,,,,,
-7.21752e-006,7.20073e-005,,,,,,
-6.31785e-004,2.53452e-004,,,,,,
-6.06775e-004,3.17403e-004,,,,,,
-3.04646e-004,8.30854e-005,,,,,,
-1.51064e-005,-5.37118e-006,,,,,,
2.10315e-004,-1.09941e-004,,,,,,
2.78126e-004,-3.33181e-004,,,,,,
2.72084e-004,-3.84207e-004,,,,,,
2.30793e-004,-1.77920e-004,,,,,,
8.00641e-005,4.28016e-005,,,,,,
5.65652e-005,2.07294e-004,,,,,,
5.48867e-005,4.52018e-004,,,,,,
-1.33776e-004,7.33333e-004,,,,,,
-2.21393e-004,5.67834e-004,,,,,,
-2.19043e-004,5.79080e-005,,,,,,
-1.61471e-004,-1.78088e-004,,,,,,
-4.46479e-005,-1.42000e-004,,,,,,
-2.43381e-005,-1.60632e-004,,,,,,
-1.18502e-004,-2.76616e-004,,,,,,
-1.28740e-004,-3.22774e-004,,,,,,
-2.73594e-005,-1.92187e-004,,,,,,
1.17662e-004,-5.72366e-005,,,,,,
8.74495e-005,1.25383e-004,,,,,,
1.12963e-004,1.10948e-004,,,,,,
2.96422e-004,-1.04067e-005,,,,,,
2.51942e-004,-3.77661e-005,,,,,,
4.75013e-005,-9.09743e-005,,,,,,
6.27756e-005,-1.50896e-004,,,,,,
3.60876e-005,-1.92187e-004,,,,,,
-1.35958e-004,-1.34447e-004,,,,,,
-9.75204e-005,-1.29580e-004,,,,,,
-8.74495e-005,-2.67384e-004,,,,,,
3.37377e-005,-9.14778e-005,,,,,,
2.20722e-004,5.44335e-004,,,,,,
3.03304e-004,4.82902e-004,,,,,,
1.49218e-004,-1.76242e-005,,,,,,
-4.98512e-005,-6.12650e-005,,,,,,
-1.63485e-004,-3.30663e-005,,,,,,
-3.86221e-004,-7.13359e-005,,,,,,
-4.63767e-004,-3.59197e-005,,,,,,
-2.88029e-004,-7.93927e-005,,,,,,
-1.39483e-004,-1.20348e-004,,,,,,
-4.41444e-005,-7.08324e-005,,,,,,
8.02319e-005,-2.12497e-004,,,,,,
1.47539e-004,-1.47204e-004,,,,,,
-1.24208e-005,-1.52575e-004,,,,,,
-2.44892e-004,-2.06958e-004,,,,,,
-2.22736e-004,-1.00206e-004,,,,,,
-9.68490e-005,-5.38796e-005,,,,,,
1.69528e-005,1.62814e-005,,,,,,
1.99573e-004,1.30083e-004,,,,,,
4.20127e-004,3.34020e-005,,,,,,
3.72793e-004,-6.66362e-005,,,,,,
1.99741e-004,-1.36629e-004,,,,,,
1.43175e-004,8.89601e-006,,,,,,
5.70687e-006,2.70237e-005,,,,,,
-9.55062e-005,-9.06386e-006,,,,,,
-7.36858e-005,1.58114e-004,,,,,,
-7.21752e-006,1.62646e-004,,,,,,
-7.03288e-005,8.03998e-005,,,,,,
-1.85809e-004,-4.19623e-006,,,,,,
-2.29282e-004,-2.61845e-005,,,,,,
-3.12535e-004,-2.83665e-005,,,,,,
-2.63691e-004,1.61639e-004,,,,,,
-1.54253e-004,1.53750e-004,,,,,,
-1.04906e-004,2.44053e-004,,,,,,
1.56100e-005,2.79133e-004,,,,,,
1.03227e-004,6.19364e-005,,,,,,
1.26558e-004,-6.09293e-005,,,,,,
1.38811e-004,-7.72107e-006,,,,,,
1.16152e-004,-1.82956e-005,,,,,,
6.68040e-005,-6.16007e-005,,,,,,
8.84566e-005,-1.02220e-004,,,,,,
2.83833e-004,-2.05615e-004,,,,,,
4.23819e-004,-2.82658e-004,,,,,,
3.37545e-004,-2.68727e-004,,,,,,
1.37133e-004,-2.12665e-004,,,,,,
-1.25719e-004,-1.97055e-004,,,,,,
-3.19081e-004,-1.89502e-004,,,,,,
-5.60281e-004,-9.18135e-005,,,,,,
-5.55749e-004,2.73594e-005,,,,,,
-3.58694e-004,-7.35180e-005,,,,,,
-2.32807e-004,-2.02594e-004,,,,,,
-1.94537e-004,7.36858e-005,,,,,,
-1.88495e-004,2.82322e-004,,,,,,
-2.39857e-004,1.82284e-004,,,,,,
-1.24712e-004,3.67590e-005,,,,,,
1.17159e-004,5.20333e-006,,,,,,
2.16693e-004,4.86763e-006,,,,,,
2.21057e-004,-4.76692e-005,,,,,,
2.50263e-004,-6.61326e-005,,,,,,
1.88495e-004,-1.79431e-004,,,,,,
1.56100e-005,-3.50805e-005,,,,,,
-8.96315e-005,5.75723e-005,,,,,,
2.60166e-005,-4.26337e-005,,,,,,
2.54627e-004,4.01160e-005,,,,,,
4.27008e-004,5.08583e-005,,,,,,
4.94316e-004,-1.32601e-005,,,,,,
3.53490e-004,-1.25887e-005,,,,,,
7.75463e-005,1.82956e-005,,,,,,
-2.90547e-004,6.88182e-006,,,,,,
-4.07370e-004,-1.62814e-005,,,,,,
-2.41703e-004,-4.24659e-005,,,,,,
-1.82284e-004,-3.74304e-005,,,,,,
-1.85641e-004,-3.40734e-005,,,,,,
-1.54925e-004,-7.46929e-005,,,,,,
-1.11620e-004,-8.79530e-005,,,,,,
-9.55062e-005,-1.35958e-005,,,,,,
-1.29076e-004,4.48157e-005,,,,,,
-1.32265e-004,1.64324e-004,,,,,,
-8.37568e-005,1.71710e-004,,,,,,
2.66880e-005,-1.09102e-005,,,,,,
1.02892e-004,-4.33051e-005,,,,,,
4.26337e-005,-9.28206e-005,,,,,,
1.79599e-005,-1.25719e-004,,,,,,
2.90379e-005,-1.39315e-004,,,,,,
1.15816e-005,-4.58228e-005,,,,,,
-3.25628e-005,3.20592e-005,,,,,,
1.91348e-005,7.06645e-005,,,,,,
9.43313e-005,6.46220e-005,,,,,,
2.33310e-005,1.69528e-005,,,,,,
2.60166e-005,-1.84634e-006,,,,,,
3.18914e-006,-2.66880e-005,,,,,,
-2.48417e-005,-3.54162e-005,,,,,,
1.00710e-006,-4.86763e-006,,,,,,
7.50286e-005,1.25887e-005,,,,,,
1.28740e-004,2.29953e-005,,,,,,
1.81781e-004,2.51774e-006,,,,,,
8.82887e-005,-1.09102e-005,,,,,,
-9.73526e-005,-1.67849e-005,,,,,,
-1.88159e-004,-1.96384e-005,,,,,,
-1.54253e-004,-1.51064e-006,,,,,,
-8.50996e-005,1.07759e-004,,,,,,
2.09812e-005,1.50225e-004,,,,,,
1.47707e-005,5.95865e-005,,,,,,
-4.24659e-005,1.56100e-005,,,,,,
-8.39246e-007,4.53193e-006,,,,,,
4.86763e-006,-5.03548e-006,,,,,,
-9.76883e-005,-2.06455e-005,,,,,,
-1.58282e-004,-2.24918e-005,,,,,,
-1.45190e-004,-3.52483e-006,,,,,,
-8.07355e-005,4.46479e-005,,,,,,
2.16526e-005,6.81468e-005,,,,,,
7.36858e-005,1.59457e-005,,,,,,
4.14588e-005,-2.70237e-005,,,,,,
1.39315e-005,-3.67590e-005,,,,,,
-9.48348e-005,-3.15557e-005,,,,,,
-1.58450e-004,-3.23949e-005,,,,,,
-9.14778e-005,-2.60166e-005,,,,,,
-5.00191e-005,-3.23949e-005,,,,,,
-1.22530e-005,-3.27306e-005,,,,,,
3.74304e-005,-1.81277e-005,,,,,,
4.21302e-005,3.00450e-005,,,,,,
1.19173e-005,1.12459e-005,,,,,,
-3.54162e-005,-2.73594e-005,,,,,,
-8.74495e-005,-1.93027e-005,,,,,,
-9.26528e-005,-1.44350e-005,,,,,,
-5.11940e-005,-2.21561e-005,,,,,,
4.68299e-005,-1.05745e-005,,,,,,
1.57610e-004,5.53903e-006,,,,,,
1.69024e-004,-1.49386e-005,,,,,,
1.13298e-004,-1.35958e-005,,,,,,
2.06455e-005,2.18204e-005,,,,,,
-9.95346e-005,4.41444e-005,,,,,,
-1.99908e-004,-1.12459e-005,,,,,,
-2.19883e-004,-5.35439e-005,,,,,,
-1.86481e-004,-6.26078e-005,,,,,,
-1.06416e-004,-5.50546e-005,,,,,,
1.68353e-004,-9.90310e-006,,,,,,
2.88029e-004,1.11284e-004,,,,,,
2.03769e-004,1.71710e-004,,,,,,
1.33776e-004,9.98703e-005,,,,,,
5.28725e-005,6.19364e-005,,,,,,
-1.51064e-006,1.07424e-005,,,,,,
-1.39315e-005,-2.23239e-005,,,,,,
-2.88701e-005,-2.92058e-005,,,,,,
-2.29953e-005,-2.50095e-005,,,,,,
-6.04257e-006,8.22461e-006,,,,,,
1.30922e-005,1.82956e-005,,,,,,
2.87022e-005,2.36667e-005,,,,,,
2.13169e-005,1.98062e-005,,,,,,
-3.02129e-006,2.01419e-006,,,,,,
-4.19623e-005,-8.22461e-006,,,,,,
-6.51255e-005,-7.88891e-006,,,,,,
-5.55581e-005,-3.20592e-005,,,,,,
-6.05936e-005,-4.76692e-005,,,,,,
-2.43381e-005,-5.11940e-005,,,,,,
-1.35958e-005,-5.65652e-005,,,,,,
-3.17235e-005,-1.09102e-005,,,,,,
-4.34730e-005,1.89670e-005,,,,,,
-3.50805e-005,2.11490e-005,,,,,,
-4.22980e-005,6.89860e-005,,,,,,
-8.72816e-005,1.30419e-004,,,,,,
-1.15312e-004,1.09102e-005,,,,,,
-1.04570e-004,-8.79530e-005,,,,,,
-6.74754e-005,-1.19005e-004,,,,,,
-5.79080e-005,-6.42863e-005,,,,,,
-4.78370e-005,1.93027e-005,,,,,,
4.02838e-006,9.58419e-005,,,,,,
3.18914e-005,9.85275e-005,,,,,,
1.34279e-005,4.21302e-005,,,,,,
-3.91089e-005,-1.84634e-006,,,,,,
-6.84825e-005,-6.88182e-005,,,,,,
-7.33501e-005,-9.78561e-005,,,,,,
-2.16526e-005,-8.15747e-005,,,,,,
4.22980e-005,-5.52224e-005,,,,,,
7.01610e-005,-5.06905e-005,,,,,,
9.51705e-005,-8.17426e-005,,,,,,
1.05241e-004,-1.14305e-004,,,,,,
6.94896e-005,-5.25368e-005,,,,,,
3.20592e-005,3.18914e-006,,,,,,
-2.51774e-006,-1.00710e-006,,,,,,
-2.70237e-005,-3.18914e-005,,,,,,
-5.30404e-005,-4.04517e-005,,,,,,
-5.79080e-005,3.50805e-005,,,,,,
-6.36149e-005,1.22698e-004,,,,,,
-6.36149e-005,1.12627e-004,,,,,,
-5.87472e-005,2.70237e-005,,,,,,
-6.61326e-005,-3.84375e-005,,,,,,
-6.76432e-005,-9.38277e-005,,,,,,
-8.50996e-005,-9.41634e-005,,,,,,
-1.16487e-004,-4.17945e-005,,,,,,
-1.11284e-004,8.14069e-005,,,,,,
-9.50027e-005,1.24041e-004,,,,,,
-8.92958e-005,5.60616e-005,,,,,,
-2.78630e-005,7.23430e-005,,,,,,
3.40734e-005,8.77852e-005,,,,,,
4.54871e-005,2.23239e-005,,,,,,
6.04257e-006,-6.21042e-005,,,,,,
6.94896e-005,-1.00710e-005,,,,,,
1.13298e-004,6.22721e-005,,,,,,
7.10002e-005,9.34920e-005,,,,,,
2.87022e-005,8.74495e-005,,,,,,
-4.86763e-006,1.88327e-004,,,,,,
-2.43381e-005,-1.82956e-005,,,,,,
-2.19883e-005,2.98772e-005,,,,,,
-6.54612e-006,1.73053e-004,,,,,,
-6.88182e-006,2.09644e-004,,,,,,
-1.39315e-005,-6.37827e-006,,,,,,
-4.80049e-005,-1.83459e-004,,,,,,
-5.89151e-005,-1.32769e-004,,,,,,
-4.11231e-005,-1.23705e-004,,,,,,
-4.44800e-005,-1.93027e-004,,,,,,
-5.16976e-005,-1.47204e-004,,,,,,
-1.24208e-005,-1.44015e-004,,,,,,
3.54162e-005,-1.31762e-004,,,,,,
3.27306e-005,-1.23705e-004,,,,,,
2.19883e-005,-1.17830e-004,,,,,,
4.69978e-006,-8.71138e-005,,,,,,
-3.37377e-005,-1.15816e-005,,,,,,
-6.21042e-006,1.02220e-004,,,,,,
2.73594e-005,1.38811e-004,,,,,,
3.84375e-005,1.50729e-004,,,,,,
3.82696e-005,1.10277e-004,,,,,,
1.69528e-005,6.83146e-005,,,,,,
4.19623e-006,9.36599e-005,,,,,,
-5.03548e-007,9.55062e-005,,,,,,
-1.69528e-005,3.03807e-005,,,,,,
-3.67590e-005,-3.84375e-005,,,,,,
-5.62295e-005,-1.02388e-004,,,,,,
-5.74044e-005,-1.23873e-004,,,,,,
-5.28725e-005,-6.68040e-005,,,,,,
-2.48417e-005,1.19173e-004,,,,,,
-8.72816e-006,9.24849e-005,,,,,,
-5.52224e-005,-7.62036e-005,,,,,,
-3.23949e-005,-1.31426e-004,,,,,,
1.76242e-005,-7.80499e-005,,,,,,
6.49577e-005,2.46738e-005,,,,,,
9.97024e-005,1.36126e-004,,,,,,
8.29175e-005,1.41161e-004,,,,,,
2.51774e-006,1.01213e-004,,,,,,
-4.93477e-005,1.60967e-004,,,,,,
-3.00450e-005,1.98566e-004,,,,,,
-7.38537e-006,1.26055e-004,,,,,,
-5.28725e-005,-1.67849e-007,,,,,,
-6.99931e-005,-1.16991e-004,,,,,,
-3.44091e-005,-1.73724e-004,,,,,,
-4.53193e-006,-2.29953e-005,,,,,,
1.66171e-005,8.00641e-005,,,,,,
9.73526e-006,-3.00450e-005,,,,,,
-1.29244e-005,-5.33761e-005,,,,,,
1.51064e-006,-2.83665e-005,,,,,,
4.59907e-005,-4.31373e-005,,,,,,
2.19883e-005,-2.13169e-005,,,,,,
-8.94636e-005,3.86053e-006,,,,,,
-1.44015e-004,-2.03098e-005,,,,,,
-8.64424e-005,-7.88891e-006,,,,,,
-1.29244e-005,9.51705e-005,,,,,,
-1.82956e-005,1.16152e-004,,,,,,
-7.11681e-005,-1.15816e-005,,,,,,
-7.55322e-005,-4.64942e-005,,,,,,
-3.37377e-005,-1.09941e-004,,,,,,
-4.53193e-006,-1.05577e-004,,,,,,
-1.86313e-005,-6.12650e-005,,,,,,
-4.53193e-005,-4.17945e-005,,,,,,
-6.61326e-005,-3.27306e-005,,,,,,
-4.46479e-005,-4.14588e-005,,,,,,
1.12459e-005,-4.54871e-005,,,,,,
-2.16526e-005,-2.97093e-005,,,,,,
-5.55581e-005,-7.21752e-006,,,,,,
-2.48417e-005,-3.35698e-007,,,,,,
2.33310e-005,2.90379e-005,,,,,,
8.44282e-005,4.44800e-005,,,,,,
1.15145e-004,7.77142e-005,,,,,,
1.00877e-004,1.39818e-004,,,,,,
5.95865e-005,6.49577e-005,,,,,,
2.90379e-005,-6.29435e-005,,,,,,
-5.70687e-006,-2.85344e-005,,,,,,
-1.67849e-007,-1.73556e-004,,,,,,
3.94446e-005,-3.45937e-004,,,,,,
-1.39315e-005,-3.22103e-004,,,,,,
-8.15747e-005,-1.76577e-004,,,,,,
-9.68490e-005,-5.01869e-005,,,,,,
-4.24659e-005,1.89670e-005,,,,,,
-1.15816e-005,3.97803e-005,,,,,,
-5.03548e-005,4.68299e-005,,,,,,
-3.96124e-005,-1.31762e-004,,,,,,
2.76951e-005,-3.44091e-005,,,,,,
3.37377e-005,2.46906e-004,,,,,,
-3.27306e-005,2.02258e-004,,,,,,
-8.07355e-005,1.82452e-004,,,,,,
-9.58419e-005,1.24712e-004,,,,,,
-7.01610e-005,-2.80308e-005,,,,,,
-4.31373e-005,-8.64424e-005,,,,,,
-4.14588e-005,-2.51774e-005,,,,,,
1.84634e-006,1.51064e-006,,,,,,
2.03098e-005,1.87991e-005,,,,,,
-3.74304e-005,6.12650e-005,,,,,,
-4.95155e-005,1.52911e-004,,,,,,
6.37827e-006,1.77081e-004,,,,,,
3.40734e-005,1.27733e-004,,,,,,
1.04067e-005,-1.41833e-004,,,,,,
-4.68299e-005,-2.76448e-004,,,,,,
-3.87732e-005,1.11788e-004,,,,,,
1.04067e-005,1.86816e-004,,,,,,
1.99741e-005,-7.55322e-005,,,,,,
9.90310e-006,-1.35790e-004,,,,,,
-1.15816e-005,-1.15984e-004,,,,,,
7.88891e-006,-6.17685e-005,,,,,,
6.36149e-005,2.03098e-005,,,,,,
4.26337e-005,5.70687e-006,,,,,,
2.90379e-005,2.38346e-005,,,,,,
1.05745e-005,8.40925e-005,,,,,,
2.11490e-005,6.66362e-005,,,,,,
1.10781e-005,4.38087e-005,,,,,,
-8.20783e-005,2.56809e-005,,,,,,
-1.32433e-004,1.82956e-005,,,,,,
-7.04967e-005,-4.86763e-006,,,,,,
-2.26596e-005,7.33501e-005,,,,,,
-5.16976e-005,1.77752e-004,,,,,,
-6.41184e-005,8.50996e-005,,,,,,
-7.57000e-005,-1.71206e-005,,,,,,
-5.85794e-005,-6.29435e-005,,,,,,
3.34020e-005,-9.63455e-005,,,,,,
7.60357e-005,-1.31762e-004,,,,,,
7.13359e-005,-1.35119e-004,,,,,,
7.20073e-005,-9.88632e-005,,,,,,
6.96574e-005,-5.28725e-005,,,,,,
4.53193e-005,1.67849e-006,,,,,,
-1.84634e-005,7.36858e-005,,,,,,
-3.89410e-005,9.48348e-005,,,,,,
-3.34020e-005,5.82437e-005,,,,,,
-4.68299e-005,2.23239e-005,,,,,,
-4.44800e-005,-2.46738e-005,,,,,,
-1.42672e-005,-4.21302e-005,,,,,,
-4.54871e-005,-1.15816e-005,,,,,,
-8.76173e-005,1.29244e-005,,,,,,
-7.16716e-005,-4.61585e-005,,,,,,
-2.90379e-005,-5.45510e-005,,,,,,
2.51774e-006,3.03807e-005,,,,,,
1.69528e-005,-2.51774e-006,,,,,,
1.66171e-005,-6.41184e-005,,,,,,
3.60876e-005,-7.26787e-005,,,,,,
4.78370e-005,-4.04517e-005,,,,,,
3.40734e-005,-6.49577e-005,,,,,,
2.09812e-005,-1.28405e-004,,,,,,
1.96384e-005,-9.68490e-005,,,,,,
-1.40993e-005,3.35698e-006,,,,,,
-3.50805e-005,1.29412e-004,,,,,,
-7.92248e-005,1.85138e-004,,,,,,
-1.19341e-004,1.19677e-004,,,,,,
-1.52071e-004,5.28725e-005,,,,,,
-1.08766e-004,8.22461e-006,,,,,,
-4.81727e-005,-9.56741e-006,,,,,,
-9.56741e-006,-1.76242e-005,,,,,,
2.53452e-005,-3.84375e-005,,,,,,
1.25887e-005,-3.86053e-006,,,,,,
3.35698e-007,3.84375e-005,,,,,,
-5.03548e-006,2.73594e-005,,,,,,
-3.30663e-005,-3.94446e-005,,,,,,
-1.19173e-005,-7.50286e-005,,,,,,
-1.09102e-005,-1.10445e-004,,,,,,
-4.41444e-005,-9.18135e-005,,,,,,
-5.75723e-005,-4.98512e-005,,,,,,
-2.87022e-005,-5.03548e-007,,,,,,
1.32601e-005,6.54612e-005,,,,,,
-8.72816e-006,9.98703e-005,,,,,,
-2.80308e-005,6.41184e-005,,,,,,
3.64233e-005,2.43381e-005,,,,,,
1.96384e-005,1.52743e-005,,,,,,
1.59457e-005,-1.89670e-005,,,,,,
1.15816e-005,-4.93477e-005,,,,,,
9.56741e-006,-4.71656e-005,,,,,,
-5.87472e-006,-5.45510e-005,,,,,,
5.03548e-007,-6.52934e-005,,,,,,
7.57000e-005,-7.87213e-005,,,,,,
9.43313e-005,-6.21042e-005,,,,,,
5.60616e-005,-4.58228e-005,,,,,,
7.04967e-006,-3.94446e-005,,,,,,
-2.51774e-006,-4.68299e-005,,,,,,
-5.80758e-005,-7.73785e-005,,,,,,
-1.13802e-004,-7.03288e-005,,,,,,
-8.54353e-005,-3.64233e-005,,,,,,
-5.30404e-005,2.43381e-005,,,,,,
-3.05486e-005,4.80049e-005,,,,,,
1.00710e-006,-1.17494e-005,,,,,,
-1.29244e-005,-4.31373e-005,,,,,,
-3.37377e-005,-2.33310e-005,,,,,,
-4.51514e-005,-1.91348e-005,,,,,,
-3.50805e-005,-3.10521e-005,,,,,,
-5.99222e-005,-1.49386e-005,,,,,,
-5.84115e-005,-1.17494e-005,,,,,,
-2.36667e-005,-1.42672e-005,,,,,,
2.53452e-005,-2.16526e-005,,,,,,
3.30663e-005,-2.34989e-005,,,,,,
3.40734e-005,-1.05745e-005,,,,,,
2.60166e-005,-1.02388e-005,,,,,,
2.51774e-006,-7.04967e-006,,,,,,
-1.29244e-005,4.69978e-006,,,,,,
-1.89670e-005,-3.18914e-006,,,,,,
-3.55840e-005,-1.46029e-005,,,,,,
-5.15297e-005,-2.06455e-005,,,,,,
-2.97093e-005,-1.89670e-005,,,,,,
1.17494e-006,-2.04776e-005,,,,,,
8.22461e-006,-1.76242e-005,,,,,,
1.25887e-005,-1.37636e-005,,,,,,
1.49386e-005,-4.19623e-006,,,,,,
1.89670e-005,-2.48417e-005,,,,,,
-1.67849e-007,-5.06905e-005,,,,,,
-1.69528e-005,-3.77661e-005,,,,,,
-2.16526e-005,-6.54612e-006,,,,,,
-3.70947e-005,-2.18204e-006,,,,,,
-4.31373e-005,1.46029e-005,,,,,,
-3.37377e-005,6.54612e-006,,,,,,
1.56100e-005,-1.30922e-005,,,,,,
3.82696e-005,-1.39315e-005,,,,,,
1.09102e-005,-2.09812e-005,,,,,,
-1.02388e-005,-2.76951e-005,,,,,,
-5.45510e-005,-2.29953e-005,,,,,,
-8.35889e-005,-1.96384e-005,,,,,,
-4.88441e-005,-2.11490e-005,,,,,,
2.18204e-006,-2.98772e-005,,,,,,
2.87022e-005,-3.87732e-005,,,,,,
-6.88182e-006,-3.05486e-005,,,,,,
-1.32601e-005,-3.13878e-005,,,,,,
2.13169e-005,-4.07874e-005,,,,,,
4.53193e-006,-5.58938e-005,,,,,,
-1.22530e-005,-5.92508e-005,,,,,,
-2.43381e-005,-5.70687e-006,,,,,,
-5.42153e-005,3.99481e-005,,,,,,
-8.22461e-005,2.46738e-005,,,,,,
-7.60357e-005,6.04257e-006,,,,,,
-4.44800e-005,2.16526e-005,,,,,,
3.52483e-006,-5.53903e-006,,,,,,
1.40993e-005,-1.99741e-005,,,,,,
1.46029e-005,1.46029e-005,,,,,,
1.09102e-005,-1.98062e-005,,,,,,
-3.69268e-006,-1.14137e-004,,,,,,
1.51064e-006,-4.31373e-005,,,,,,
9.23171e-006,1.06081e-004,,,,,,
3.86053e-006,2.55970e-004,,,,,,
9.56741e-006,2.38514e-004,,,,,,
1.25887e-005,1.12291e-004,,,,,,
1.24208e-005,7.48608e-005,,,,,,
3.10521e-005,7.90570e-005,,,,,,
7.62036e-005,5.18654e-005,,,,,,
7.95605e-005,2.92058e-005,,,,,,
2.29953e-005,-3.65911e-005,,,,,,
3.18914e-006,1.62814e-005,,,,,,
5.45510e-005,1.23705e-004,,,,,,
6.68040e-005,5.75723e-005,,,,,,
-1.22530e-005,-4.69978e-006,,,,,,
-1.58618e-004,-2.26596e-005,,,,,,
-1.87823e-004,-4.29694e-005,,,,,,
-1.46532e-004,-5.79080e-005,,,,,,
-1.22698e-004,-8.35889e-005,,,,,,
-1.15648e-004,-2.83665e-005,,,,,,
-1.00206e-004,8.67781e-005,,,,,,
-4.91798e-005,1.13970e-004,,,,,,
-3.22271e-005,5.95865e-005,,,,,,
3.07164e-005,6.61326e-005,,,,,,
9.21492e-005,1.85473e-004,,,,,,
5.75723e-005,8.57710e-005,,,,,,
3.81018e-005,-1.28740e-004,,,,,,
8.40925e-005,-9.68490e-005,,,,,,
4.53193e-006,9.14778e-005,,,,,,
-1.45190e-004,1.22866e-004,,,,,,
-6.84825e-005,4.68299e-005,,,,,,
1.60128e-004,2.31800e-004,,,,,,
3.17403e-004,3.11193e-004,,,,,,
3.40230e-004,1.95544e-004,,,,,,
2.98939e-004,7.82177e-005,,,,,,
3.91089e-005,5.87472e-006,,,,,,
-3.83536e-004,-1.02220e-004,,,,,,
-6.48737e-004,-1.52575e-004,,,,,,
-6.05768e-004,-1.89502e-004,,,,,,
-3.81018e-004,-3.09346e-004,,,,,,
-1.84131e-004,-1.43175e-004,,,,,,
-2.11490e-005,3.68429e-004,,,,,,
1.53918e-004,3.56344e-004,,,,,,
1.79431e-004,9.55062e-005,,,,,,
5.77401e-005,-2.97093e-005,,,,,,
1.86313e-005,-3.96124e-005,,,,,,
1.03899e-004,-8.22461e-006,,,,,,
1.32097e-004,-8.20783e-005,,,,,,
1.66674e-004,-2.69398e-004,,,,,,
2.30121e-004,-3.20424e-004,,,,,,
2.03433e-004,-5.42153e-005,,,,,,
8.59388e-005,2.65370e-004,,,,,,
6.12650e-005,3.45434e-004,,,,,,
6.59647e-005,1.63653e-004,,,,,,
6.34470e-005,4.98512e-005,,,,,,
-1.39818e-004,3.77661e-005,,,,,,
-5.12276e-004,-1.27733e-004,,,,,,
-6.80964e-004,-2.60502e-004,,,,,,
-5.20500e-004,-6.09293e-005,,,,,,
-2.90379e-004,3.23445e-004,,,,,,
-1.29580e-004,3.75647e-004,,,,,,
-7.21752e-006,1.85138e-004,,,,,,
1.51400e-004,5.42153e-005,,,,,,
2.37507e-004,-3.67590e-005,,,,,,
2.66041e-004,-2.60166e-005,,,,,,
2.46235e-004,-4.31373e-005,,,,,,
-1.49386e-005,-1.79263e-004,,,,,,
-1.45190e-004,-3.34859e-004,,,,,,
-1.60632e-004,-2.13672e-004,,,,,,
-1.67346e-004,2.80308e-005,,,,,,
2.09812e-005,2.62013e-004,,,,,,
1.32601e-004,4.10056e-004,,,,,,
1.70367e-004,1.70199e-004,,,,,,
1.57778e-004,-7.46929e-005,,,,,,
1.27398e-004,-1.00038e-004,,,,,,
6.29435e-005,-8.39246e-005,,,,,,
-1.20684e-004,-6.12650e-005,,,,,,
-2.16022e-004,7.97284e-005,,,,,,
-8.94636e-005,-1.40490e-004,,,,,,
1.32601e-005,-2.44892e-004,,,,,,
1.28405e-004,1.62142e-004,,,,,,
3.40902e-004,2.51774e-006,,,,,,
4.70481e-004,-2.84672e-004,,,,,,
3.94110e-004,-4.31205e-004,,,,,,
1.35790e-004,-3.96963e-004,,,,,,
-1.03731e-004,-3.47448e-005,,,,,,
-3.04311e-004,2.51606e-004,,,,,,
-3.84207e-004,6.76432e-005,,,,,,
-3.24620e-004,-7.90570e-005,,,,,,
-1.86145e-004,8.69459e-005,,,,,,
-5.15297e-005,3.24117e-004,,,,,,
8.56031e-006,3.02464e-004,,,,,,
6.42863e-005,-1.27565e-005,,,,,,
7.93927e-005,-1.41497e-004,,,,,,
9.65133e-005,-2.13672e-004,,,,,,
5.38796e-005,-3.09346e-004,,,,,,
-3.57519e-005,-3.26467e-004,,,,,,
-1.06249e-004,-2.40528e-004,,,,,,
-1.36461e-004,-1.37636e-004,,,,,,
-4.14588e-005,2.57984e-004,,,,,,
1.08598e-004,3.45602e-004,,,,,,
2.48249e-004,1.04402e-004,,,,,,
2.44892e-004,1.84634e-006,,,,,,
2.69902e-004,5.58938e-005,,,,,,
1.82452e-004,5.11940e-005,,,,,,
-9.75204e-005,5.95865e-005,,,,,,
-2.84504e-004,9.98703e-005,,,,,,
-4.39261e-004,1.62982e-004,,,,,,
-3.92935e-004,1.81109e-004,,,,,,
-1.31762e-004,-3.05486e-005,,,,,,
6.39506e-005,-4.17945e-005,,,,,,
1.64996e-004,-1.10613e-004,,,,,,
1.30755e-004,-3.27810e-004,,,,,,
-1.52743e-005,-1.40154e-004,,,,,,
-1.54421e-004,7.03288e-005,,,,,,
-3.19417e-004,-5.79080e-005,,,,,,
-4.25666e-004,-3.03639e-004,,,,,,
-2.22568e-004,-2.64698e-004,,,,,,
2.51774e-005,2.92058e-005,,,,,,
1.52911e-004,1.73724e-004,,,,,,
2.15686e-004,1.01884e-004,,,,,,
1.86145e-004,-2.50095e-005,,,,,,
2.01923e-004,-1.20684e-004,,,,,,
1.66339e-004,-1.27733e-004,,,,,,
9.18135e-005,-8.24140e-005,,,,,,
2.01419e-006,1.67849e-007,,,,,,
-1.06249e-004,8.10712e-005,,,,,,
-1.61807e-004,-3.34020e-005,,,,,,
-7.80499e-005,3.77661e-005,,,,,,
6.88182e-006,1.09606e-004,,,,,,
4.17945e-005,4.86763e-005,,,,,,
7.70428e-005,-6.63004e-005,,,,,,
4.11231e-005,-1.52071e-004,,,,,,
-3.23949e-005,-9.55062e-005,,,,,,
-5.28725e-005,-2.66880e-005,,,,,,
-4.81727e-005,1.02388e-005,,,,,,
-9.19814e-005,3.34020e-005,,,,,,
-6.32792e-005,5.94186e-005,,,,,,
6.93217e-005,1.25887e-005,,,,,,
1.85977e-004,-1.39315e-005,,,,,,
1.28573e-004,-8.10712e-005,,,,,,
2.11490e-005,-2.68727e-004,,,,,,
-1.49386e-005,-2.05615e-004,,,,,,
3.07164e-005,-7.26787e-005,,,,,,
1.32601e-005,-2.19883e-005,,,,,,
-2.83665e-005,1.04570e-004,,,,,,
-3.22271e-005,1.18502e-004,,,,,,
2.90379e-005,1.79599e-005,,,,,,
2.72755e-004,-7.92248e-005,,,,,,
3.82864e-004,8.56031e-006,,,,,,
2.46571e-004,3.20592e-005,,,,,,
6.09293e-005,-8.40925e-005,,,,,,
-3.29992e-004,-1.71374e-004,,,,,,
-5.46014e-004,-2.15015e-004,,,,,,
-5.83780e-004,-2.03601e-004,,,,,,
-4.21973e-004,-1.14305e-004,,,,,,
-2.92561e-004,1.77920e-005,,,,,,
-1.56939e-004,2.27939e-004,,,,,,
-3.12200e-005,3.30663e-004,,,,,,
3.64233e-005,2.13336e-004,,,,,,
3.37377e-005,8.17426e-005,,,,,,
8.49317e-005,2.03098e-005,,,,,,
9.36599e-005,2.18204e-006,,,,,,
7.88891e-006,1.59457e-005,,,,,,
-6.98253e-005,2.23239e-005,,,,,,
-7.26787e-005,1.66171e-005,,,,,,
-2.19883e-005,5.03548e-006,,,,,,
2.92058e-005,2.80308e-005,,,,,,
1.02388e-005,2.51774e-005,,,,,,
5.82437e-005,-7.30144e-005,,,,,,
1.17159e-004,-1.13130e-004,,,,,,
8.32532e-005,-8.32532e-005,,,,,,
7.60357e-005,-6.19364e-005,,,,,,
8.91279e-005,-6.21042e-005,,,,,,
9.90310e-006,-6.00900e-005,,,,,,
-5.18654e-005,-1.05745e-005,,,,,,
-4.51514e-005,1.69528e-005,,,,,,
-3.37377e-005,-7.21752e-006,,,,,,
-8.39246e-007,1.44350e-005,,,,,,
4.01160e-005,2.13169e-005,,,,,,
5.95865e-005,-1.86313e-005,,,,,,
1.39483e-004,-5.89151e-005,,,,,,
1.67346e-004,-5.52224e-005,,,,,,
4.04517e-005,3.35698e-006,,,,,,
-6.21042e-005,6.36149e-005,,,,,,
-7.55322e-005,4.07874e-005,,,,,,
-9.18135e-005,4.02838e-006,,,,,,
-1.22362e-004,3.15557e-005,,,,,,
-7.62036e-005,4.34730e-005,,,,,,
-7.68750e-005,3.00450e-005,,,,,,
-9.68490e-005,2.60166e-005,,,,,,
-5.79080e-005,2.04776e-005,,,,,,
3.47448e-005,-8.39246e-006,,,,,,
9.97024e-005,-3.97803e-005,,,,,,
7.75463e-005,-1.94705e-005,,,,,,
3.07164e-005,2.92058e-005,,,,,,
-6.54612e-006,4.49836e-005,,,,,,
-1.42672e-005,8.64424e-005,,,,,,
-1.77920e-005,1.01045e-004,,,,,,
7.36858e-005,2.06455e-005,,,,,,
1.31426e-004,-2.50095e-005,,,,,,
2.83665e-005,-4.88441e-005,,,,,,
-2.78630e-005,-2.24918e-005,,,,,,
-9.55062e-005,-2.13169e-005,,,,,,
-2.82322e-004,-4.31373e-005,,,,,,
-2.56809e-004,-3.91089e-005,,,,,,
-1.03731e-004,-2.18204e-005,,,,,,
-6.81468e-005,-5.20333e-006,,,,,,
-1.96384e-005,-1.86313e-005,,,,,,
-1.72885e-005,-2.43381e-005,,,,,,
-7.53643e-005,-3.30663e-005,,,,,,
4.86763e-006,-2.93736e-005,,,,,,
5.80758e-005,-2.03098e-005,,,,,,
1.99741e-005,4.53193e-006,,,,,,
7.88891e-006,-5.53903e-006,,,,,,
1.99741e-005,-1.39315e-005,,,,,,
3.57519e-005,-1.62814e-005,,,,,,
4.68299e-005,-6.71397e-007,,,,,,
4.11231e-005,1.76242e-005,,,,,,
-2.85344e-006,-4.86763e-006,,,,,,
2.38346e-005,-3.47448e-005,,,,,,
6.10971e-005,-3.47448e-005,,,,,,
2.48417e-005,-2.87022e-005,,,,,,
2.92058e-005,-2.48417e-005,,,,,,
-3.03807e-005,-9.73526e-006,,,,,,
-9.97024e-005,3.12200e-005,,,,,,
-6.46220e-005,1.62814e-005,,,,,,
-2.73594e-005,6.54612e-006,,,,,,
-1.52743e-005,1.37636e-005,,,,,,
-7.55322e-006,-1.22530e-005,,,,,,
-1.69528e-005,-1.44350e-005,,,,,,
-2.73594e-005,-7.88891e-006,,,,,,
-2.75273e-005,3.86053e-006,,,,,,
-1.42672e-005,5.53903e-006,,,,,,
-1.67849e-006,4.01160e-005,,,,,,
1.22530e-005,3.60876e-005,,,,,,
7.88891e-006,6.31113e-005,,,,,,
-4.36408e-006,1.01549e-004,,,,,,
-3.18914e-006,4.80049e-005,,,,,,
-1.19173e-005,5.53903e-006,,,,,,
-2.56809e-005,2.19883e-005,,,,,,
-2.26596e-005,5.00191e-005,,,,,,
-1.87991e-005,3.20592e-005,,,,,,
-1.94705e-005,2.45060e-005,,,,,,
-2.24918e-005,1.82956e-005,,,,,,
-2.16526e-005,-5.20333e-006,,,,,,
-2.23239e-005,3.35698e-006,,,,,,
-1.89670e-005,3.86053e-006,,,,,,
-1.62814e-005,4.02838e-006,,,,,,
-3.37377e-005,3.00450e-005,,,,,,
-6.19364e-005,4.28016e-005,,,,,,
-6.69719e-005,2.18204e-006,,,,,,
-7.45251e-005,1.66171e-005,,,,,,
-8.79530e-005,4.78370e-005,,,,,,
-4.68299e-005,4.54871e-005,,,,,,
-9.56741e-006,2.60166e-005,,,,,,
-1.72885e-005,9.56741e-006,,,,,,
-1.42672e-005,-1.15816e-005,,,,,,
6.54612e-006,-4.75013e-005,,,,,,
2.40024e-005,-5.87472e-005,,,,,,
6.54612e-006,-3.39055e-005,,,,,,
-2.13169e-005,4.64942e-005,,,,,,
-2.85344e-005,7.11681e-005,,,,,,
-2.16526e-005,5.08583e-005,,,,,,
-6.88182e-006,-1.67849e-007,,,,,,
2.11490e-005,-4.21302e-005,,,,,,
3.60876e-005,-2.85344e-006,,,,,,
1.42672e-005,5.70687e-006,,,,,,
-1.72885e-005,-1.42672e-005,,,,,,
-3.74304e-005,-3.52483e-006,,,,,,
-3.87732e-005,-2.85344e-006,,,,,,
-2.23239e-005,-1.25887e-005,,,,,,
-1.04067e-005,-2.03098e-005,,,,,,
-1.89670e-005,-1.15816e-005,,,,,,
-2.43381e-005,1.82956e-005,,,,,,
1.91348e-005,-1.67849e-007,,,,,,
6.79789e-005,-4.31373e-005,,,,,,
9.03029e-005,-1.01213e-004,,,,,,
6.94896e-005,-1.14977e-004,,,,,,
2.60166e-005,-3.32342e-005,,,,,,
-1.39315e-005,9.85275e-005,,,,,,
-6.64683e-005,2.44221e-004,,,,,,
-7.70428e-005,3.01289e-004,,,,,,
-7.62036e-005,3.18410e-004,,,,,,
-1.15648e-004,1.33272e-004,,,,,,
-1.21019e-004,-2.51438e-004,,,,,,
-8.94636e-005,-3.96292e-004,,,,,,
-4.85084e-005,-2.51942e-004,,,,,,
-1.79599e-005,-3.44091e-005,,,,,,
-1.00710e-005,-6.32792e-005,,,,,,
-1.17494e-006,-7.16716e-005,,,,,,
6.88182e-006,6.21042e-005,,,,,,
2.93736e-005,8.39246e-007,,,,,,
1.25887e-005,-6.12650e-005,,,,,,
-4.53193e-006,-6.05936e-005,,,,,,
-1.07424e-005,-7.13359e-005,,,,,,
-3.20592e-005,-9.56741e-006,,,,,,
-6.96574e-005,4.69978e-006,,,,,,
-6.63004e-005,-8.34211e-005,,,,,,
2.01419e-005,-1.46029e-005,,,,,,
9.91989e-005,5.58938e-005,,,,,,
1.23033e-004,-2.18204e-006,,,,,,
1.00710e-004,-5.85794e-005,,,,,,
7.21752e-005,-5.65652e-005,,,,,,
3.87732e-005,-4.86763e-005,,,,,,
5.03548e-007,1.46029e-005,,,,,,
-1.62814e-005,4.54871e-005,,,,,,
-4.28016e-005,2.60166e-005,,,,,,
-1.02220e-004,8.17426e-005,,,,,,
-1.34447e-004,1.36797e-004,,,,,,
-1.03563e-004,1.47539e-004,,,,,,
-3.86053e-005,1.03899e-004,,,,,,
1.17494e-006,9.24849e-005,,,,,,
-2.83665e-005,-4.04517e-005,,,,,,
-4.04517e-005,-1.25216e-004,,,,,,
-3.20592e-005,-1.76242e-005,,,,,,
-4.31373e-005,2.15183e-004,,,,,,
-5.74044e-005,2.77623e-004,,,,,,
-5.92508e-005,1.09606e-004,,,,,,
-1.66171e-005,-3.07164e-005,,,,,,
7.55322e-006,-6.81468e-005,,,,,,
1.56100e-005,-7.80499e-005,,,,,,
4.78370e-005,-9.28206e-005,,,,,,
8.50996e-005,-1.19341e-004,,,,,,
8.20783e-005,-1.38476e-004,,,,,,
4.64942e-005,-1.25383e-004,,,,,,
-1.66171e-005,-4.96834e-005,,,,,,
-5.65652e-005,1.46029e-005,,,,,,
-4.26337e-005,1.39315e-005,,,,,,
-9.23171e-006,-3.64233e-005,,,,,,
1.59457e-005,-1.07927e-004,,,,,,
5.58938e-005,-1.56939e-004,,,,,,
6.61326e-005,-1.07927e-004,,,,,,
4.54871e-005,-6.94896e-005,,,,,,
3.40734e-005,-5.20333e-006,,,,,,
3.99481e-005,8.67781e-005,,,,,,
1.32601e-005,1.87488e-004,,,,,,
-4.01160e-005,1.72045e-004,,,,,,
-1.10277e-004,1.35119e-004,,,,,,
-1.92859e-004,1.30083e-004,,,,,,
-2.04944e-004,1.12627e-004,,,,,,
-1.90005e-004,9.78561e-005,,,,,,
-1.49218e-004,8.30854e-005,,,,,,
-9.31563e-005,3.86053e-005,,,,,,
-7.43572e-005,-6.19364e-005,,,,,,
-4.56550e-005,-1.08263e-004,,,,,,
4.54871e-005,-1.10781e-005,,,,,,
1.10277e-004,6.26078e-005,,,,,,
9.44991e-005,7.11681e-005,,,,,,
5.08583e-005,1.46029e-005,,,,,,
3.60876e-005,-1.07927e-004,,,,,,
2.45060e-005,-2.48081e-004,,,,,,
4.54871e-005,-2.52613e-004,,,,,,
6.32792e-005,-2.16693e-004,,,,,,
7.38537e-006,-1.05577e-004,,,,,,
-5.53903e-005,-2.43381e-005,,,,,,
-6.36149e-005,-6.12650e-005,,,,,,
-3.94446e-005,7.03288e-005,,,,,,
-2.80308e-005,1.35454e-004,,,,,,
7.55322e-006,1.52911e-004,,,,,,
5.30404e-005,1.58282e-004,,,,,,
3.27306e-005,5.35439e-005,,,,,,
-1.81277e-005,-4.41444e-005,,,,,,
-6.21042e-006,-8.10712e-005,,,,,,
2.66880e-005,-7.30144e-005,,,,,,
2.18204e-006,-8.71138e-005,,,,,,
-9.23171e-006,-2.01419e-006,,,,,,
-1.15816e-005,1.60632e-004,,,,,,
2.83665e-005,9.75204e-005,,,,,,
4.22980e-005,6.56291e-005,,,,,,
3.37377e-005,1.14473e-004,,,,,,
1.77920e-005,1.00542e-004,,,,,,
-4.88441e-005,8.74495e-005,,,,,,
-6.19364e-005,2.34989e-006,,,,,,
-7.38537e-006,-1.47875e-004,,,,,,
-3.92767e-005,1.52743e-005,,,,,,
-7.23430e-005,1.51064e-005,,,,,,
-7.63714e-005,-1.08934e-004,,,,,,
-7.45251e-005,-1.47036e-004,,,,,,
-5.62295e-005,-1.35958e-004,,,,,,
2.18204e-006,-5.43832e-005,,,,,,
3.55840e-005,-4.29694e-005,,,,,,
4.91798e-005,-9.44991e-005,,,,,,
1.76242e-005,-8.24140e-005,,,,,,
-1.72885e-005,-2.03098e-005,,,,,,
-2.90379e-005,4.01160e-005,,,,,,
-3.34020e-005,3.74304e-005,,,,,,
-3.54162e-005,6.71397e-007,,,,,,
-6.26078e-005,2.51774e-006,,,,,,
-6.09293e-005,2.68559e-006,,,,,,
-9.23171e-006,1.54421e-005,,,,,,
-1.20851e-005,1.72885e-005,,,,,,
-5.99222e-005,-9.73526e-006,,,,,,
-3.52483e-005,-2.45060e-005,,,,,,
-1.52743e-005,9.56741e-006,,,,,,
-7.41894e-005,8.14069e-005,,,,,,
-7.62036e-005,3.47448e-005,,,,,,
-3.39055e-005,-7.87213e-005,,,,,,
-1.59457e-005,-1.30755e-004,,,,,,
-4.86763e-006,-1.43175e-004,,,,,,
6.78111e-005,-1.45357e-004,,,,,,
7.15038e-005,-8.81209e-005,,,,,,
6.89860e-005,-3.00450e-005,,,,,,
1.04402e-004,2.56809e-005,,,,,,
6.00900e-005,9.11421e-005,,,,,,
-3.64233e-005,1.45861e-004,,,,,,
-1.17998e-004,1.17830e-004,,,,,,
-1.35790e-004,4.75013e-005,,,,,,
-9.58419e-005,-2.76951e-005,,,,,,
1.30922e-005,-9.95346e-005,,,,,,
6.63004e-005,-7.50286e-005,,,,,,
3.45769e-005,-3.30663e-005,,,,,,
-4.02838e-006,-5.06905e-005,,,,,,
-2.90379e-005,-2.76951e-005,,,,,,
-6.46220e-005,6.19364e-005,,,,,,
-9.41634e-005,1.26726e-004,,,,,,
-8.20783e-005,1.00542e-004,,,,,,
-5.55581e-005,5.79080e-005,,,,,,
-3.54162e-005,2.58488e-005,,,,,,
-2.51774e-006,-1.84634e-005,,,,,,
1.69528e-005,-5.69009e-005,,,,,,
3.27306e-005,-6.07614e-005,,,,,,
2.16526e-005,-5.95865e-005,,,,,,
-2.66880e-005,-2.58488e-005,,,,,,
-4.91798e-005,6.26078e-005,,,,,,
-8.02319e-005,9.61776e-005,,,,,,
-8.94636e-005,4.98512e-005,,,,,,
-4.04517e-005,-1.37636e-005,,,,,,
-1.59457e-005,-7.43572e-005,,,,,,
2.43381e-005,-1.06249e-004,,,,,,
5.48867e-005,-8.24140e-005,,,,,,
4.71656e-005,-6.12650e-005,,,,,,
4.38087e-005,-5.79080e-005,,,,,,
3.97803e-005,7.90570e-005,,,,,,
4.68299e-005,1.74228e-004,,,,,,
4.59907e-005,1.04234e-004,,,,,,
2.60166e-005,2.13169e-005,,,,,,
-1.51064e-006,-8.22461e-006,,,,,,
4.02838e-006,-2.63523e-005,,,,,,
-1.91348e-005,-1.93027e-005,,,,,,
-8.00641e-005,-1.52743e-005,,,,,,
-5.65652e-005,-1.66171e-005,,,,,,
-2.29953e-005,9.56741e-006,,,,,,
-3.20592e-005,2.18204e-006,,,,,,
-1.81277e-005,2.51774e-005,,,,,,
-4.11231e-005,5.13619e-005,,,,,,
-8.57710e-005,6.21042e-005,,,,,,
-4.61585e-005,2.76951e-005,,,,,,
7.70428e-005,-5.77401e-005,,,,,,
1.08934e-004,-8.34211e-005,,,,,,
7.97284e-005,-8.82887e-005,,,,,,
2.63523e-005,-5.13619e-005,,,,,,
-2.04776e-005,1.29244e-005,,,,,,
-8.10712e-005,-2.51774e-006,,,,,,
-1.03563e-004,-1.39315e-005,,,,,,
-8.29175e-005,-9.90310e-006,,,,,,
-6.99931e-005,-2.85344e-006,,,,,,
-8.40925e-005,-2.38346e-005,,,,,,
-8.91279e-005,-4.43122e-005,,,,,,
-5.92508e-005,-6.42863e-005,,,,,,
-4.41444e-005,-9.16457e-005,,,,,,
-4.59907e-005,-8.40925e-005,,,,,,
2.87022e-005,-6.44541e-005,,,,,,
3.84375e-005,-2.43381e-005,,,,,,
3.70947e-005,-1.32601e-005,,,,,,
4.44800e-005,-4.12909e-005,,,,,,
5.37118e-006,-4.81727e-005,,,,,,
-2.85344e-006,-6.00900e-005,,,,,,
3.20592e-005,-7.33501e-005,,,,,,
3.13878e-005,-6.12650e-005,,,,,,
6.22721e-005,-5.99222e-005,,,,,,
7.30144e-005,-5.45510e-005,,,,,,
-2.83665e-005,-1.12459e-005,,,,,,
-7.06645e-005,8.39246e-007,,,,,,
-4.68299e-005,1.00710e-005,,,,,,
-5.45510e-005,4.85084e-005,,,,,,
-3.99481e-005,5.13619e-005,,,,,,
-1.67849e-007,9.23171e-006,,,,,,
-2.11490e-005,-8.89601e-006,,,,,,
-5.27047e-005,-2.11490e-005,,,,,,
-5.95865e-005,-2.80308e-005,,,,,,
-4.06195e-005,-2.40024e-005,,,,,,
-2.85344e-006,-2.58488e-005,,,,,,
2.97093e-005,-3.91089e-005,,,,,,
3.28984e-005,-5.35439e-005,,,,,,
2.13169e-005,-4.24659e-005,,,,,,
9.73526e-006,-4.98512e-005,,,,,,
1.59457e-005,-6.83146e-005,,,,,,
8.09033e-005,-6.93217e-005,,,,,,
7.50286e-005,-7.28466e-005,,,,,,
1.19173e-005,-5.95865e-005,,,,,,
-3.91089e-005,-2.56809e-005,,,,,,
-1.39818e-004,-9.39956e-006,,,,,,
-1.34615e-004,-2.19883e-005,,,,,,
-9.58419e-005,-2.18204e-005,,,,,,
-6.79789e-005,-9.73526e-006,,,,,,
-1.39315e-005,1.17494e-006,,,,,,
-2.18204e-006,1.49386e-005,,,,,,
-1.32601e-005,1.64492e-005,,,,,,
-3.60876e-005,1.09102e-005,,,,,,
-3.54162e-005,1.12459e-005,,,,,,
2.53452e-005,1.71206e-005,,,,,,
5.45510e-005,2.06455e-005,,,,,,
1.46029e-005,2.73594e-005,,,,,,
-1.20851e-005,1.52743e-005,,,,,,
1.39315e-005,1.22530e-005,,,,,,
1.00710e-005,4.96834e-005,,,,,,
-1.49386e-005,5.48867e-005,,,,,,
-4.73335e-005,6.22721e-005,,,,,,
-6.34470e-005,5.18654e-005,,,,,,
-9.55062e-005,3.28984e-005,,,,,,
-8.37568e-005,5.11940e-005,,,,,,
-1.22530e-005,6.94896e-005,,,,,,
1.66171e-005,5.11940e-005,,,,,,
5.99222e-005,5.57259e-005,,,,,,
5.48867e-005,5.95865e-005,,,,,,
-1.67849e-007,6.02579e-005,,,,,,
-2.90379e-005,6.42863e-005,,,,,,
-2.40024e-005,5.08583e-005,,,,,,
-2.85344e-006,3.82696e-005,,,,,,
1.57778e-005,1.72885e-005,,,,,,
2.09812e-005,-3.35698e-006,,,,,,
5.11940e-005,3.42412e-005,,,,,,
3.35698e-005,6.78111e-005,,,,,,
-4.86763e-006,8.27497e-005,,,,,,
-2.06455e-005,1.12291e-004,,,,,,
-2.70237e-005,9.34920e-005,,,,,,
-1.39315e-005,-2.18204e-006,,,,,,
1.02388e-005,-1.69528e-005,,,,,,
5.20333e-006,6.56291e-005,,,,,,
1.67849e-007,9.66812e-005,,,,,,
-4.19623e-006,4.19623e-006,,,,,,
-9.56741e-006,9.41634e-005,,,,,,
-2.16526e-005,1.40322e-004,,,,,,
-1.66171e-005,7.46929e-005,,,,,,
1.67849e-005,2.85344e-006,,,,,,
4.81727e-005,2.18204e-006,,,,,,
4.22980e-005,2.04776e-005,,,,,,
6.61326e-005,-1.67849e-005,,,,,,
5.94186e-005,-4.31373e-005,,,,,,
8.39246e-007,-8.27497e-005,,,,,,
-9.33242e-005,-1.33272e-004,,,,,,
-1.36965e-004,-7.46929e-005,,,,,,
-1.09606e-004,-1.42672e-005,,,,,,
-9.68490e-005,3.97803e-005,,,,,,
-1.11620e-004,2.17700e-004,,,,,,
-5.92508e-005,1.59625e-004,,,,,,
-2.98772e-005,6.68040e-005,,,,,,
-6.69719e-005,1.84634e-006,,,,,,
-8.77852e-005,-5.48867e-005,,,,,,
-8.24140e-005,-8.44282e-005,,,,,,
-7.36858e-005,-6.51255e-005,,,,,,
-4.12909e-005,-5.92508e-005,,,,,,
1.24208e-005,-6.81468e-005,,,,,,
6.02579e-005,-1.61807e-004,,,,,,
9.68490e-005,-8.87923e-005,,,,,,
1.09270e-004,2.69734e-004,,,,,,
8.71138e-005,2.75273e-004,,,,,,
5.52224e-005,2.02762e-004,,,,,,
1.42672e-005,2.31464e-004,,,,,,
-7.63714e-005,6.29435e-005,,,,,,
-8.77852e-005,-2.55634e-004,,,,,,
-4.14588e-005,-2.49760e-004,,,,,,
-1.56100e-005,-5.55581e-005,,,,,,
3.94446e-005,8.72816e-006,,,,,,
1.17998e-004,1.59457e-005,,,,,,
1.70367e-004,-3.30663e-005,,,,,,
6.99931e-005,2.85344e-006,,,,,,
-9.65133e-005,1.67849e-007,,,,,,
-1.85809e-004,-2.51774e-006,,,,,,
-2.59998e-004,1.05745e-005,,,,,,
-3.03471e-004,-1.01213e-004,,,,,,
-2.92393e-004,-2.78630e-004,,,,,,
-1.08934e-004,-2.83497e-004,,,,,,
1.73724e-004,-1.05577e-004,,,,,,
3.22438e-004,-3.55840e-005,,,,,,
3.38888e-004,7.01610e-005,,,,,,
3.26131e-004,2.45899e-004,,,,,,
1.57778e-004,4.16770e-004,,,,,,
-1.52575e-004,3.45769e-004,,,,,,
-3.38720e-004,5.65652e-005,,,,,,
-2.82490e-004,4.86763e-006,,,,,,
-2.95583e-004,1.65667e-004,,,,,,
-3.64736e-004,3.27138e-004,,,,,,
-3.69772e-004,2.28443e-004,,,,,,
-2.12329e-004,7.38537e-005,,,,,,
-8.34211e-005,-7.46929e-005,,,,,,
-9.23171e-006,-1.66339e-004,,,,,,
5.33761e-005,-1.52239e-004,,,,,,
1.99908e-004,-2.21057e-004,,,,,,
4.05020e-004,-4.19120e-004,,,,,,
4.24659e-004,-2.88869e-004,,,,,,
2.85176e-004,-8.07355e-005,,,,,,
1.64324e-004,1.65667e-004,,,,,,
1.30083e-004,3.10018e-004,,,,,,
2.85344e-005,1.55596e-004,,,,,,
-7.08324e-005,4.73335e-005,,,,,,
-1.50561e-004,2.48920e-004,,,,,,
-3.18746e-004,2.94575e-004,,,,,,
-4.35904e-004,1.15816e-005,,,,,,
-3.80514e-004,-3.45769e-005,,,,,,
-2.21897e-004,-9.31563e-005,,,,,,
5.94186e-005,-1.87488e-004,,,,,,
2.55299e-004,1.97894e-004,,,,,,
1.96048e-004,1.58114e-004,,,,,,
3.20592e-005,-1.69696e-004,,,,,,
-1.75738e-004,-7.40215e-005,,,,,,
-3.37377e-004,1.16152e-004,,,,,,
-2.42206e-004,8.50996e-005,,,,,,
-1.82284e-004,-1.17327e-004,,,,,,
-5.92508e-005,-2.57649e-004,,,,,,
1.14641e-004,-2.60838e-004,,,,,,
2.50935e-004,-1.38643e-004,,,,,,
2.87861e-004,-5.25368e-005,,,,,,
2.33814e-004,-3.94446e-005,,,,,,
1.27398e-004,4.11231e-005,,,,,,
2.97093e-005,-2.18204e-005,,,,,,
-1.48211e-004,-1.64828e-004,,,,,,
-2.24750e-004,-1.47372e-004,,,,,,
-1.07927e-004,-1.44518e-004,,,,,,
5.43832e-005,-9.08064e-005,,,,,,
1.19005e-004,-9.78561e-005,,,,,,
2.00244e-004,-5.65652e-005,,,,,,
3.91928e-004,2.08133e-005,,,,,,
3.99146e-004,-1.06584e-004,,,,,,
3.97971e-004,-4.98512e-005,,,,,,
3.11193e-004,4.80049e-005,,,,,,
9.90311e-005,2.60166e-004,,,,,,
-2.43046e-004,2.86351e-004,,,,,,
-5.43664e-004,7.88891e-006,,,,,,
-5.22515e-004,-5.74044e-005,,,,,,
-2.06119e-004,-1.68185e-004,,,,,,
1.53246e-004,-3.15053e-004,,,,,,
2.17365e-004,-1.83795e-004,,,,,,
1.54421e-005,3.35698e-007,,,,,,
-1.68688e-004,1.29076e-004,,,,,,
-2.46235e-004,-5.20333e-006,,,,,,
-2.82994e-004,1.19173e-005,,,,,,
-2.50263e-004,3.50805e-005,,,,,,
-1.11452e-004,-7.40215e-005,,,,,,
-2.98772e-005,-1.06584e-004,,,,,,
-3.86053e-006,1.51064e-006,,,,,,
9.03029e-005,9.90311e-005,,,,,,
1.35454e-004,1.20012e-004,,,,,,
1.24208e-004,7.23430e-005,,,,,,
1.07591e-004,2.70237e-005,,,,,,
2.56809e-005,2.61845e-005,,,,,,
-1.59625e-004,-8.05676e-006,,,,,,
-1.98230e-004,6.88182e-006,,,,,,
-8.49317e-005,-1.29580e-004,,,,,,
9.39956e-006,-1.90845e-004,,,,,,
8.66102e-005,-3.44091e-005,,,,,,
2.22568e-004,1.57778e-004,,,,,,
3.23949e-004,1.11955e-004,,,,,,
3.32342e-004,-7.48608e-005,,,,,,
1.98566e-004,-9.51705e-005,,,,,,
2.13169e-005,-1.29244e-005,,,,,,
-1.08598e-004,3.87732e-005,,,,,,
-3.05989e-004,-6.73075e-005,,,,,,
-3.89578e-004,-1.14977e-004,,,,,,
-2.94911e-004,2.04608e-004,,,,,,
-1.80438e-004,7.83856e-005,,,,,,
-1.96384e-005,-2.07965e-004,,,,,,
1.55932e-004,-1.89502e-004,,,,,,
1.32097e-004,-5.70687e-006,,,,,,
1.50896e-004,1.70031e-004,,,,,,
1.96719e-004,8.66102e-005,,,,,,
3.60876e-005,5.03548e-006,,,,,,
-1.76074e-004,-7.55322e-006,,,,,,
-2.49928e-004,-1.24041e-004,,,,,,
-1.49218e-004,-2.06455e-004,,,,,,
-5.05226e-005,-1.04570e-004,,,,,,
-1.84634e-006,-1.01549e-004,,,,,,
-1.42672e-005,-5.08583e-005,,,,,,
-1.49386e-005,1.67849e-007,,,,,,
5.03548e-006,-4.54871e-005,,,,,,
-5.58938e-005,-5.79080e-005,,,,,,
-3.92767e-005,-6.99931e-005,,,,,,
-1.15816e-005,-1.09270e-004,,,,,,
8.89601e-006,-1.10445e-004,,,,,,
-1.86313e-005,-3.44091e-005,,,,,,
-5.95865e-005,-1.81277e-005,,,,,,
-6.88182e-006,-8.76173e-005,,,,,,
8.74495e-005,-2.09812e-005,,,,,,
5.62295e-005,5.82437e-005,,,,,,
-9.56741e-006,1.47707e-005,,,,,,
-3.54162e-005,9.88632e-005,,,,,,
-6.22721e-005,8.91279e-005,,,,,,
-1.38476e-004,3.45769e-005,,,,,,
-1.27733e-004,3.52483e-005,,,,,,
-3.30663e-005,3.59197e-005,,,,,,
3.27306e-005,8.56031e-006,,,,,,
6.12650e-005,-1.82956e-005,,,,,,
7.53643e-005,-9.56741e-006,,,,,,
8.54353e-005,-4.02838e-006,,,,,,
3.13878e-005,-2.60166e-005,,,,,,
-3.18914e-005,-1.94705e-005,,,,,,
-3.20592e-005,3.74304e-005,,,,,,
5.20333e-006,1.59457e-005,,,,,,
-3.37377e-005,-8.12390e-005,,,,,,
-4.91798e-005,-8.54353e-005,,,,,,
3.50805e-005,9.44991e-005,,,,,,
5.72366e-005,1.58953e-004,,,,,,
7.83856e-005,6.22721e-005,,,,,,
1.12963e-004,7.72107e-006,,,,,,
1.72885e-005,-5.32082e-005,,,,,,
-8.20783e-005,-1.15984e-004,,,,,,
-9.21492e-005,-1.34447e-004,,,,,,
-1.14137e-004,-9.91989e-005,,,,,,
-1.79095e-004,-5.06905e-005,,,,,,
-1.21355e-004,7.16716e-005,,,,,,
8.03998e-005,2.44221e-004,,,,,,
1.86481e-004,1.67681e-004,,,,,,
9.63455e-005,4.11231e-005,,,,,,
1.62814e-005,4.78370e-005,,,,,,
4.38087e-005,4.73335e-005,,,,,,
3.44091e-005,6.42863e-005,,,,,,
-5.85794e-005,8.81209e-005,,,,,,
-1.05577e-004,8.17426e-005,,,,,,
-7.57000e-005,-6.54612e-006,,,,,,
-3.99481e-005,-1.47204e-004,,,,,,
3.10521e-005,-1.61639e-004,,,,,,
5.18654e-005,-5.62295e-005,,,,,,
3.77661e-005,-3.67590e-005,,,,,,
3.23949e-005,-5.58938e-005,,,,,,
-4.38087e-005,-3.08843e-005,,,,,,
-1.09270e-004,1.39315e-005,,,,,,
-1.10109e-004,6.96574e-005,,,,,,
-7.93927e-005,4.14588e-005,,,,,,
-3.22271e-005,3.74304e-005,,,,,,
9.23171e-006,6.46220e-005,,,,,,
1.42672e-005,-5.53903e-006,,,,,,
-3.22271e-005,-8.67781e-005,,,,,,
-4.41444e-005,-3.50805e-005,,,,,,
1.35454e-004,-1.19173e-005,,,,,,
3.72122e-004,-1.96384e-005,,,,,,
2.74098e-004,-2.36667e-005,,,,,,
5.22011e-005,-1.29244e-005,,,,,,
-1.07088e-004,1.72885e-005,,,,,,
-3.87396e-004,3.42412e-005,,,,,,
-4.73503e-004,2.19883e-005,,,,,,
-2.48753e-004,3.70947e-005,,,,,,
-1.31090e-004,2.65202e-005,,,,,,
-2.48249e-004,-5.53903e-006,,,,,,
-2.22736e-004,-7.88891e-006,,,,,,
-8.77852e-005,-1.46029e-005,,,,,,
4.28016e-005,-2.50095e-005,,,,,,
1.42672e-004,-2.18204e-005,,,,,,
1.74395e-004,-1.42672e-005,,,,,,
1.53414e-004,-1.76242e-005,,,,,,
8.34211e-005,-2.50095e-005,,,,,,
2.97093e-005,-2.16526e-005,,,,,,
5.20333e-006,-3.10521e-005,,,,,,
-3.27306e-005,-4.43122e-005,,,,,,
-6.47898e-005,-5.79080e-005,,,,,,
-4.41444e-005,-6.49577e-005,,,,,,
-5.87472e-006,-3.10521e-005,,,,,,
2.43381e-005,2.87022e-005,,,,,,
4.11231e-005,2.13169e-005,,,,,,
3.86053e-006,2.24918e-005,,,,,,
-5.55581e-005,2.60166e-005,,,,,,
-6.61326e-005,5.03548e-007,,,,,,
-4.53193e-005,-6.88182e-006,,,,,,
4.17945e-005,-4.19623e-006,,,,,,
8.81209e-005,-5.70687e-006,,,,,,
1.19005e-004,-2.78630e-005,,,,,,
1.07927e-004,-3.44091e-005,,,,,,
3.55840e-005,-1.79599e-005,,,,,,
-2.85344e-006,-3.52483e-006,,,,,,
4.86763e-006,3.35698e-007,,,,,,
-2.51774e-005,1.05745e-005,,,,,,
-4.51514e-005,1.66171e-005,,,,,,
-4.93477e-005,1.40993e-005,,,,,,
-7.70428e-005,7.88891e-006,,,,,,
-1.46197e-004,4.86763e-006,,,,,,
-1.71038e-004,-5.20333e-006,,,,,,
-1.47539e-004,-1.51064e-005,,,,,,
-5.15297e-005,-5.20333e-006,,,,,,
7.78820e-005,9.06386e-006,,,,,,
1.88159e-004,2.40024e-005,,,,,,
1.63989e-004,2.65202e-005,,,,,,
1.00206e-004,-3.69268e-006,,,,,,
3.84375e-005,-1.09102e-005,,,,,,
9.06386e-006,1.12459e-005,,,,,,
9.23171e-006,7.77142e-005,,,,,,
-3.03807e-005,1.35286e-004,,,,,,
-5.53903e-005,6.86503e-005,,,,,,
-3.70947e-005,3.12200e-005,,,,,,
-2.23239e-005,1.10613e-004,,,,,,
-9.06386e-006,8.40925e-005,,,,,,
-2.73594e-005,9.97024e-005,,,,,,
-5.05226e-005,1.47372e-004,,,,,,
-2.23239e-005,1.17830e-004,,,,,,
2.56809e-005,5.25368e-005,,,,,,
1.42672e-005,-6.47898e-005,,,,,,
-6.21042e-006,-2.90883e-004,,,,,,
-1.46029e-005,-3.02296e-004,,,,,,
-4.81727e-005,-1.35790e-004,,,,,,
-1.04402e-004,-5.32082e-005,,,,,,
-1.63317e-004,-7.72107e-006,,,,,,
-1.79767e-004,-2.51774e-006,,,,,,
-1.71878e-004,-1.49386e-005,,,,,,
-1.56603e-004,-1.77920e-005,,,,,,
-1.43847e-004,4.22980e-005,,,,,,
-8.87923e-005,1.26390e-004,,,,,,
-2.03098e-005,1.50561e-004,,,,,,
1.69528e-005,1.31426e-004,,,,,,
5.05226e-005,2.76951e-005,,,,,,
5.20333e-005,-1.10781e-005,,,,,,
5.75723e-005,-4.19623e-005,,,,,,
9.81918e-005,-1.07927e-004,,,,,,
8.79530e-005,-5.60616e-005,,,,,,
5.25368e-005,1.99741e-005,,,,,,
3.03807e-005,-5.53903e-006,,,,,,
-4.36408e-006,-5.18654e-005,,,,,,
-2.16526e-005,-5.45510e-005,,,,,,
-3.59197e-005,-1.72885e-005,,,,,,
-3.60876e-005,-1.07591e-004,,,,,,
-3.03807e-005,-6.93217e-005,,,,,,
-2.90379e-005,9.85275e-005,,,,,,
-3.00450e-005,3.47448e-005,,,,,,
-3.75982e-005,-6.64683e-005,,,,,,
-2.43381e-005,6.54612e-006,,,,,,
-5.03548e-007,1.44350e-005,,,,,,
7.38537e-006,-2.09812e-005,,,,,,
1.17494e-005,-5.60616e-005,,,,,,
3.91089e-005,-8.22461e-006,,,,,,
1.89670e-005,9.11421e-005,,,,,,
-3.13878e-005,1.22698e-004,,,,,,
-3.39055e-005,8.76173e-005,,,,,,
-1.42672e-005,3.94446e-005,,,,,,
-4.19623e-006,6.61326e-005,,,,,,
-1.96384e-005,8.29175e-005,,,,,,
-2.24918e-005,1.69360e-004,,,,,,
-3.44091e-005,1.94873e-004,,,,,,
-4.88441e-005,8.72816e-005,,,,,,
7.55322e-006,-5.52224e-005,,,,,,
4.01160e-005,-1.12291e-004,,,,,,
3.18914e-005,8.15747e-005,,,,,,
-5.53903e-006,1.27230e-004,,,,,,
-4.54871e-005,5.99222e-005,,,,,,
-6.09293e-005,6.56291e-005,,,,,,
-4.71656e-005,-1.66171e-005,,,,,,
-9.90310e-006,-7.83856e-005,,,,,,
3.77661e-005,-8.20783e-005,,,,,,
3.00450e-005,-2.80308e-005,,,,,,
1.15816e-005,-8.39246e-006,,,,,,
5.22011e-005,-6.04257e-006,,,,,,
5.72366e-005,-2.76951e-005,,,,,,
1.32601e-005,-6.27756e-005,,,,,,
2.51774e-006,-1.66674e-004,,,,,,
-3.35698e-006,-2.32471e-004,,,,,,
-1.32601e-005,-2.58488e-004,,,,,,
1.25887e-005,-1.70871e-004,,,,,,
5.40475e-005,-1.05913e-004,,,,,,
4.61585e-005,-1.35958e-005,,,,,,
7.88891e-006,2.68559e-005,,,,,,
-4.78370e-005,8.76173e-005,,,,,,
-1.02220e-004,2.02426e-004,,,,,,
-1.27062e-004,1.96384e-004,,,,,,
-1.43175e-004,5.06905e-005,,,,,,
-1.56435e-004,8.22461e-006,,,,,,
-1.47539e-004,9.24849e-005,,,,,,
-6.86503e-005,1.06584e-004,,,,,,
1.99741e-005,1.86313e-005,,,,,,
5.35439e-005,-4.26337e-005,,,,,,
5.38796e-005,-1.31762e-004,,,,,,
4.68299e-005,-1.88830e-004,,,,,,
2.70237e-005,-1.97055e-004,,,,,,
-6.88182e-006,-1.83124e-004,,,,,,
-2.21561e-005,-8.44282e-005,,,,,,
8.22461e-006,-1.84634e-005,,,,,,
6.63004e-005,-2.43381e-005,,,,,,
9.18135e-005,-5.05226e-005,,,,,,
8.03998e-005,-2.16526e-005,,,,,,
1.39315e-005,9.39956e-006,,,,,,
-4.16266e-005,3.87732e-005,,,,,,
-2.29953e-005,3.34020e-005,,,,,,
2.31632e-005,1.09102e-005,,,,,,
-3.55840e-005,3.96124e-005,,,,,,
-1.19005e-004,8.20783e-005,,,,,,
-1.74060e-004,9.04707e-005,,,,,,
-1.58953e-004,7.55322e-005,,,,,,
-7.53643e-005,6.74754e-005,,,,,,
-2.63523e-005,1.07759e-004,,,,,,
-4.17945e-005,1.23369e-004,,,,,,
-9.01350e-005,5.69009e-005,,,,,,
-7.75463e-005,-6.37827e-005,,,,,,
-1.91348e-005,2.73594e-005,,,,,,
1.71206e-005,2.30625e-004,,,,,,
7.72107e-006,1.95880e-004,,,,,,
5.35439e-005,1.76242e-005,,,,,,
1.08263e-004,-7.41894e-005,,,,,,
1.39483e-004,-1.05913e-004,,,,,,
1.17998e-004,-8.20783e-005,,,,,,
5.52224e-005,-3.96124e-005,,,,,,
1.17494e-006,-3.28984e-005,,,,,,
5.20333e-006,-4.98512e-005,,,,,,
-5.32082e-005,-2.90379e-005,,,,,,
-7.33501e-005,1.39483e-004,,,,,,
-7.33501e-005,1.63485e-004,,,,,,
-6.57969e-005,7.43572e-005,,,,,,
-1.32601e-005,3.05486e-005,,,,,,
2.03098e-005,-2.83665e-005,,,,,,
2.46738e-005,-4.78370e-005,,,,,,
1.57778e-005,-4.17945e-005,,,,,,
2.51774e-006,-3.99481e-005,,,,,,
8.89601e-006,-7.04967e-006,,,,,,
-1.05745e-005,2.16526e-005,,,,,,
-4.11231e-005,-1.24208e-005,,,,,,
-3.81018e-005,-5.47189e-005,,,,,,
-4.06195e-005,-1.00877e-004,,,,,,
-7.57000e-005,-1.55932e-004,,,,,,
-8.40925e-005,-1.95544e-004,,,,,,
-2.50095e-005,-2.13336e-004,,,,,,
-1.40993e-005,-1.54421e-004,,,,,,
-2.36667e-005,-4.14588e-005,,,,,,
3.10521e-005,6.56291e-005,,,,,,
7.13359e-005,1.64324e-004,,,,,,
3.34020e-005,1.86145e-004,,,,,,
-1.02388e-005,1.03563e-004,,,,,,
-1.79599e-005,-3.35698e-006,,,,,,
-1.15816e-005,-5.80758e-005,,,,,,
-1.29244e-005,-5.65652e-005,,,,,,
1.86313e-005,-4.71656e-005,,,,,,
3.05486e-005,-3.91089e-005,,,,,,
1.42672e-005,-2.73594e-005,,,,,,
-9.90310e-006,5.01869e-005,,,,,,
-1.00710e-005,7.82177e-005,,,,,,
-2.85344e-005,5.53903e-005,,,,,,
-1.09606e-004,4.14588e-005,,,,,,
-1.61639e-004,1.72885e-005,,,,,,
-1.08934e-004,-3.20592e-005,,,,,,
-2.26596e-005,-9.09743e-005,,,,,,
1.99741e-005,-1.15648e-004,,,,,,
-1.67849e-007,-1.32433e-004,,,,,,
9.06386e-006,-1.44854e-004,,,,,,
3.45769e-005,-1.09941e-004,,,,,,
2.85344e-006,-7.38537e-005,,,,,,
-3.25628e-005,-2.85344e-006,,,,,,
-3.40734e-005,3.94446e-005,,,,,,
-1.30922e-005,6.05936e-005,,,,,,
-1.66171e-005,1.30587e-004,,,,,,
-1.51064e-006,1.12123e-004,,,,,,
-1.09102e-005,2.13169e-005,,,,,,
-3.37377e-005,-2.58488e-005,,,,,,
6.04257e-006,-8.17426e-005,,,,,,
6.22721e-005,-1.01549e-004,,,,,,
4.98512e-005,-8.91279e-005,,,,,,
-3.00450e-005,5.10262e-005,,,,,,
-5.97543e-005,1.13802e-004,,,,,,
-2.73594e-005,7.70428e-005,,,,,,
-1.67849e-006,3.74304e-005,,,,,,
-3.74304e-005,-8.22461e-006,,,,,,
-2.58488e-005,-3.72625e-005,,,,,,
-3.27306e-005,-1.46029e-005,,,,,,
-2.63523e-005,1.00710e-005,,,,,,
4.19623e-006,2.18204e-006,,,,,,
5.03548e-007,-2.38346e-005,,,,,,
-4.85084e-005,2.18204e-005,,,,,,
-7.26787e-005,5.67330e-005,,,,,,
-3.91089e-005,3.23949e-005,,,,,,
-1.54421e-005,1.84634e-006,,,,,,
2.68559e-005,-2.97093e-005,,,,,,
4.11231e-005,-4.78370e-005,,,,,,
1.99741e-005,-2.65202e-005,,,,,,
1.12459e-005,-1.96384e-005,,,,,,
-1.46029e-005,5.20333e-006,,,,,,
-7.55322e-006,8.56031e-006,,,,,,
-2.38346e-005,1.24208e-005,,,,,,
-2.46738e-005,-4.53193e-006,,,,,,
1.89670e-005,-3.67590e-005,,,,,,
2.50095e-005,-1.17494e-006,,,,,,
4.51514e-005,2.90379e-005,,,,,,
5.75723e-005,-3.69268e-006,,,,,,
-1.67849e-007,-7.04967e-005,,,,,,
-3.05486e-005,-8.20783e-005,,,,,,
-5.67330e-005,-3.57519e-005,,,,,,
-1.23033e-004,8.39246e-007,,,,,,
-2.03433e-004,3.17235e-005,,,,,,
-1.97223e-004,4.19623e-005,,,,,,
-1.11116e-004,-1.29244e-005,,,,,,
4.86763e-006,-9.26528e-005,,,,,,
3.52483e-005,-1.13130e-004,,,,,,
6.37827e-006,-1.08095e-004,,,,,,
-2.34989e-006,-9.48348e-005,,,,,,
1.29244e-005,-9.31563e-005,,,,,,
9.56741e-006,-7.23430e-005,,,,,,
1.46029e-005,-7.97284e-005,,,,,,
1.93027e-005,-9.95346e-005,,,,,,
3.39055e-005,-8.35889e-005,,,,,,
3.13878e-005,-2.43381e-005,,,,,,
2.09812e-005,5.55581e-005,,,,,,
-5.53903e-006,9.88632e-005,,,,,,
-1.04067e-005,6.73075e-005,,,,,,
-3.50805e-005,1.81277e-005,,,,,,
-6.39506e-005,4.86763e-006,,,,,,
-5.08583e-005,3.20592e-005,,,,,,
1.00710e-006,2.51774e-005,,,,,,
4.07874e-005,-2.70237e-005,,,,,,
2.66880e-005,-3.70947e-005,,,,,,
1.29244e-005,-2.16526e-005,,,,,,
2.51774e-006,-1.51064e-005,,,,,,
-6.54612e-006,5.87472e-006,,,,,,
7.88891e-006,3.30663e-005,,,,,,
3.52483e-006,1.25887e-005,,,,,,
-3.30663e-005,-1.67849e-007,,,,,,
-5.53903e-006,1.05745e-005,,,,,,
-6.54612e-006,1.91348e-005,,,,,,
-3.97803e-005,2.26596e-005,,,,,,
-5.79080e-005,1.32601e-005,,,,,,
-2.90379e-005,-1.49386e-005,,,,,,
2.33310e-005,-1.35958e-005,,,,,,
4.81727e-005,-1.22530e-005,,,,,,
2.75273e-005,6.71397e-007,,,,,,
3.00450e-005,2.18204e-006,,,,,,
3.37377e-005,1.66171e-005,,,,,,
-7.21752e-006,2.46738e-005,,,,,,
-4.85084e-005,-1.67849e-007,,,,,,
-7.58679e-005,-1.77920e-005,,,,,,
-7.31823e-005,-1.84634e-006,,,,,,
-4.07874e-005,8.05676e-006,,,,,,
-5.20333e-006,-1.47707e-005,,,,,,
-1.59457e-005,-9.56741e-006,,,,,,
-2.90379e-005,4.19623e-006,,,,,,
-1.89670e-005,2.29953e-005,,,,,,
-2.18204e-006,9.06386e-006,,,,,,
1.04067e-005,1.67849e-006,,,,,,
-4.31373e-005,1.09102e-005,,,,,,
-1.11788e-004,3.69268e-006,,,,,,
-1.14977e-004,-1.30922e-005,,,,,,
-7.60357e-005,-1.10781e-005,,,,,,
8.39246e-006,-2.01419e-006,,,,,,
8.54353e-005,-2.63523e-005,,,,,,
1.11788e-004,-2.75273e-005,,,,,,
1.29412e-004,-2.29953e-005,,,,,,
1.19005e-004,-9.73526e-006,,,,,,
5.32082e-005,-8.89601e-006,,,,,,
-2.21561e-005,-3.13878e-005,,,,,,
-6.47898e-005,-2.16526e-005,,,,,,
-8.74495e-005,-1.76242e-005,,,,,,
-9.63455e-005,-1.98062e-005,,,,,,
-8.37568e-005,-7.21752e-006,,,,,,
-5.92508e-005,-2.85344e-006,,,,,,
-2.23239e-005,-2.97093e-005,,,,,,
1.20851e-005,-2.56809e-005,,,,,,
1.91348e-005,-4.19623e-006,,,,,,
1.17494e-005,2.80308e-005,,,,,,
6.71397e-007,7.82177e-005,,,,,,
-3.02129e-005,5.69009e-005,,,,,,
-8.22461e-005,-8.89601e-006,,,,,,
-2.00580e-004,-5.11940e-005,,,,,,
-1.50225e-004,-3.03807e-005,,,,,,
-1.82956e-005,9.23171e-006,,,,,,
9.91989e-005,-3.02129e-006,,,,,,
1.66339e-004,-3.82696e-005,,,,,,
2.28779e-004,2.85344e-006,,,,,,
2.72084e-004,3.99481e-005,,,,,,
1.80102e-004,1.08095e-004,,,,,,
3.50805e-005,4.80049e-005,,,,,,
-4.36408e-005,-1.04067e-005,,,,,,
-5.25368e-005,-8.72816e-006,,,,,,
-4.61585e-005,-7.20073e-005,,,,,,
-6.41184e-005,-3.07164e-005,,,,,,
-6.37827e-005,1.32601e-005,,,,,,
-4.58228e-005,-2.01419e-006,,,,,,
-8.07355e-005,-6.21042e-006,,,,,,
-1.35958e-004,-5.62295e-005,,,,,,
-1.80774e-004,1.13634e-004,,,,,,
-1.09102e-005,3.81857e-004,,,,,,
1.55596e-004,2.39521e-004,,,,,,
1.11452e-004,-6.16007e-005,,,,,,
2.97093e-005,-8.62745e-005,,,,,,
-9.08064e-005,5.45510e-005,,,,,,
-1.99405e-004,7.40215e-005,,,,,,
-3.22438e-004,5.01869e-005,,,,,,
-2.71748e-004,6.07614e-005,,,,,,
-5.75723e-005,-7.88891e-006,,,,,,
1.06752e-004,4.06195e-005,,,,,,
1.33440e-004,1.68521e-004,,,,,,
3.30663e-005,2.41535e-004,,,,,,
-4.17945e-005,1.78424e-004,,,,,,
-1.20684e-004,8.49317e-005,,,,,,
-3.34859e-004,-2.70237e-005,,,,,,
-3.63226e-004,-2.98772e-005,,,,,,
-2.03265e-004,-6.32792e-005,,,,,,
1.59457e-005,-2.03769e-004,,,,,,
2.35828e-004,-9.88632e-005,,,,,,
3.94614e-004,3.87732e-005,,,,,,
3.24453e-004,-9.81918e-005,,,,,,
2.74266e-004,-1.31929e-004,,,,,,
1.48211e-004,-1.41833e-004,,,,,,
-8.74495e-005,-1.17662e-004,,,,,,
-2.46571e-004,-1.35958e-004,,,,,,
-1.79095e-004,-9.28206e-005,,,,,,
5.57259e-005,5.20333e-006,,,,,,
1.53918e-004,6.16007e-005,,,,,,
2.83665e-005,2.17700e-004,,,,,,
-1.15648e-004,2.60670e-004,,,,,,
-1.46700e-004,2.52277e-004,,,,,,
-1.75067e-004,2.17365e-004,,,,,,
-1.02220e-004,9.31563e-005,,,,,,
1.93027e-005,-3.59197e-005,,,,,,
1.78424e-004,-1.57275e-004,,,,,,
2.73762e-004,-2.90547e-004,,,,,,
2.72419e-004,-2.78630e-004,,,,,,
2.61509e-004,4.61585e-005,,,,,,
1.87823e-004,4.01663e-004,,,,,,
-7.15038e-005,4.53696e-004,,,,,,
-2.65034e-004,3.05318e-004,,,,,,
-4.08041e-004,2.50095e-005,,,,,,
-4.71489e-004,-8.20783e-005,,,,,,
-5.94690e-004,-1.81277e-005,,,,,,
-6.01236e-004,1.19173e-005,,,,,,
-3.61715e-004,-4.19623e-006,,,,,,
-4.48157e-005,-1.25887e-005,,,,,,
5.03548e-006,4.81727e-005,,,,,,
-1.14977e-004,1.03563e-004,,,,,,
-5.72366e-005,1.98901e-004,,,,,,
1.42840e-004,2.76783e-004,,,,,,
2.18036e-004,1.39147e-004,,,,,,
1.44518e-004,-4.41444e-005,,,,,,
2.15351e-004,-3.09010e-004,,,,,,
3.16228e-004,-5.88312e-004,,,,,,
2.01755e-004,-6.17853e-004,,,,,,
4.22980e-005,-1.37804e-004,,,,,,
4.09552e-005,3.59030e-004,,,,,,
-5.45510e-005,2.23072e-004,,,,,,
-9.71847e-005,1.11116e-004,,,,,,
1.52743e-005,-6.27756e-005,,,,,,
9.14778e-005,-2.00916e-004,,,,,,
2.22568e-004,-1.99573e-004,,,,,,
3.99649e-004,-1.16991e-004,,,,,,
4.16098e-004,-7.60357e-005,,,,,,
2.93568e-004,4.81727e-005,,,,,,
1.71206e-004,7.95605e-005,,,,,,
6.14328e-005,-7.55322e-006,,,,,,
4.48157e-005,4.53193e-006,,,,,,
-4.78370e-005,1.23033e-004,,,,,,
-1.89502e-004,1.62646e-004,,,,,,
-1.67514e-004,1.20684e-004,,,,,,
-1.68185e-004,9.31563e-005,,,,,,
-2.44053e-004,-1.37636e-005,,,,,,
-3.16564e-004,-3.82361e-004,,,,,,
-3.19081e-004,-2.80812e-004,,,,,,
-3.08507e-004,-1.02556e-004,,,,,,
-1.54421e-004,-3.33516e-004,,,,,,
1.71038e-004,-3.30831e-004,,,,,,
3.22606e-004,-3.70443e-004,,,,,,
3.12367e-004,-4.15930e-004,,,,,,
2.52613e-004,-2.97765e-004,,,,,,
2.55970e-004,1.05409e-004,,,,,,
-6.91539e-005,6.45548e-004,,,,,,
-6.11139e-004,7.77310e-004,,,,,,
-5.51385e-004,3.12703e-004,,,,,,
-2.75441e-004,-4.58228e-005,,,,,,
-7.90570e-005,9.90310e-006,,,,,,
1.80438e-004,1.06920e-004,,,,,,
1.48547e-004,1.76074e-004,,,,,,
-5.72366e-005,1.60967e-004,,,,,,
-8.14069e-005,6.05936e-005,,,,,,
-1.47372e-004,-1.60800e-004,,,,,,
-3.44930e-004,-2.58152e-004,,,,,,
-2.45228e-004,-8.87923e-005,,,,,,
1.75738e-004,-1.24208e-005,,,,,,
5.34264e-004,-1.88327e-004,,,,,,
5.35943e-004,-3.77661e-004,,,,,,
3.92935e-004,-3.29152e-004,,,,,,
1.68353e-004,-1.90173e-004,,,,,,
-7.87213e-005,-1.30083e-004,,,,,,
-2.66041e-004,-1.13634e-004,,,,,,
-2.81483e-004,-1.15312e-004,,,,,,
-1.88830e-004,7.40215e-005,,,,,,
-6.19364e-005,3.86892e-004,,,,,,
6.39506e-005,3.57015e-004,,,,,,
4.96834e-005,2.74266e-004,,,,,,
-5.52224e-005,1.82284e-004,,,,,,
-8.74495e-005,1.27398e-004,,,,,,
-4.64942e-005,1.39483e-004,,,,,,
-7.23430e-005,1.27733e-004,,,,,,
-1.34447e-004,9.65133e-005,,,,,,
-1.65667e-004,8.15747e-005,,,,,,
-1.39147e-004,7.31823e-005,,,,,,
-9.08064e-005,-7.35180e-005,,,,,,
1.42672e-005,-2.89540e-004,,,,,,
7.45251e-005,-4.46983e-004,,,,,,
1.64996e-004,-4.30198e-004,,,,,,
1.71038e-004,-2.83162e-004,,,,,,
1.79095e-004,-1.37469e-004,,,,,,
2.07965e-004,-6.49577e-005,,,,,,
6.37827e-005,-6.02579e-005,,,,,,
-3.50973e-004,-1.04570e-004,,,,,,
-4.61082e-004,1.46029e-005,,,,,,
-3.43587e-004,2.30121e-004,,,,,,
-6.93217e-005,2.13840e-004,,,,,,
2.33310e-004,5.35439e-005,,,,,,
6.06607e-004,-4.75013e-005,,,,,,
7.04295e-004,-7.50286e-005,,,,,,
3.80850e-004,-8.27497e-005,,,,,,
-7.26787e-005,-6.86503e-005,,,,,,
-3.05150e-004,-2.56809e-005,,,,,,
-3.34188e-004,-1.56100e-005,,,,,,
-3.42916e-004,-2.09812e-005,,,,,,
-2.69230e-004,-4.95155e-005,,,,,,
-1.34615e-004,-8.56031e-006,,,,,,
-7.60357e-005,1.13298e-004,,,,,,
-7.25109e-005,2.33143e-004,,,,,,
-1.56100e-004,1.62142e-004,,,,,,
-1.29244e-005,4.22980e-005,,,,,,
7.36858e-005,-1.19173e-005,,,,,,
7.16716e-005,-2.80308e-005,,,,,,
1.43511e-004,-2.97093e-005,,,,,,
1.67681e-004,-4.17945e-005,,,,,,
2.53452e-005,5.03548e-007,,,,,,
-5.79080e-005,1.81277e-005,,,,,,
-1.46365e-004,-2.87022e-005,,,,,,
-2.98939e-004,-1.14137e-005,,,,,,
-2.42374e-004,-9.70169e-005,,,,,,
-9.68490e-005,-8.69459e-005,,,,,,
-2.51774e-005,-4.78370e-005,,,,,,
1.57610e-004,-2.26596e-005,,,,,,
2.90883e-004,-5.20333e-006,,,,,,
1.98566e-004,-2.03098e-005,,,,,,
1.99237e-004,3.94446e-005,,,,,,
2.53284e-004,8.29175e-005,,,,,,
2.80140e-004,2.16526e-005,,,,,,
2.33646e-004,-1.42672e-005,,,,,,
8.94636e-005,-1.89670e-005,,,,,,
-5.18654e-005,-2.50095e-005,,,,,,
-2.47242e-004,-8.22461e-006,,,,,,
-3.47112e-004,2.23239e-005,,,,,,
-2.41199e-004,8.79530e-005,,,,,,
-2.62852e-004,1.03227e-004,,,,,,
-1.52575e-004,5.72366e-005,,,,,,
4.64942e-005,-9.48348e-005,,,,,,
4.86763e-006,-1.45693e-004,,,,,,
-8.17426e-005,-4.04517e-005,,,,,,
-5.72366e-005,-1.67849e-007,,,,,,
-4.88441e-005,-6.88182e-006,,,,,,
-2.63523e-005,-1.93027e-005,,,,,,
3.07164e-005,-1.59457e-005,,,,,,
8.56031e-006,-2.68559e-005,,,,,,
3.47448e-005,-1.71206e-005,,,,,,
4.24659e-005,2.13169e-005,,,,,,
-4.86763e-006,5.33761e-005,,,,,,
3.67590e-005,2.80308e-005,,,,,,
1.78256e-004,-3.65911e-005,,,,,,
2.04776e-004,-8.87923e-005,,,,,,
8.12390e-005,-2.13169e-005,,,,,,
-1.32601e-005,6.02579e-005,,,,,,
-1.83963e-004,5.62295e-005,,,,,,
-3.83871e-004,9.16457e-005,,,,,,
-2.81483e-004,6.47898e-005,,,,,,
-1.83795e-004,2.19883e-005,,,,,,
-1.72549e-004,9.23171e-006,,,,,,
-1.71374e-004,2.51774e-006,,,,,,
-1.76074e-004,-5.03548e-006,,,,,,
-1.36461e-004,-7.72107e-006,,,,,,
-2.26596e-005,-2.33310e-005,,,,,,
1.07927e-004,-3.96124e-005,,,,,,
1.99237e-004,-2.16526e-005,,,,,,
2.01251e-004,-1.17494e-006,,,,,,
1.05074e-004,-9.90310e-006,,,,,,
3.47448e-005,3.27306e-005,,,,,,
1.12459e-005,5.35439e-005,,,,,,
3.86053e-005,1.74563e-005,,,,,,
1.22362e-004,1.51064e-006,,,,,,
1.65667e-004,4.53193e-006,,,,,,
2.08637e-004,-1.22530e-005,,,,,,
1.24544e-004,-2.83665e-005,,,,,,
-2.28611e-004,-1.62814e-005,,,,,,
-3.83536e-004,2.63523e-005,,,,,,
-2.32471e-004,3.10521e-005,,,,,,
-1.14305e-004,1.05745e-005,,,,,,
-2.90379e-005,-1.67849e-007,,,,,,
4.34730e-005,-5.53903e-006,,,,,,
-3.54162e-005,-2.92058e-005,,,,,,
-1.60967e-004,-4.31373e-005,,,,,,
-8.12390e-005,-3.23949e-005,,,,,,
9.81918e-005,-1.51064e-006,,,,,,
1.94873e-004,2.24918e-005,,,,,,
1.76745e-004,1.46029e-005,,,,,,
9.65133e-005,9.56741e-006,,,,,,
2.81987e-005,-5.87472e-006,,,,,,
1.64492e-005,2.18204e-006,,,,,,
1.09102e-005,2.13169e-005,,,,,,
-3.52483e-006,1.98062e-005,,,,,,
-1.87991e-005,3.69268e-006,,,,,,
-1.96384e-005,1.35958e-005,,,,,,
-2.76951e-005,1.52743e-005,,,,,,
-1.00710e-005,1.10781e-005,,,,,,
2.23239e-005,2.31632e-005,,,,,,
-1.42672e-005,4.19623e-006,,,,,,
-1.04906e-004,-5.37118e-006,,,,,,
-1.50057e-004,-2.83665e-005,,,,,,
-1.46029e-004,-3.55840e-005,,,,,,
-9.09743e-005,-1.00710e-006,,,,,,
3.54162e-005,8.39246e-006,,,,,,
1.52575e-004,-1.32601e-005,,,,,,
1.37301e-004,-3.52483e-006,,,,,,
5.15297e-005,-3.94446e-005,,,,,,
-2.38346e-005,-3.54162e-005,,,,,,
-5.38796e-005,1.14137e-005,,,,,,
-4.33051e-005,5.15297e-005,,,,,,
-4.11231e-005,4.43122e-005,,,,,,
-2.34989e-006,-1.67849e-007,,,,,,
2.63523e-005,-1.32601e-005,,,,,,
1.07424e-005,-3.52483e-006,,,,,,
-3.39055e-005,2.33310e-005,,,,,,
-1.13466e-004,7.03288e-005,,,,,,
-1.15312e-004,5.30404e-005,,,,,,
-8.99672e-005,5.70687e-005,,,,,,
-8.12390e-005,2.33310e-005,,,,,,
-9.46670e-005,-9.04707e-005,,,,,,
-1.05745e-004,-1.21019e-004,,,,,,
-4.44800e-005,-3.77661e-005,,,,,,
4.53193e-006,6.54612e-006,,,,,,
1.96384e-005,-3.65911e-005,,,,,,
1.03227e-004,-4.48157e-005,,,,,,
1.64660e-004,-9.68490e-005,,,,,,
1.00038e-004,-9.38277e-005,,,,,,
1.79599e-005,-1.08263e-004,,,,,,
1.67849e-007,-7.15038e-005,,,,,,
-6.71397e-006,-4.06195e-005,,,,,,
-1.47707e-005,2.09812e-005,,,,,,
-3.18914e-005,1.01549e-004,,,,,,
-4.41444e-005,2.07797e-004,,,,,,
-2.76951e-005,1.23705e-004,,,,,,
-3.00450e-005,6.88182e-006,,,,,,
-6.79789e-005,-2.68559e-006,,,,,,
-8.81209e-005,-1.00710e-006,,,,,,
-7.46929e-005,-3.54162e-005,,,,,,
-3.64233e-005,-6.27756e-005,,,,,,
-2.28275e-005,-3.50805e-005,,,,,,
-4.78370e-005,1.66171e-005,,,,,,
-6.99931e-005,1.05745e-004,,,,,,
-3.87732e-005,1.44518e-004,,,,,,
2.34989e-005,5.55581e-005,,,,,,
2.29953e-005,7.30144e-005,,,,,,
5.37118e-006,3.07164e-005,,,,,,
1.05745e-005,-1.78927e-004,,,,,,
2.33310e-005,-1.25383e-004,,,,,,
2.50095e-005,8.56031e-006,,,,,,
1.86313e-005,8.64424e-005,,,,,,
-6.71397e-007,1.32769e-004,,,,,,
-2.71916e-005,-1.46029e-005,,,,,,
-2.66880e-005,-7.77142e-005,,,,,,
-2.46738e-005,-3.44091e-005,,,,,,
-3.52483e-005,-1.56100e-005,,,,,,
-2.90379e-005,-2.97093e-005,,,,,,
-1.25887e-005,-4.48157e-005,,,,,,
-1.84634e-006,-5.38796e-005,,,,,,
4.53193e-006,-5.00191e-005,,,,,,
1.67849e-007,-1.89670e-005,,,,,,
-1.19173e-005,1.05745e-005,,,,,,
-7.72107e-006,1.93027e-005,,,,,,
9.73526e-006,7.88891e-006,,,,,,
2.53452e-005,-7.88891e-006,,,,,,
4.07874e-005,6.21042e-006,,,,,,
4.93477e-005,3.27306e-005,,,,,,
-1.84634e-006,3.00450e-005,,,,,,
-4.95155e-005,2.40024e-005,,,,,,
-8.37568e-005,8.44282e-005,,,,,,
-9.38277e-005,9.61776e-005,,,,,,
-6.64683e-005,6.29435e-005,,,,,,
-5.06905e-005,1.86313e-005,,,,,,
-7.06645e-005,-7.55322e-006,,,,,,
-9.81918e-005,-2.40024e-005,,,,,,
-1.06249e-004,1.19173e-005,,,,,,
-9.43313e-005,2.73594e-005,,,,,,
-5.20333e-006,4.22980e-005,,,,,,
9.44991e-005,5.22011e-005,,,,,,
8.82887e-005,8.19104e-005,,,,,,
7.77142e-005,-3.54162e-005,,,,,,
6.93217e-005,-1.09270e-004,,,,,,
3.18914e-005,-4.21302e-005,,,,,,
5.42153e-005,-3.57519e-005,,,,,,
9.95346e-005,-6.05936e-005,,,,,,
8.03998e-005,-3.55840e-005,,,,,,
1.07424e-005,-5.58938e-005,,,,,,
-1.17494e-005,-7.73785e-005,,,,,,
1.02388e-005,-4.26337e-005,,,,,,
-2.53452e-005,1.89670e-005,,,,,,
-7.30144e-005,3.81018e-005,,,,,,
-3.10521e-005,1.72885e-005,,,,,,
1.67849e-006,3.18914e-006,,,,,,
1.02388e-005,-1.87991e-005,,,,,,
2.03098e-005,-2.38346e-005,,,,,,
-8.89601e-006,-2.76951e-005,,,,,,
-4.88441e-005,-4.28016e-005,,,,,,
-2.36667e-005,-5.06905e-005,,,,,,
8.56031e-006,-7.30144e-005,,,,,,
-3.79339e-005,-6.99931e-005,,,,,,
-7.80499e-005,-3.64233e-005,,,,,,
-8.20783e-005,-2.21561e-005,,,,,,
-7.16716e-005,-2.40024e-005,,,,,,
-5.45510e-005,-4.78370e-005,,,,,,
-7.20073e-005,-3.10521e-005,,,,,,
-1.16320e-004,-2.68559e-006,,,,,,
-1.34447e-004,9.90310e-006,,,,,,
-1.13634e-004,-6.88182e-006,,,,,,
-7.68750e-005,2.03098e-005,,,,,,
-9.73526e-006,1.38811e-004,,,,,,
8.72816e-006,4.93477e-005,,,,,,
3.52483e-006,-9.28206e-005,,,,,,
-1.62814e-005,-1.29747e-004,,,,,,
-5.53903e-006,-1.60128e-004,,,,,,
9.73526e-006,-1.03227e-004,,,,,,
-2.56809e-005,2.23239e-005,,,,,,
-3.94446e-005,1.94202e-004,,,,,,
4.86763e-006,3.23949e-004,,,,,,
5.89151e-005,2.42206e-004,,,,,,
7.28466e-005,1.27398e-004,,,,,,
4.48157e-005,3.87732e-005,,,,,,
3.13878e-005,-6.88182e-006,,,,,,
7.90570e-005,-3.28984e-005,,,,,,
1.07256e-004,-9.14778e-005,,,,,,
1.18669e-004,-1.19341e-004,,,,,,
8.82887e-005,-9.43313e-005,,,,,,
-2.34989e-006,-6.52934e-005,,,,,,
-9.24849e-005,-4.95155e-005,,,,,,
-1.53079e-004,-2.87022e-005,,,,,,
-1.82116e-004,-8.22461e-006,,,,,,
-1.44015e-004,-4.07874e-005,,,,,,
-9.04707e-005,-5.28725e-005,,,,,,
-2.43381e-005,-6.47898e-005,,,,,,
5.35439e-005,-4.51514e-005,,,,,,
7.18395e-005,-1.91348e-005,,,,,,
5.20333e-005,-1.22530e-005,,,,,,
2.87022e-005,-2.09812e-005,,,,,,
-2.19883e-005,1.59457e-005,,,,,,
-6.16007e-005,9.14778e-005,,,,,,
-4.11231e-005,1.31426e-004,,,,,,
-4.59907e-005,1.77081e-004,,,,,,
-4.51514e-005,1.97559e-004,,,,,,
3.54162e-005,1.38476e-004,,,,,,
8.07355e-005,4.93477e-005,,,,,,
4.81727e-005,1.51064e-006,,,,,,
1.69528e-005,-1.44854e-004,,,,,,
-3.69268e-006,-2.58824e-004,,,,,,
-5.57259e-005,-1.35790e-004,,,,,,
-1.02220e-004,-2.16526e-005,,,,,,
-1.02556e-004,-4.01160e-005,,,,,,
-4.56550e-005,-5.58938e-005,,,,,,
1.34279e-005,-1.49386e-005,,,,,,
1.82956e-005,5.20333e-006,,,,,,
2.40024e-005,5.03548e-007,,,,,,
8.89601e-006,1.32601e-005,,,,,,
-3.52483e-006,-8.30854e-005,,,,,,
4.59907e-005,-9.08064e-005,,,,,,
3.77661e-005,-9.14778e-005,,,,,,
-8.22461e-006,-1.00542e-004,,,,,,
-1.51064e-005,1.04067e-005,,,,,,
-1.66171e-005,1.09941e-004,,,,,,
-1.82956e-005,4.78370e-005,,,,,,
8.39246e-007,-1.25887e-005,,,,,,
3.52483e-006,-1.40993e-005,,,,,,
4.04517e-005,-2.83665e-005,,,,,,
6.22721e-005,-6.22721e-005,,,,,,
7.72107e-006,-4.17945e-005,,,,,,
-5.25368e-005,-2.36667e-005,,,,,,
-8.77852e-005,1.52743e-005,,,,,,
-9.44991e-005,5.85794e-005,,,,,,
-8.47639e-005,3.81018e-005,,,,,,
-1.05577e-004,-1.30922e-005,,,,,,
-1.19509e-004,-1.66171e-005,,,,,,
-4.75013e-005,-6.71397e-007,,,,,,
-5.70687e-006,-9.56741e-006,,,,,,
-3.69268e-006,-1.66171e-005,,,,,,
-1.82956e-005,2.60166e-005,,,,,,
-2.90379e-005,1.10277e-004,,,,,,
-6.32792e-005,1.63653e-004,,,,,,
-1.15312e-004,1.30587e-004,,,,,,
-8.91279e-005,4.98512e-005,,,,,,
2.76951e-005,-1.64492e-005,,,,,,
1.36126e-004,-6.14328e-005,,,,,,
1.47539e-004,-9.33242e-005,,,,,,
1.27733e-004,-1.26726e-004,,,,,,
5.25368e-005,-1.53918e-004,,,,,,
-8.39246e-006,-3.64233e-005,,,,,,
-5.63973e-005,2.19379e-004,,,,,,
-8.54353e-005,2.09644e-004,,,,,,
-4.19623e-005,1.39147e-004,,,,,,
-7.88891e-006,1.16487e-004,,,,,,
4.41444e-005,-9.06386e-006,,,,,,
1.15984e-004,-5.32082e-005,,,,,,
9.66812e-005,-2.60166e-005,,,,,,
2.33310e-005,-7.53643e-005,,,,,,
-5.18654e-005,-7.82177e-005,,,,,,
-1.16320e-004,1.67849e-007,,,,,,
-1.58282e-004,8.69459e-005,,,,,,
-8.40925e-005,6.22721e-005,,,,,,
-2.51774e-005,-4.28016e-005,,,,,,
-1.79599e-005,-6.51255e-005,,,,,,
3.44091e-005,-2.75273e-005,,,,,,
5.62295e-005,5.89151e-005,,,,,,
1.99741e-005,6.59647e-005,,,,,,
-9.23171e-006,7.21752e-006,,,,,,
-1.02388e-005,-8.89601e-006,,,,,,
-4.41444e-005,-1.51064e-005,,,,,,
-6.00900e-005,-2.66880e-005,,,,,,
-4.04517e-005,-4.61585e-005,,,,,,
1.42672e-005,-7.26787e-005,,,,,,
2.93736e-005,-7.67071e-005,,,,,,
-7.55322e-006,-8.02319e-005,,,,,,
-2.80308e-005,-6.05936e-005,,,,,,
-3.17235e-005,-3.55840e-005,,,,,,
-6.34470e-005,-4.04517e-005,,,,,,
-9.88632e-005,-2.70237e-005,,,,,,
-6.29435e-005,-3.17235e-005,,,,,,
-7.26787e-005,-3.10521e-005,,,,,,
-9.23171e-005,-2.85344e-005,,,,,,
-4.90120e-005,-4.48157e-005,,,,,,
-4.86763e-006,-4.95155e-005,,,,,,
2.97093e-005,-3.91089e-005,,,,,,
2.40024e-005,1.84634e-006,,,,,,
2.60166e-005,3.59197e-005,,,,,,
6.02579e-005,3.40734e-005,,,,,,
5.22011e-005,2.60166e-005,,,,,,
1.51064e-006,1.72885e-005,,,,,,
-5.37118e-006,3.35698e-006,,,,,,
2.36667e-005,-7.04967e-006,,,,,,
4.64942e-005,-2.60166e-005,,,,,,
3.02129e-005,-3.97803e-005,,,,,,
-3.52483e-006,-5.52224e-005,,,,,,
-8.20783e-005,-4.24659e-005,,,,,,
-1.63821e-004,-3.99481e-005,,,,,,
-1.54253e-004,-5.79080e-005,,,,,,
-5.57259e-005,-4.91798e-005,,,,,,
0.00000e+000,4.86763e-006,,,,,,
-4.69978e-006,6.99931e-005,,,,,,
5.20333e-006,6.05936e-005,,,,,,
-4.53193e-006,1.46029e-005,,,,,,
-1.35958e-005,-1.66171e-005,,,,,,
2.80308e-005,-2.51774e-006,,,,,,
5.84115e-005,1.67849e-007,,,,,,
4.41444e-005,-3.32342e-005,,,,,,
2.66880e-005,-5.05226e-005,,,,,,
6.21042e-006,-5.52224e-005,,,,,,
-1.46029e-005,-1.98062e-005,,,,,,
-1.89670e-005,-2.29953e-005,,,,,,
-5.53903e-006,-6.86503e-005,,,,,,
2.33310e-005,-7.13359e-005,,,,,,
5.60616e-005,-4.36408e-005,,,,,,
4.01160e-005,4.86763e-006,,,,,,
1.56100e-005,6.54612e-006,,,,,,
-7.82177e-005,-1.10781e-005,,,,,,
-1.14305e-004,-1.34279e-006,,,,,,
-8.61067e-005,-2.65202e-005,,,,,,
-4.78370e-005,-4.43122e-005,,,,,,
-3.77661e-005,-3.57519e-005,,,,,,
-4.66621e-005,-2.83665e-005,,,,,,
-3.42412e-005,-2.55131e-005,,,,,,
3.35698e-007,-3.23949e-005,,,,,,
2.65202e-005,-2.43381e-005,,,,,,
3.39055e-005,-2.50095e-005,,,,,,
1.10781e-005,-2.70237e-005,,,,,,
-2.19883e-005,-1.46029e-005,,,,,,
-2.48417e-005,-1.37636e-005,,,,,,
-1.94705e-005,-1.86313e-005,,,,,,
-1.05745e-005,-5.70687e-006,,,,,,
-9.56741e-006,9.73526e-006,,,,,,
-2.90379e-005,1.52743e-005,,,,,,
-4.78370e-005,-2.11490e-005,,,,,,
-6.99931e-005,-1.56100e-005,,,,,,
-2.58488e-005,2.34989e-006,,,,,,
1.27565e-005,1.51064e-006,,,,,,
5.87472e-006,1.62814e-005,,,,,,
-1.15816e-005,7.90570e-005,,,,,,
-3.74304e-005,1.10948e-004,,,,,,
-4.71656e-005,8.44282e-005,,,,,,
-3.92767e-005,9.19814e-005,,,,,,
-1.15816e-005,1.05241e-004,,,,,,
3.97803e-005,7.90570e-005,,,,,,
4.53193e-005,7.57000e-005,,,,,,
2.73594e-005,6.47898e-005,,,,,,
4.64942e-005,2.40024e-005,,,,,,
4.28016e-005,2.58488e-005,,,,,,
-8.39246e-007,2.65202e-005,,,,,,
-2.29953e-005,2.13169e-005,,,,,,
-3.00450e-005,3.30663e-005,,,,,,
-4.59907e-005,2.29953e-005,,,,,,
-4.66621e-005,7.21752e-006,,,,,,
-4.19623e-006,6.88182e-006,,,,,,
7.38537e-006,1.57778e-005,,,,,,
5.53903e-006,3.18914e-006,,,,,,
5.03548e-006,-4.53193e-006,,,,,,
5.03548e-007,-2.01419e-006,,,,,,
-8.56031e-006,3.52483e-006,,,,,,
-3.30663e-005,-6.71397e-007,,,,,,
-4.14588e-005,-3.18914e-006,,,,,,
-4.44800e-005,-1.76242e-005,,,,,,
-6.26078e-005,-2.97093e-005,,,,,,
-9.18135e-005,-1.79599e-005,,,,,,
-9.28206e-005,-3.87732e-005,,,,,,
-6.59647e-005,-6.39506e-005,,,,,,
-7.55322e-006,-6.27756e-005,,,,,,
3.40734e-005,-4.98512e-005,,,,,,
5.79080e-005,8.56031e-006,,,,,,
5.42153e-005,7.36858e-005,,,,,,
3.08843e-005,6.27756e-005,,,,,,
7.21752e-006,3.13878e-005,,,,,,
-3.69268e-006,-4.19623e-006,,,,,,
2.34989e-006,5.03548e-007,,,,,,
-8.39246e-006,2.23239e-005,,,,,,
-2.76951e-005,-1.89670e-005,,,,,,
-3.99481e-005,-3.65911e-005,,,,,,
-5.00191e-005,-1.62814e-005,,,,,,
-5.28725e-005,2.14847e-005,,,,,,
-1.51064e-005,9.56741e-006,,,,,,
-2.03098e-005,3.39055e-005,,,,,,
-1.49386e-005,2.90379e-005,,,,,,
1.67849e-007,-2.24918e-005,,,,,,
7.88891e-006,-2.38346e-005,,,,,,
5.15297e-005,5.53903e-006,,,,,,
1.02220e-004,3.44091e-005,,,,,,
1.46197e-004,6.46220e-005,,,,,,
1.68856e-004,8.50996e-005,,,,,,
1.97894e-004,4.54871e-005,,,,,,
2.14008e-004,-6.22721e-005,,,,,,
1.17327e-004,-4.49836e-005,,,,,,
-9.44991e-005,9.78561e-005,,,,,,
-3.00618e-004,5.18654e-005,,,,,,
-3.59701e-004,-7.01610e-005,,,,,,
-3.73465e-004,-6.49577e-005,,,,,,
-3.48959e-004,-2.87022e-005,,,,,,
-1.89670e-004,-3.60876e-005,,,,,,
-4.58228e-005,-9.95346e-005,,,,,,
9.60098e-005,-1.06920e-004,,,,,,
1.97223e-004,-8.14069e-005,,,,,,
2.27268e-004,-2.04273e-004,,,,,,
2.32975e-004,-2.71412e-004,,,,,,
1.51232e-004,-1.46700e-004,,,,,,
-2.85344e-006,3.91089e-005,,,,,,
-1.99405e-004,3.84207e-004,,,,,,
-3.42748e-004,5.46349e-004,,,,,,
-3.70108e-004,3.02296e-004,,,,,,
-2.14343e-004,-1.59625e-004,,,,,,
-7.10002e-005,-1.11284e-004,,,,,,
9.98703e-005,1.61639e-004,,,,,,
2.41535e-004,6.29435e-005,,,,,,
2.05951e-004,-8.56031e-005,,,,,,
4.91798e-005,-2.60166e-005,,,,,,
-1.08598e-004,5.89151e-005,,,,,,
-1.27733e-004,6.96574e-005,,,,,,
-7.21752e-006,1.42672e-004,,,,,,
1.51064e-005,1.71374e-004,,,,,,
8.74495e-005,2.73091e-004,,,,,,
5.35439e-004,2.25422e-004,,,,,,
8.99336e-004,2.87022e-005,,,,,,
6.41184e-004,-8.17426e-005,,,,,,
2.67048e-004,-1.03899e-004,,,,,,
-3.60876e-005,-6.46220e-005,,,,,,
-3.65744e-004,-4.11231e-005,,,,,,
-8.28672e-004,-3.59197e-005,,,,,,
-1.13919e-003,-1.53582e-004,,,,,,
-9.86450e-004,-2.80140e-004,,,,,,
-5.69848e-004,-1.93362e-004,,,,,,
-1.97223e-004,-1.62814e-005,,,,,,
3.18914e-006,8.09033e-005,,,,,,
2.87022e-005,1.50225e-004,,,,,,
-3.86053e-005,1.57946e-004,,,,,,
2.38346e-005,1.07256e-004,,,,,,
1.02388e-004,6.05936e-005,,,,,,
4.36408e-006,-1.39818e-004,,,,,,
-1.26726e-004,-2.68055e-004,,,,,,
-4.38087e-005,-1.25048e-004,,,,,,
2.37507e-004,-8.27497e-005,,,,,,
5.03380e-004,-7.46929e-005,,,,,,
7.97955e-004,-3.12200e-005,,,,,,
7.10506e-004,-1.40826e-004,,,,,,
3.82864e-004,-2.25925e-004,,,,,,
7.78820e-005,-1.00710e-006,,,,,,
-3.35195e-004,1.95544e-004,,,,,,
-7.54147e-004,1.60800e-004,,,,,,
-8.17929e-004,8.64424e-005,,,,,,
-4.24491e-004,1.10781e-005,,,,,,
1.11620e-004,9.85275e-005,,,,,,
5.13451e-004,2.07630e-004,,,,,,
4.47654e-004,-3.32342e-005,,,,,,
2.45228e-004,-1.14977e-004,,,,,,
1.25216e-004,1.11620e-004,,,,,,
-1.39315e-005,1.44854e-004,,,,,,
-2.44892e-004,5.89151e-005,,,,,,
-5.17647e-004,-3.92767e-005,,,,,,
-5.64981e-004,-1.26894e-004,,,,,,
-3.74472e-004,-1.41665e-004,,,,,,
-1.42168e-004,-1.12291e-004,,,,,,
3.86053e-006,-1.84802e-004,,,,,,
-2.43381e-005,-2.00244e-004,,,,,,
-2.50095e-005,-1.05409e-004,,,,,,
9.78561e-005,-8.64424e-005,,,,,,
2.35660e-004,-1.31762e-004,,,,,,
3.67758e-004,4.95155e-005,,,,,,
4.34394e-004,2.48249e-004,,,,,,
4.23148e-004,2.08972e-004,,,,,,
2.07630e-004,1.94202e-004,,,,,,
1.48882e-004,2.28443e-004,,,,,,
3.36873e-004,1.43847e-004,,,,,,
4.19791e-004,-1.27565e-005,,,,,,
3.68429e-004,8.22461e-006,,,,,,
1.92523e-004,7.88891e-005,,,,,,
-2.13169e-004,7.82177e-005,,,,,,
-5.35271e-004,-6.22721e-005,,,,,,
-6.69551e-004,-2.06455e-004,,,,,,
-6.11643e-004,-3.67926e-004,,,,,,
-5.55581e-004,-3.22774e-004,,,,,,
-3.45434e-004,1.05913e-004,,,,,,
-6.88182e-005,6.76432e-005,,,,,,
7.03288e-005,-1.25551e-004,,,,,,
2.58991e-004,-1.81445e-004,,,,,,
3.04982e-004,-1.02892e-004,,,,,,
1.61303e-004,-9.50027e-005,,,,,,
8.47639e-005,-1.75235e-004,,,,,,
3.96124e-005,-3.03807e-005,,,,,,
-1.42672e-005,-3.37377e-005,,,,,,
-7.48608e-005,2.85679e-004,,,,,,
8.37568e-005,5.44335e-004,,,,,,
2.97932e-004,3.42245e-004,,,,,,
1.96384e-004,7.26787e-005,,,,,,
2.18204e-006,-7.88891e-006,,,,,,
-8.22461e-006,6.54612e-006,,,,,,
-5.32082e-005,-6.83146e-005,,,,,,
-1.86816e-004,-1.48211e-004,,,,,,
-1.74228e-004,-1.19173e-004,,,,,,
-5.16976e-005,-3.02129e-006,,,,,,
1.67849e-007,-4.04517e-005,,,,,,
-1.09102e-005,-9.11421e-005,,,,,,
8.91279e-005,3.60876e-005,,,,,,
2.37171e-004,5.75723e-005,,,,,,
2.30793e-004,1.59457e-005,,,,,,
-4.04517e-005,-2.90379e-005,,,,,,
-1.58953e-004,-1.00877e-004,,,,,,
-1.77585e-004,-5.06905e-005,,,,,,
-2.96757e-004,5.20333e-006,,,,,,
-4.51682e-004,7.03288e-005,,,,,,
-5.19326e-004,-1.51064e-006,,,,,,
-3.65408e-004,-1.33776e-004,,,,,,
-1.62814e-005,-2.03265e-004,,,,,,
2.52110e-004,-3.76822e-004,,,,,,
4.73838e-004,-5.63806e-004,,,,,,
5.67834e-004,-3.70947e-004,,,,,,
2.63691e-004,1.76577e-004,,,,,,
-1.63485e-004,5.13283e-004,,,,,,
-1.80774e-004,5.52056e-004,,,,,,
-4.14588e-005,3.24285e-004,,,,,,
-8.89601e-006,2.65034e-004,,,,,,
5.03548e-006,2.97261e-004,,,,,,
-1.67849e-007,7.41894e-005,,,,,,
-2.33310e-005,-5.20333e-005,,,,,,
-5.79080e-005,-2.61845e-005,,,,,,
-2.70237e-005,-1.41833e-004,,,,,,
-4.86763e-006,-1.92859e-004,,,,,,
-6.21042e-006,-1.39818e-004,,,,,,
3.91089e-005,-2.92058e-005,,,,,,
5.01869e-005,6.05936e-005,,,,,,
1.01213e-004,4.61585e-005,,,,,,
6.29435e-005,-3.52483e-006,,,,,,
-1.41833e-004,-5.11940e-005,,,,,,
-2.38178e-004,-1.17662e-004,,,,,,
-9.03029e-005,-1.63485e-004,,,,,,
-8.94636e-005,-1.19677e-004,,,,,,
-2.16358e-004,-4.81727e-005,,,,,,
-2.51270e-004,-4.64942e-005,,,,,,
-1.02556e-004,-8.03998e-005,,,,,,
1.49386e-005,-5.79080e-005,,,,,,
7.70428e-005,-6.61326e-005,,,,,,
1.01549e-004,-2.21225e-004,,,,,,
4.12909e-005,-1.96551e-004,,,,,,
3.70947e-005,3.54162e-005,,,,,,
4.22980e-005,7.20073e-005,,,,,,
4.58228e-005,4.98512e-005,,,,,,
5.95865e-005,4.38087e-005,,,,,,
8.15747e-005,3.47448e-005,,,,,,
5.35439e-005,1.25887e-005,,,,,,
8.56031e-006,8.39246e-007,,,,,,
-7.45251e-005,8.39246e-006,,,,,,
-1.75067e-004,9.56741e-006,,,,,,
-1.56939e-004,-5.37118e-006,,,,,,
-5.58938e-005,-2.36667e-005,,,,,,
4.07874e-005,-4.58228e-005,,,,,,
1.30755e-004,-2.70237e-005,,,,,,
1.68856e-004,5.20333e-006,,,,,,
8.82887e-005,-1.76242e-005,,,,,,
-1.32601e-005,-3.52483e-006,,,,,,
5.03548e-006,8.56031e-006,,,,,,
3.60876e-005,1.12459e-005,,,,,,
2.40024e-005,4.19623e-006,,,,,,
-5.82437e-005,-1.09102e-005,,,,,,
-5.28725e-005,-7.88891e-006,,,,,,
-2.83665e-005,1.46029e-005,,,,,,
-5.22011e-005,2.18204e-006,,,,,,
-6.56291e-005,1.22530e-005,,,,,,
-4.38087e-005,2.80308e-005,,,,,,
-4.38087e-005,2.66880e-005,,,,,,
-4.75013e-005,7.70428e-005,,,,,,
-3.23949e-005,5.25368e-005,,,,,,
-4.21302e-005,-2.36667e-005,,,,,,
-4.68299e-005,-4.61585e-005,,,,,,
-6.69719e-005,-3.87732e-005,,,,,,
-9.85275e-005,-3.03807e-005,,,,,,
-5.75723e-005,-2.97093e-005,,,,,,
-6.63004e-005,-2.63523e-005,,,,,,
-1.25719e-004,-2.87022e-005,,,,,,
-7.41894e-005,-1.29244e-005,,,,,,
3.84375e-005,3.44091e-005,,,,,,
1.21355e-004,6.26078e-005,,,,,,
7.51965e-005,5.30404e-005,,,,,,
1.46029e-005,-9.90310e-006,,,,,,
4.06195e-005,-4.17945e-005,,,,,,
5.62295e-005,-2.93736e-005,,,,,,
5.53903e-006,-2.73594e-005,,,,,,
1.12459e-005,-1.82956e-005,,,,,,
-1.93027e-005,-2.73594e-005,,,,,,
-5.92508e-005,-3.54162e-005,,,,,,
-3.82696e-005,3.69268e-006,,,,,,
-2.56809e-005,6.68040e-005,,,,,,
-2.33310e-005,1.76242e-005,,,,,,
-1.02388e-005,-3.97803e-005,,,,,,
-3.37377e-005,-3.10521e-005,,,,,,
-8.57710e-005,-3.47448e-005,,,,,,
-7.57000e-005,-4.49836e-005,,,,,,
-4.34730e-005,-3.52483e-005,,,,,,
-1.32601e-005,-3.84375e-005,,,,,,
3.40734e-005,-2.03098e-005,,,,,,
5.22011e-005,8.39246e-006,,,,,,
1.17494e-005,3.28984e-005,,,,,,
-5.20333e-006,2.24918e-005,,,,,,
1.24208e-005,-6.88182e-006,,,,,,
1.02388e-005,5.75723e-005,,,,,,
7.72107e-006,1.12627e-004,,,,,,
-2.16526e-005,-3.18914e-006,,,,,,
-4.14588e-005,-1.25719e-004,,,,,,
-3.18914e-006,-5.94186e-005,,,,,,
1.72885e-005,4.53193e-006,,,,,,
5.03548e-006,-1.67849e-006,,,,,,
-1.76242e-005,-2.18204e-006,,,,,,
-6.73075e-005,6.88182e-006,,,,,,
-9.34920e-005,1.09102e-005,,,,,,
-9.68490e-005,3.74304e-005,,,,,,
-9.76883e-005,4.75013e-005,,,,,,
-6.63004e-005,6.29435e-005,,,,,,
-4.68299e-005,8.03998e-005,,,,,,
-1.09102e-005,5.53903e-005,,,,,,
7.88891e-006,4.36408e-005,,,,,,
2.90379e-005,5.52224e-005,,,,,,
4.24659e-005,2.46738e-005,,,,,,
3.52483e-005,-1.47707e-005,,,,,,
4.86763e-005,-1.15816e-005,,,,,,
2.13169e-005,3.42412e-005,,,,,,
-3.47448e-005,5.75723e-005,,,,,,
-3.91089e-005,3.86053e-005,,,,,,
-3.02129e-006,2.40024e-005,,,,,,
2.40024e-005,2.63523e-005,,,,,,
1.46029e-005,4.75013e-005,,,,,,
-6.54612e-006,3.97803e-005,,,,,,
-2.40024e-005,2.23239e-005,,,,,,
-4.31373e-005,1.00710e-006,,,,,,
-4.71656e-005,-3.03807e-005,,,,,,
-3.27306e-005,-6.36149e-005,,,,,,
-2.93736e-005,-8.24140e-005,,,,,,
-1.99741e-005,-6.49577e-005,,,,,,
2.29953e-005,-5.65652e-005,,,,,,
4.54871e-005,-5.92508e-005,,,,,,
3.32342e-005,-1.15816e-005,,,,,,
2.51774e-006,3.67590e-005,,,,,,
-1.62814e-005,1.28740e-004,,,,,,
-4.22980e-005,1.83963e-004,,,,,,
-7.40215e-005,1.64660e-004,,,,,,
-6.78111e-005,9.81918e-005,,,,,,
-4.01160e-005,7.72107e-006,,,,,,
-8.39246e-006,-6.96574e-005,,,,,,
6.71397e-007,-1.26894e-004,,,,,,
-2.40024e-005,-1.26726e-004,,,,,,
-8.05676e-006,-7.23430e-005,,,,,,
5.03548e-006,-1.56100e-005,,,,,,
6.54612e-006,-1.94705e-005,,,,,,
-9.23171e-006,-1.26390e-004,,,,,,
-1.84634e-005,-4.91798e-005,,,,,,
-1.17494e-006,1.21187e-004,,,,,,
9.90310e-006,9.18135e-005,,,,,,
1.72885e-005,1.66171e-005,,,,,,
3.82696e-005,8.94636e-005,,,,,,
1.76242e-005,1.14137e-005,,,,,,
-2.92058e-005,-6.86503e-005,,,,,,
-3.42412e-005,-5.48867e-005,,,,,,
-4.07874e-005,-6.79789e-005,,,,,,
-8.87923e-005,-6.32792e-005,,,,,,
-1.42504e-004,-4.95155e-005,,,,,,
-1.43847e-004,-2.40024e-005,,,,,,
-9.46670e-005,-1.19173e-005,,,,,,
-2.26596e-005,3.44091e-005,,,,,,
1.29244e-005,5.89151e-005,,,,,,
3.86053e-005,9.14778e-005,,,,,,
2.04776e-005,1.60296e-004,,,,,,
5.53903e-006,1.37133e-004,,,,,,
1.86313e-005,6.96574e-005,,,,,,
1.39315e-005,9.90310e-006,,,,,,
-1.35958e-005,1.67849e-006,,,,,,
-4.17945e-005,1.57778e-005,,,,,,
-2.80308e-005,-1.11955e-004,,,,,,
2.31632e-005,-3.44930e-004,,,,,,
5.87472e-005,-4.56214e-004,,,,,,
5.70687e-005,-1.77920e-004,,,,,,
2.58488e-005,1.22698e-004,,,,,,
5.53903e-006,1.72381e-004,,,,,,
1.67849e-007,2.28946e-004,,,,,,
-7.21752e-006,2.06287e-004,,,,,,
-5.87472e-006,4.53193e-005,,,,,,
-2.87022e-005,3.05486e-005,,,,,,
-2.76951e-005,2.19883e-005,,,,,,
1.44350e-005,-8.64424e-005,,,,,,
3.18914e-005,-1.92523e-004,,,,,,
7.80499e-005,-9.95346e-005,,,,,,
6.29435e-005,-1.48379e-004,,,,,,
-4.78370e-005,-8.29175e-005,,,,,,
-7.73785e-005,-3.23949e-005,,,,,,
-1.22530e-005,-9.76883e-005,,,,,,
4.66621e-005,-9.18135e-005,,,,,,
1.99741e-005,-1.17159e-004,,,,,,
-5.52224e-005,-1.97894e-004,,,,,,
-1.14641e-004,-9.23171e-006,,,,,,
-1.16655e-004,4.92638e-004,,,,,,
-8.69459e-005,3.08003e-004,,,,,,
-7.01610e-005,8.34211e-005,,,,,,
-4.19623e-005,7.77142e-005,,,,,,
-5.53903e-006,1.93027e-005,,,,,,
9.56741e-006,4.34730e-005,,,,,,
8.56031e-006,1.99741e-005,,,,,,
9.90310e-006,-3.05486e-005,,,,,,
1.25887e-005,1.56100e-005,,,,,,
9.06386e-006,-2.83665e-005,,,,,,
-3.10521e-005,-3.23949e-005,,,,,,
-2.97093e-005,3.07164e-005,,,,,,
3.30663e-005,1.37804e-004,,,,,,
5.85794e-005,1.66339e-004,,,,,,
1.91348e-005,6.27756e-005,,,,,,
2.51774e-006,-2.43381e-005,,,,,,
3.52483e-006,-7.26787e-005,,,,,,
-5.03548e-007,-5.53903e-006,,,,,,
-1.69528e-005,8.45960e-005,,,,,,
-3.45769e-005,3.97803e-005,,,,,,
-5.70687e-006,-6.86503e-005,,,,,,
-1.76242e-005,-2.14008e-004,,,,,,
-6.42863e-005,-3.26467e-004,,,,,,
-9.91989e-005,1.76242e-005,,,,,,
-7.67071e-005,1.87152e-004,,,,,,
-5.11940e-005,1.28069e-004,,,,,,
-6.54612e-005,5.01869e-005,,,,,,
-2.97093e-005,1.56268e-004,,,,,,
2.13169e-005,1.38140e-004,,,,,,
3.25628e-005,-4.85084e-005,,,,,,
5.48867e-005,-1.94369e-004,,,,,,
4.44800e-005,-1.09102e-004,,,,,,
1.19173e-005,1.29412e-004,,,,,,
-2.51774e-006,1.31426e-004,,,,,,
-3.57519e-005,2.46738e-005,,,,,,
-1.89670e-005,-3.64233e-005,,,,,,
9.39956e-006,-1.92187e-004,,,,,,
-3.18914e-006,-1.88830e-004,,,,,,
-3.50805e-005,-7.95605e-005,,,,,,
-4.73335e-005,-5.70687e-005,,,,,,
-3.70947e-005,-4.24659e-005,,,,,,
-5.72366e-005,8.24140e-005,,,,,,
-9.95346e-005,1.37469e-004,,,,,,
-5.11940e-005,5.95865e-005,,,,,,
6.21042e-006,-6.49577e-005,,,,,,
-2.18204e-006,-1.47204e-004,,,,,,
3.18914e-006,-1.63485e-004,,,,,,
3.40734e-005,-1.13970e-004,,,,,,
3.64233e-005,-4.61585e-005,,,,,,
3.18914e-006,-1.67849e-006,,,,,,
-4.78370e-005,5.45510e-005,,,,,,
-4.88441e-005,9.81918e-005,,,,,,
-8.67781e-005,1.56939e-004,,,,,,
-8.49317e-005,1.71374e-004,,,,,,
-2.85344e-006,5.48867e-005,,,,,,
5.08583e-005,-4.71656e-005,,,,,,
6.21042e-005,-8.50996e-005,,,,,,
5.58938e-005,-7.58679e-005,,,,,,
6.52934e-005,-6.39506e-005,,,,,,
3.86053e-006,-2.13169e-005,,,,,,
-1.89670e-005,3.86053e-006,,,,,,
-9.56741e-006,2.18204e-006,,,,,,
-8.03998e-005,2.85344e-005,,,,,,
-1.11620e-004,7.21752e-006,,,,,,
-3.74304e-005,-6.63004e-005,,,,,,
5.45510e-005,-1.33776e-004,,,,,,
8.84566e-005,-1.45190e-004,,,,,,
7.40215e-005,-1.15648e-004,,,,,,
1.84634e-005,-7.40215e-005,,,,,,
-3.91089e-005,-4.88441e-005,,,,,,
-2.76951e-005,3.05486e-005,,,,,,
-4.33051e-005,1.43679e-004,,,,,,
-1.20851e-004,1.27733e-004,,,,,,
-1.53918e-004,3.60876e-005,,,,,,
-5.52224e-005,-2.16526e-005,,,,,,
7.55322e-005,-4.04517e-005,,,,,,
1.02556e-004,-1.22530e-005,,,,,,
6.02579e-005,1.99741e-005,,,,,,
-5.87472e-006,1.51064e-006,,,,,,
-1.22530e-005,-4.34730e-005,,,,,,
-2.66880e-005,-5.82437e-005,,,,,,
-5.99222e-005,-3.64233e-005,,,,,,
-2.71916e-005,-2.66880e-005,,,,,,
6.88182e-006,-1.02388e-005,,,,,,
3.07164e-005,-1.77920e-005,,,,,,
6.29435e-005,-3.25628e-005,,,,,,
3.34020e-005,1.82956e-005,,,,,,
-1.29244e-005,3.30663e-005,,,,,,
-5.05226e-005,2.26596e-005,,,,,,
-9.18135e-005,1.40993e-005,,,,,,
-8.74495e-005,8.19104e-005,,,,,,
-4.71656e-005,1.33104e-004,,,,,,
-2.18204e-005,8.56031e-005,,,,,,
-2.23239e-005,1.64492e-005,,,,,,
-2.33310e-005,-2.88701e-005,,,,,,
-5.05226e-005,-1.09773e-004,,,,,,
-4.04517e-005,-1.69024e-004,,,,,,
-2.18204e-005,-1.93698e-004,,,,,,
-2.08133e-005,-1.92355e-004,,,,,,
-3.02129e-005,-8.19104e-005,,,,,,
-6.59647e-005,1.35454e-004,,,,,,
-4.48157e-005,2.86854e-004,,,,,,
-3.07164e-005,2.76783e-004,,,,,,
-1.93027e-005,1.68353e-004,,,,,,
9.56741e-006,3.39055e-005,,,,,,
1.25887e-005,-2.33310e-005,,,,,,
-1.40993e-005,-4.38087e-005,,,,,,
-2.90379e-005,-3.94446e-005,,,,,,
1.27565e-005,-4.93477e-005,,,,,,
4.01160e-005,-2.66880e-005,,,,,,
2.13169e-005,1.44350e-005,,,,,,
2.18204e-006,-1.89670e-005,,,,,,
-1.56100e-005,-6.02579e-005,,,,,,
2.40024e-005,-9.24849e-005,,,,,,
9.03029e-005,-1.21355e-004,,,,,,
9.01350e-005,-1.21691e-004,,,,,,
6.04257e-005,-8.39246e-005,,,,,,
1.44350e-005,-5.25368e-005,,,,,,
-6.46220e-005,-3.47448e-005,,,,,,
-9.75204e-005,1.19173e-005,,,,,,
-1.01381e-004,5.45510e-005,,,,,,
-1.29580e-004,2.58488e-005,,,,,,
-1.40490e-004,-3.20592e-005,,,,,,
-1.20012e-004,-3.07164e-005,,,,,,
-8.72816e-005,5.72366e-005,,,,,,
-5.30404e-005,8.81209e-005,,,,,,
-1.12459e-005,2.66880e-005,,,,,,
-6.49577e-005,-2.60166e-005,,,,,,
-8.77852e-005,8.89601e-006,,,,,,
-4.44800e-005,2.50095e-005,,,,,,
2.63523e-005,-7.88891e-006,,,,,,
5.85794e-005,-2.53452e-005,,,,,,
3.97803e-005,-4.11231e-005,,,,,,
9.23171e-006,-5.58938e-005,,,,,,
1.74563e-005,-6.14328e-005,,,,,,
4.91798e-005,-5.87472e-005,,,,,,
6.78111e-005,-5.75723e-005,,,,,,
8.30854e-005,-6.07614e-005,,,,,,
6.86503e-005,-5.79080e-005,,,,,,
3.64233e-005,-6.29435e-005,,,,,,
-2.33310e-005,-5.62295e-005,,,,,,
-4.44800e-005,-4.38087e-005,,,,,,
-2.73594e-005,-3.91089e-005,,,,,,
2.36667e-005,-3.57519e-005,,,,,,
5.53903e-005,-1.19173e-005,,,,,,
4.14588e-005,-1.12459e-005,,,,,,
5.20333e-006,-1.42672e-005,,,,,,
1.00710e-005,-1.67849e-007,,,,,,
2.50095e-005,-3.02129e-006,,,,,,
1.51064e-005,-5.53903e-006,,,,,,
-5.03548e-007,3.86053e-006,,,,,,
-2.40024e-005,1.15816e-005,,,,,,
-6.46220e-005,1.93027e-005,,,,,,
-6.52934e-005,2.09812e-005,,,,,,
-4.71656e-005,2.46738e-005,,,,,,
-3.67590e-005,2.53452e-005,,,,,,
-2.83665e-005,3.81018e-005,,,,,,
-1.72885e-005,1.86313e-005,,,,,,
-3.87732e-005,2.51774e-006,,,,,,
-4.85084e-005,2.19883e-005,,,,,,
-5.62295e-005,4.09552e-005,,,,,,
-7.57000e-005,5.94186e-005,,,,,,
-1.18502e-004,7.06645e-005,,,,,,
-1.07256e-004,6.00900e-005,,,,,,
-3.52483e-005,4.21302e-005,,,,,,
-1.29244e-005,3.82696e-005,,,,,,
-3.00450e-005,4.41444e-005,,,,,,
-1.02388e-005,2.93736e-005,,,,,,
5.30404e-005,3.74304e-005,,,,,,
5.92508e-005,3.81018e-005,,,,,,
3.22271e-005,-3.52483e-006,,,,,,
1.62814e-005,-1.02388e-005,,,,,,
9.73526e-006,-5.20333e-006,,,,,,
-6.71397e-006,-8.39246e-006,,,,,,
-3.37377e-005,-7.55322e-006,,,,,,
-5.38796e-005,3.35698e-007,,,,,,
-4.44800e-005,9.23171e-006,,,,,,
2.71916e-005,-8.72816e-006,,,,,,
7.08324e-005,-3.03807e-005,,,,,,
4.21302e-005,-2.09812e-005,,,,,,
8.56031e-006,-1.32601e-005,,,,,,
-1.39315e-005,-1.76242e-005,,,,,,
-2.83665e-005,-2.29953e-005,,,,,,
-1.89670e-005,-2.93736e-005,,,,,,
-1.46029e-005,-3.34020e-005,,,,,,
-1.25887e-005,-3.57519e-005,,,,,,
-1.05745e-005,-4.07874e-005,,,,,,
-2.09812e-005,-4.64942e-005,,,,,,
-2.66880e-005,-4.51514e-005,,,,,,
-1.81277e-005,-3.87732e-005,,,,,,
-2.11490e-005,-3.82696e-005,,,,,,
-3.69268e-005,-3.67590e-005,,,,,,
-5.01869e-005,-4.07874e-005,,,,,,
-4.17945e-005,-5.40475e-005,,,,,,
-2.56809e-005,-6.27756e-005,,,,,,
4.19623e-006,-6.81468e-005,,,,,,
2.87022e-005,-6.39506e-005,,,,,,
9.56741e-006,-2.51774e-005,,,,,,
-3.02129e-006,-1.42672e-005,,,,,,
-5.03548e-007,-1.86313e-005,,,,,,
1.00710e-006,-2.21561e-005,,,,,,
-3.02129e-006,-5.53903e-006,,,,,,
1.67849e-006,3.52483e-006,,,,,,
5.87472e-006,-9.90310e-006,,,,,,
1.00710e-006,-6.21042e-006,,,,,,
-1.46029e-005,7.55322e-006,,,,,,
-2.06455e-005,6.54612e-006,,,,,,
1.32601e-005,-1.29244e-005,,,,,,
4.33051e-005,-5.53903e-006,,,,,,
6.57969e-005,9.43313e-005,,,,,,
1.00374e-004,1.29244e-004,,,,,,
1.22530e-004,1.79599e-005,,,,,,
1.02892e-004,-9.41634e-005,,,,,,
4.88441e-005,-5.16976e-005,,,,,,
-3.77661e-005,5.35439e-005,,,,,,
-8.56031e-005,1.09102e-004,,,,,,
-8.10712e-005,7.90570e-005,,,,,,
-8.50996e-005,7.53643e-005,,,,,,
-1.06584e-004,5.72366e-005,,,,,,
-2.97093e-005,6.86503e-005,,,,,,
8.91279e-005,7.16716e-005,,,,,,
1.00038e-004,2.56809e-005,,,,,,
2.85344e-005,1.31090e-004,,,,,,
-6.88182e-005,7.43572e-005,,,,,,
-2.01587e-004,-5.10262e-005,,,,,,
-3.45602e-004,-7.67071e-005,,,,,,
-4.14923e-004,-3.18914e-005,,,,,,
-3.45769e-004,8.77852e-005,,,,,,
-2.23911e-004,2.15686e-004,,,,,,
-1.02724e-004,1.16655e-004,,,,,,
2.19883e-005,9.73526e-005,,,,,,
1.14641e-004,8.92958e-005,,,,,,
1.66506e-004,-1.51064e-005,,,,,,
1.22698e-004,4.73335e-005,,,,,,
6.22721e-005,1.62310e-004,,,,,,
7.10002e-005,1.04570e-004,,,,,,
1.25383e-004,3.70947e-005,,,,,,
1.19341e-004,-6.91539e-005,,,,,,
1.72885e-004,-1.31090e-004,,,,,,
3.01457e-004,3.03807e-005,,,,,,
3.32845e-004,2.77119e-004,,,,,,
1.56100e-004,1.37972e-004,,,,,,
2.93736e-005,-7.21752e-005,,,,,,
9.48348e-005,-1.44854e-004,,,,,,
3.35698e-006,-2.23239e-004,,,,,,
-2.46403e-004,-1.96887e-004,,,,,,
-3.74975e-004,-7.67071e-005,,,,,,
-4.02335e-004,1.34447e-004,,,,,,
-5.15801e-004,3.02296e-004,,,,,,
-5.07912e-004,1.32097e-004,,,,,,
-3.61883e-004,-6.56291e-005,,,,,,
-2.24750e-004,6.74754e-005,,,,,,
-1.35286e-004,1.66171e-005,,,,,,
-2.13169e-005,-7.82177e-005,,,,,,
1.28740e-004,-2.46738e-005,,,,,,
4.08713e-004,-1.02892e-004,,,,,,
5.56924e-004,-2.52613e-004,,,,,,
6.17350e-004,-2.92897e-004,,,,,,
6.26917e-004,-1.79767e-004,,,,,,
4.97337e-004,9.19814e-005,,,,,,
3.00618e-004,2.86519e-004,,,,,,
2.40024e-005,2.41032e-004,,,,,,
-2.29786e-004,1.90845e-004,,,,,,
-3.21096e-004,7.90570e-005,,,,,,
-6.72404e-004,2.82490e-004,,,,,,
-1.02606e-003,3.52651e-004,,,,,,
-9.53552e-004,-2.63523e-005,,,,,,
-6.04089e-004,-1.88830e-004,,,,,,
-2.55131e-004,-1.93027e-004,,,,,,
-3.87732e-005,-1.70031e-004,,,,,,
3.74304e-005,-7.30144e-005,,,,,,
7.43572e-005,-2.58488e-005,,,,,,
1.16320e-004,-2.51774e-006,,,,,,
9.44991e-005,6.04257e-006,,,,,,
8.64424e-005,-4.81727e-005,,,,,,
1.63653e-004,-4.54871e-005,,,,,,
3.79004e-004,3.27306e-005,,,,,,
4.22812e-004,-6.99931e-005,,,,,,
2.77455e-004,-1.01717e-004,,,,,,
2.53284e-004,1.58282e-004,,,,,,
3.65744e-004,2.71244e-004,,,,,,
4.00320e-004,1.84634e-005,,,,,,
2.14679e-004,3.77661e-005,,,,,,
1.24712e-004,-4.73335e-005,,,,,,
1.23033e-004,-2.63020e-004,,,,,,
-1.41497e-004,-8.37568e-005,,,,,,
-4.12909e-004,6.47898e-005,,,,,,
-3.19585e-004,-1.01045e-004,,,,,,
6.27756e-005,-1.75402e-004,,,,,,
3.94278e-004,-4.66621e-005,,,,,,
3.87228e-004,-9.68490e-005,,,,,,
3.50301e-004,-3.67590e-005,,,,,,
2.77119e-004,2.15351e-004,,,,,,
-1.74731e-004,3.67758e-004,,,,,,
-4.90623e-004,1.72717e-004,,,,,,
-4.95323e-004,-4.88441e-005,,,,,,
-5.26207e-004,-8.07355e-005,,,,,,
-4.33890e-004,4.53193e-006,,,,,,
-3.18074e-004,-8.39246e-007,,,,,,
-1.24041e-004,6.12650e-005,,,,,,
1.67849e-007,2.93904e-004,,,,,,
1.01549e-004,2.72419e-004,,,,,,
1.01213e-004,1.06416e-004,,,,,,
3.64233e-005,-1.31426e-004,,,,,,
-3.74304e-005,-6.32120e-004,,,,,,
-5.52224e-005,-6.90364e-004,,,,,,
-1.43175e-004,-3.25124e-004,,,,,,
-7.67071e-005,-5.89151e-005,,,,,,
2.55299e-004,1.48882e-004,,,,,,
7.43572e-004,1.51568e-004,,,,,,
7.92081e-004,3.91089e-005,,,,,,
3.73129e-004,-6.71397e-006,,,,,,
8.02319e-005,-1.42672e-005,,,,,,
-2.76783e-004,-5.20333e-005,,,,,,
-7.52132e-004,-1.03731e-004,,,,,,
-9.05882e-004,-1.23873e-004,,,,,,
-5.14122e-004,-1.53414e-004,,,,,,
-2.84840e-004,-2.76951e-005,,,,,,
-1.37804e-004,2.74937e-004,,,,,,
2.09812e-005,2.62684e-004,,,,,,
6.76432e-005,-8.30854e-005,,,,,,
7.50286e-005,-6.39506e-005,,,,,,
1.22362e-004,1.35958e-005,,,,,,
1.74731e-004,2.33310e-005,,,,,,
1.36126e-004,1.79599e-005,,,,,,
4.66621e-005,-6.37827e-006,,,,,,
3.99481e-005,9.29885e-005,,,,,,
-8.61067e-005,2.35828e-004,,,,,,
-6.59647e-005,3.15892e-004,,,,,,
1.78088e-004,1.41161e-004,,,,,,
2.69398e-004,-1.02388e-004,,,,,,
2.94743e-004,-2.04273e-004,,,,,,
3.15221e-004,-1.87152e-004,,,,,,
1.85138e-004,-3.37881e-004,,,,,,
-9.16457e-005,-2.51606e-004,,,,,,
-1.49218e-004,-8.64424e-005,,,,,,
-6.74754e-005,-1.11620e-004,,,,,,
-2.43381e-005,1.39147e-004,,,,,,
-7.21752e-005,1.62310e-004,,,,,,
-1.10109e-004,-1.44854e-004,,,,,,
-1.25383e-004,-1.77417e-004,,,,,,
-1.82956e-004,-1.41833e-004,,,,,,
-2.82658e-004,-2.13001e-004,,,,,,
-2.76112e-004,-2.34150e-004,,,,,,
-1.39147e-004,-1.61303e-004,,,,,,
1.26726e-004,-1.18669e-004,,,,,,
3.04982e-004,-4.44800e-005,,,,,,
2.89876e-004,1.61303e-004,,,,,,
1.82452e-004,2.80308e-004,,,,,,
3.50805e-005,1.89166e-004,,,,,,
-7.55322e-005,1.06584e-004,,,,,,
-1.17998e-004,-1.22530e-005,,,,,,
-2.26093e-004,-4.14588e-005,,,,,,
-1.83795e-004,-5.06905e-005,,,,,,
-8.20783e-005,-2.51774e-006,,,,,,
2.73594e-005,8.07355e-005,,,,,,
8.42603e-005,-6.02579e-005,,,,,,
5.35439e-005,-1.05241e-004,,,,,,
-7.26787e-005,-4.36408e-006,,,,,,
-4.85084e-005,-1.64492e-005,,,,,,
1.61975e-004,-5.25368e-005,,,,,,
3.06828e-004,-5.62295e-005,,,,,,
2.86183e-004,-6.49577e-005,,,,,,
2.16693e-004,-4.38087e-005,,,,,,
-5.72366e-005,1.19173e-005,,,,,,
-1.73053e-004,5.05226e-005,,,,,,
-1.98398e-004,3.40734e-005,,,,,,
-1.09606e-004,-3.69268e-006,,,,,,
1.17494e-006,-1.96384e-005,,,,,,
-3.00450e-005,-3.84375e-005,,,,,,
-2.81483e-004,-6.34470e-005,,,,,,
-5.77234e-004,-5.65652e-005,,,,,,
-4.94987e-004,-4.86763e-006,,,,,,
-2.00916e-004,-2.90379e-005,,,,,,
1.52743e-005,4.02838e-006,,,,,,
1.25216e-004,4.41444e-005,,,,,,
1.83795e-004,2.18204e-006,,,,,,
1.88495e-004,-1.35958e-005,,,,,,
1.38643e-004,-8.39246e-007,,,,,,
1.30251e-004,-1.67849e-007,,,,,,
7.36858e-005,-1.24208e-005,,,,,,
2.46738e-005,-4.06195e-005,,,,,,
2.26596e-005,-4.41444e-005,,,,,,
-6.54612e-006,-1.56100e-005,,,,,,
-8.50996e-005,1.62814e-005,,,,,,
-9.41634e-005,6.76432e-005,,,,,,
-3.92767e-005,1.46197e-004,,,,,,
-7.04967e-006,1.26055e-004,,,,,,
6.81468e-005,5.28725e-005,,,,,,
7.30144e-005,1.66171e-005,,,,,,
-1.89670e-005,-5.03548e-006,,,,,,
-5.58938e-005,-1.76242e-005,,,,,,
-6.29435e-005,-1.29244e-005,,,,,,
-1.20348e-004,1.52743e-005,,,,,,
-4.95155e-005,2.19883e-005,,,,,,
3.87732e-005,3.97803e-005,,,,,,
3.97803e-005,5.10262e-005,,,,,,
3.12200e-005,3.72625e-005,,,,,,
3.52483e-006,2.51774e-006,,,,,,
-1.99741e-005,-4.19623e-006,,,,,,
-3.40734e-005,-1.42672e-005,,,,,,
-6.81468e-005,-2.70237e-005,,,,,,
-4.51514e-005,-2.29953e-005,,,,,,
-2.18204e-006,-1.84634e-005,,,,,,
2.43381e-005,-3.13878e-005,,,,,,
2.73594e-005,-2.06455e-005,,,,,,
1.46029e-005,6.09293e-005,,,,,,
2.51774e-005,5.94186e-005,,,,,,
1.25887e-005,1.29244e-005,,,,,,
4.86763e-006,-1.62814e-005,,,,,,
-3.65911e-005,-4.36408e-005,,,,,,
-5.92508e-005,-6.39506e-005,,,,,,
-8.54353e-005,-5.74044e-005,,,,,,
-9.76883e-005,-2.76951e-005,,,,,,
1.86313e-005,-1.04067e-005,,,,,,
1.01884e-004,3.91089e-005,,,,,,
7.38537e-006,6.83146e-005,,,,,,
-6.93217e-005,7.87213e-005,,,,,,
-7.90570e-005,4.61585e-005,,,,,,
-6.86503e-005,2.26596e-005,,,,,,
-5.72366e-005,3.69268e-006,,,,,,
-3.92767e-005,-1.82956e-005,,,,,,
-1.09102e-005,-1.42672e-005,,,,,,
-7.88891e-006,-7.55322e-006,,,,,,
-3.10521e-005,-4.49836e-005,,,,,,
-2.56809e-005,-4.48157e-005,,,,,,
9.06386e-006,-3.18914e-005,,,,,,
1.05745e-005,-2.46738e-005,,,,,,
-2.01419e-006,-2.81987e-005,,,,,,
-6.21042e-006,-3.74304e-005,,,,,,
2.46738e-005,-1.51064e-005,,,,,,
4.33051e-005,7.88891e-006,,,,,,
5.82437e-005,4.53193e-006,,,,,,
6.42863e-005,1.27565e-005,,,,,,
7.16716e-005,1.20851e-005,,,,,,
-1.17494e-006,1.00710e-006,,,,,,
-6.49577e-005,3.91089e-005,,,,,,
-6.73075e-005,4.41444e-005,,,,,,
-4.88441e-005,9.23171e-006,,,,,,
-3.92767e-005,1.99741e-005,,,,,,
-4.63264e-005,3.86053e-006,,,,,,
-4.14588e-005,-3.30663e-005,,,,,,
-2.60166e-005,-3.82696e-005,,,,,,
-1.82956e-005,-1.51064e-005,,,,,,
-1.59457e-005,2.46738e-005,,,,,,
-9.56741e-006,2.73594e-005,,,,,,
-2.76951e-005,5.08583e-005,,,,,,
-2.01419e-005,6.32792e-005,,,,,,
-1.67849e-006,3.00450e-005,,,,,,
-3.23949e-005,1.59457e-005,,,,,,
-2.90379e-005,1.64492e-005,,,,,,
-4.86763e-006,-1.10781e-005,,,,,,
2.38346e-005,-3.57519e-005,,,,,,
5.48867e-005,-3.17235e-005,,,,,,
4.48157e-005,-1.69528e-005,,,,,,
2.93736e-005,-3.18914e-006,,,,,,
1.84634e-006,1.42672e-005,,,,,,
-3.40734e-005,-6.71397e-006,,,,,,
-5.20333e-005,-2.06455e-005,,,,,,
-6.05936e-005,4.53193e-006,,,,,,
-7.53643e-005,1.12459e-005,,,,,,
-8.71138e-005,1.86313e-005,,,,,,
-5.63973e-005,1.59457e-005,,,,,,
-3.81018e-005,-8.39246e-006,,,,,,
-6.54612e-006,-4.73335e-005,,,,,,
1.46029e-005,-5.58938e-005,,,,,,
-1.24208e-005,-2.29953e-005,,,,,,
-3.34020e-005,1.37636e-005,,,,,,
-2.53452e-005,6.05936e-005,,,,,,
-2.80308e-005,8.64424e-005,,,,,,
-1.64492e-005,6.81468e-005,,,,,,
2.01419e-006,-5.53903e-006,,,,,,
4.19623e-006,-5.25368e-005,,,,,,
2.51774e-006,-5.10262e-005,,,,,,
1.32601e-005,-5.20333e-005,,,,,,
2.18204e-005,-2.29953e-005,,,,,,
-4.86763e-006,2.97093e-005,,,,,,
-3.40734e-005,1.04906e-004,,,,,,
-3.97803e-005,7.82177e-005,,,,,,
-1.67849e-007,-1.59457e-005,,,,,,
4.58228e-005,-4.88441e-005,,,,,,
8.30854e-005,-5.69009e-005,,,,,,
5.38796e-005,-4.91798e-005,,,,,,
-1.29244e-005,-2.40024e-005,,,,,,
-4.78370e-005,7.88891e-006,,,,,,
-4.98512e-005,4.54871e-005,,,,,,
1.67849e-007,2.66880e-005,,,,,,
3.42412e-005,-2.23239e-005,,,,,,
-1.15816e-005,-3.13878e-005,,,,,,
-5.62295e-005,-3.13878e-005,,,,,,
-7.80499e-005,-3.40734e-005,,,,,,
-7.80499e-005,-1.82956e-005,,,,,,
-6.22721e-005,-2.83665e-005,,,,,,
-5.16976e-005,1.89670e-005,,,,,,
-4.36408e-005,1.29244e-004,,,,,,
-4.58228e-005,2.29450e-004,,,,,,
-5.13619e-005,1.95880e-004,,,,,,
-5.42153e-005,5.87472e-006,,,,,,
-7.36858e-005,-2.90379e-005,,,,,,
-8.15747e-005,-2.35660e-004,,,,,,
-3.65911e-005,-3.05989e-004,,,,,,
-1.17494e-006,9.58419e-005,,,,,,
1.46029e-005,-6.89860e-005,,,,,,
2.40024e-005,-4.08545e-004,,,,,,
-1.51064e-006,-1.39315e-004,,,,,,
-3.25628e-005,1.83795e-004,,,,,,
-4.14588e-005,2.09308e-004,,,,,,
-4.54871e-005,8.87923e-005,,,,,,
-5.25368e-005,3.84375e-005,,,,,,
-4.46479e-005,1.67849e-006,,,,,,
1.72885e-005,-7.73785e-005,,,,,,
1.05577e-004,-1.09773e-004,,,,,,
1.17662e-004,-9.21492e-005,,,,,,
9.28206e-005,-6.17685e-005,,,,,,
6.19364e-005,-4.58228e-005,,,,,,
3.81018e-005,-1.39315e-005,,,,,,
2.87022e-005,2.98772e-005,,,,,,
-6.21042e-006,5.99222e-005,,,,,,
-6.32792e-005,8.47639e-005,,,,,,
-8.49317e-005,1.20348e-004,,,,,,
-5.75723e-005,1.09270e-004,,,,,,
9.56741e-006,7.23430e-005,,,,,,
4.46479e-005,6.29435e-005,,,,,,
1.52743e-005,3.60876e-005,,,,,,
-1.30922e-005,-9.56741e-006,,,,,,
-3.30663e-005,-3.32342e-005,,,,,,
-4.21302e-005,-8.69459e-005,,,,,,
-4.58228e-005,-2.04273e-004,,,,,,
-3.23949e-005,-2.83162e-004,,,,,,
-2.61845e-005,-2.08637e-004,,,,,,
-2.65202e-005,-2.33310e-005,,,,,,
-3.84375e-005,4.66621e-005,,,,,,
-4.71656e-005,2.45563e-004,,,,,,
-4.07874e-005,2.54124e-004,,,,,,
-3.47448e-005,1.99573e-004,,,,,,
8.56031e-006,3.12032e-004,,,,,,
7.43572e-005,3.54833e-004,,,,,,
1.25216e-004,1.78759e-004,,,,,,
1.71710e-004,4.41444e-005,,,,,,
1.11788e-004,5.48867e-005,,,,,,
9.23171e-006,9.23171e-006,,,,,,
-3.08843e-005,-1.53918e-004,,,,,,
-1.24376e-004,-2.19043e-004,,,,,,
-1.62814e-004,-4.85084e-005,,,,,,
-6.69719e-005,-4.51514e-005,,,,,,
2.51774e-006,-1.35286e-004,,,,,,
-4.04517e-005,-6.39506e-005,,,,,,
-1.02556e-004,2.70237e-005,,,,,,
-8.30854e-005,-1.29244e-005,,,,,,
-2.80308e-005,-2.24918e-005,,,,,,
1.91348e-005,1.66171e-005,,,,,,
3.05486e-005,4.21302e-005,,,,,,
2.16526e-005,5.48867e-005,,,,,,
8.72816e-006,5.25368e-005,,,,,,
-1.71206e-005,7.88891e-006,,,,,,
-4.48157e-005,-6.39506e-005,,,,,,
-6.05936e-005,-1.63317e-004,,,,,,
-5.11940e-005,-1.93362e-004,,,,,,
-1.89670e-005,-8.37568e-005,,,,,,
-1.57778e-005,-2.85344e-006,,,,,,
-1.91348e-005,4.17945e-005,,,,,,
-3.64233e-005,3.45769e-005,,,,,,
-5.05226e-005,-2.05280e-004,,,,,,
-2.58488e-005,-3.31167e-004,,,,,,
3.86053e-006,-7.67071e-005,,,,,,
1.27565e-005,6.10971e-005,,,,,,
-1.00710e-005,3.00450e-005,,,,,,
-4.78370e-005,3.30663e-005,,,,,,
-3.70947e-005,-9.56741e-005,,,,,,
-1.82956e-005,-1.82116e-004,,,,,,
-8.29175e-005,-1.47204e-004,,,,,,
-1.23369e-004,-1.55932e-004,,,,,,
-7.21752e-005,-1.69192e-004,,,,,,
-1.96384e-005,2.06455e-005,,,,,,
1.27565e-005,5.16136e-004,,,,,,
1.76242e-005,6.01740e-004,,,,,,
2.75273e-005,3.01961e-004,,,,,,
4.95155e-005,1.25383e-004,,,,,,
9.85275e-005,-5.20333e-006,,,,,,
1.58785e-004,-1.02556e-004,,,,,,
1.49722e-004,-1.25216e-004,,,,,,
1.25048e-004,-1.59960e-004,,,,,,
7.57000e-005,-2.09644e-004,,,,,,
-3.18914e-006,-2.40024e-004,,,,,,
-9.91989e-005,1.93027e-005,,,,,,
-1.44015e-004,3.06996e-004,,,,,,
-1.16487e-004,1.85138e-004,,,,,,
-1.13634e-004,7.08324e-005,,,,,,
-1.29915e-004,6.59647e-005,,,,,,
-1.01213e-004,4.64942e-005,,,,,,
-5.42153e-005,-1.37636e-005,,,,,,
-5.85794e-005,-3.54162e-005,,,,,,
-4.28016e-005,-4.01160e-005,,,,,,
4.53193e-006,-2.26596e-005,,,,,,
2.43381e-005,2.18204e-006,,,,,,
4.24659e-005,-3.07164e-005,,,,,,
1.52743e-005,-6.39506e-005,,,,,,
-2.50095e-005,-8.54353e-005,,,,,,
4.24659e-005,-1.52575e-004,,,,,,
9.29885e-005,-1.27733e-004,,,,,,
6.88182e-005,-9.14778e-005,,,,,,
4.78370e-005,-7.26787e-005,,,,,,
4.95155e-005,-5.27047e-005,,,,,,
2.46738e-005,-4.75013e-005,,,,,,
-2.09812e-005,-5.25368e-005,,,,,,
7.55322e-006,-9.16457e-005,,,,,,
7.16716e-005,-1.08934e-004,,,,,,
7.30144e-005,-5.11940e-005,,,,,,
6.83146e-005,3.07164e-005,,,,,,
-6.21042e-006,8.34211e-005,,,,,,
-1.10445e-004,8.30854e-005,,,,,,
-1.32601e-004,1.01213e-004,,,,,,
-1.22530e-004,1.01045e-004,,,,,,
-1.33776e-004,9.51705e-005,,,,,,
-1.29076e-004,1.01549e-004,,,,,,
-1.56100e-004,6.66362e-005,,,,,,
-1.16152e-004,-2.75273e-005,,,,,,
-2.38346e-005,-8.02319e-005,,,,,,
6.21042e-006,-5.72366e-005,,,,,,
-2.95415e-005,-1.54421e-005,,,,,,
-5.84115e-005,2.13169e-005,,,,,,
-3.99481e-005,1.35958e-005,,,,,,
-2.41703e-005,4.43122e-005,,,,,,
1.51064e-005,7.77142e-005,,,,,,
2.87022e-005,7.60357e-005,,,,,,
-1.22530e-005,2.87022e-005,,,,,,
9.56741e-006,-4.11231e-005,,,,,,
6.61326e-005,-1.02220e-004,,,,,,
5.47189e-005,-1.24376e-004,,,,,,
1.56100e-005,-1.03227e-004,,,,,,
4.93477e-005,-6.26078e-005,,,,,,
8.57710e-005,3.35698e-007,,,,,,
3.89410e-005,1.22362e-004,,,,,,
1.02388e-005,1.68185e-004,,,,,,
-1.49386e-005,9.16457e-005,,,,,,
-1.17494e-005,1.37636e-005,,,,,,
-2.09812e-005,1.67849e-005,,,,,,
-1.15816e-005,4.41444e-005,,,,,,
1.19173e-005,2.33310e-005,,,,,,
2.51774e-006,-8.22461e-006,,,,,,
-3.25628e-005,-2.09812e-005,,,,,,
-4.17945e-005,8.22461e-006,,,,,,
-3.07164e-005,2.61845e-005,,,,,,
-1.09438e-004,4.48157e-005,,,,,,
-1.63653e-004,3.45769e-005,,,,,,
-1.37301e-004,2.51774e-006,,,,,,
-1.35119e-004,-1.59457e-005,,,,,,
-6.59647e-005,-7.08324e-005,,,,,,
2.53452e-005,-9.19814e-005,,,,,,
4.38087e-005,-7.43572e-005,,,,,,
5.80758e-005,-4.24659e-005,,,,,,
6.12650e-005,9.23171e-006,,,,,,
1.51064e-005,6.14328e-005,,,,,,
9.23171e-006,3.07164e-005,,,,,,
2.16526e-005,-3.12200e-005,,,,,,
-4.53193e-006,-6.89860e-005,,,,,,
8.39246e-006,-9.28206e-005,,,,,,
5.03548e-007,-6.00900e-005,,,,,,
-1.57778e-005,-8.72816e-006,,,,,,
1.15816e-005,-3.94446e-005,,,,,,
2.51774e-006,-8.54353e-005,,,,,,
-4.11231e-005,-9.88632e-005,,,,,,
-5.62295e-005,-1.14641e-004,,,,,,
-3.97803e-005,-9.61776e-005,,,,,,
-2.48417e-005,4.91798e-005,,,,,,
-1.69528e-005,1.82452e-004,,,,,,
-1.89670e-005,1.03899e-004,,,,,,
-4.31373e-005,-7.38537e-006,,,,,,
-4.17945e-005,-5.38796e-005,,,,,,
-2.29953e-005,-5.79080e-005,,,,,,
-9.39956e-006,-6.88182e-006,,,,,,
2.04776e-005,4.54871e-005,,,,,,
3.39055e-005,8.56031e-005,,,,,,
9.39956e-006,7.40215e-005,,,,,,
-1.05745e-005,2.36667e-005,,,,,,
-3.40734e-005,-5.53903e-006,,,,,,
-1.35958e-005,-1.94705e-005,,,,,,
6.69719e-005,-4.44800e-005,,,,,,
9.83597e-005,-6.27756e-005,,,,,,
1.41329e-004,-6.04257e-005,,,,,,
9.08064e-005,-5.11940e-005,,,,,,
-2.09812e-005,-3.15557e-005,,,,,,
-6.94896e-005,-1.52743e-005,,,,,,
-9.08064e-005,-3.23949e-005,,,,,,
-1.10613e-004,-5.25368e-005,,,,,,
-1.13130e-004,-8.34211e-005,,,,,,
-1.35119e-004,-9.24849e-005,,,,,,
-1.39315e-004,-9.95346e-005,,,,,,
-9.98703e-005,-8.29175e-005,,,,,,
-4.86763e-005,1.52743e-005,,,,,,
-3.70947e-005,1.10948e-004,,,,,,
-5.22011e-005,9.24849e-005,,,,,,
-5.79080e-005,6.26078e-005,,,,,,
-1.17494e-006,4.91798e-005,,,,,,
2.66880e-005,1.71206e-005,,,,,,
5.32082e-005,-7.21752e-006,,,,,,
5.13619e-005,-1.56100e-005,,,,,,
3.50805e-005,-6.37827e-006,,,,,,
6.54612e-006,-1.46029e-005,,,,,,
2.43381e-005,-2.87022e-005,,,,,,
4.14588e-005,-2.13169e-005,,,,,,
3.70947e-005,-1.96384e-005,,,,,,
2.21561e-005,-1.69528e-005,,,,,,
2.51774e-006,-4.19623e-006,,,,,,
-2.18204e-006,9.23171e-006,,,,,,
1.46029e-005,1.05745e-005,,,,,,
2.71916e-005,-2.51774e-006,,,,,,
-2.18204e-006,-7.04967e-006,,,,,,
-1.19173e-005,-5.20333e-006,,,,,,
-4.36408e-006,-1.52743e-005,,,,,,
-1.98062e-005,-4.28016e-005,,,,,,
-2.56809e-005,-5.11940e-005,,,,,,
-2.70237e-005,-5.53903e-005,,,,,,
-4.09552e-005,-4.07874e-005,,,,,,
-7.26787e-005,1.69528e-005,,,,,,
-8.17426e-005,4.53193e-005,,,,,,
-7.06645e-005,1.44350e-005,,,,,,
-4.61585e-005,-1.15816e-005,,,,,,
-5.03548e-007,-1.49386e-005,,,,,,
3.64233e-005,-2.24918e-005,,,,,,
2.71916e-005,-2.43381e-005,,,,,,
9.56741e-006,-2.58488e-005,,,,,,
1.69528e-005,-2.63523e-005,,,,,,
1.39315e-005,-3.13878e-005,,,,,,
-5.20333e-006,-1.89670e-005,,,,,,
-8.72816e-006,-2.13169e-005,,,,,,
-7.21752e-006,-3.60876e-005,,,,,,
-1.49386e-005,-3.30663e-005,,,,,,
-3.67590e-005,-2.53452e-005,,,,,,
-2.08133e-005,-1.96384e-005,,,,,,
5.20333e-006,-2.31632e-005,,,,,,
-9.23171e-006,-2.33310e-005,,,,,,
-3.89410e-005,-2.29953e-005,,,,,,
-9.14778e-005,-2.45060e-005,,,,,,
-1.12291e-004,-3.17235e-005,,,,,,
-7.93927e-005,-3.57519e-005,,,,,,
-4.04517e-005,-3.10521e-005,,,,,,
-1.22530e-005,-2.03098e-005,,,,,,
2.13169e-005,-1.29244e-005,,,,,,
5.82437e-005,-7.55322e-006,,,,,,
7.82177e-005,3.02129e-006,,,,,,
5.82437e-005,1.69528e-005,,,,,,
3.10521e-005,1.56100e-005,,,,,,
2.06455e-005,9.56741e-006,,,,,,
1.64492e-005,2.85344e-006,,,,,,
1.84634e-005,1.00710e-006,,,,,,
9.90310e-006,4.53193e-005,,,,,,
3.86053e-006,4.61585e-005,,,,,,
3.32342e-005,1.66171e-005,,,,,,
3.57519e-005,1.05745e-005,,,,,,
8.39246e-006,3.39055e-005,,,,,,
-9.73526e-006,9.24849e-005,,,,,,
5.65652e-005,1.40154e-004,,,,,,
5.05226e-005,1.13634e-004,,,,,,
-5.87472e-005,7.85534e-005,,,,,,
-1.30755e-004,4.68299e-005,,,,,,
-1.46532e-004,2.75273e-005,,,,,,
-1.18334e-004,3.27306e-005,,,,,,
-1.23705e-004,3.87732e-005,,,,,,
-1.24712e-004,4.44800e-005,,,,,,
-4.22980e-005,5.55581e-005,,,,,,
5.03548e-007,6.26078e-005,,,,,,
3.69268e-006,3.92767e-005,,,,,,
8.89601e-006,-6.88182e-006,,,,,,
1.96384e-005,-6.54612e-006,,,,,,
1.14809e-004,4.78370e-005,,,,,,
1.65835e-004,1.45357e-004,,,,,,
1.01717e-004,1.87655e-004,,,,,,
3.23949e-005,7.77142e-005,,,,,,
-1.21187e-004,1.57778e-005,,,,,,
-2.35325e-004,-1.29244e-005,,,,,,
-2.49592e-004,-3.00450e-005,,,,,,
-1.88327e-004,-4.96834e-005,,,,,,
-3.20592e-005,8.74495e-005,,,,,,
8.79530e-005,2.17365e-004,,,,,,
1.21355e-004,1.37972e-004,,,,,,
1.26390e-004,2.90379e-005,,,,,,
3.05486e-005,-3.86053e-005,,,,,,
-1.98398e-004,-3.77661e-005,,,,,,
-3.18074e-004,-9.76883e-005,,,,,,
-2.45228e-004,-2.33814e-004,,,,,,
-1.23201e-004,-1.98733e-004,,,,,,
-4.53193e-005,2.70237e-005,,,,,,
1.35958e-005,8.37568e-005,,,,,,
1.04570e-004,-1.67849e-007,,,,,,
1.42168e-004,1.32097e-004,,,,,,
1.01213e-004,1.10613e-004,,,,,,
5.79080e-005,5.03548e-005,,,,,,
3.81018e-005,1.74060e-004,,,,,,
2.76951e-005,1.20684e-004,,,,,,
3.96124e-005,-1.00206e-004,,,,,,
7.23430e-005,2.41535e-004,,,,,,
8.54353e-005,4.82902e-004,,,,,,
9.51705e-005,6.16007e-005,,,,,,
1.18334e-004,-1.91852e-004,,,,,,
1.05241e-004,-9.81918e-005,,,,,,
4.98512e-005,-1.66674e-004,,,,,,
-1.69528e-005,-3.65911e-004,,,,,,
-1.22194e-004,-4.32883e-004,,,,,,
-1.95712e-004,-1.56771e-004,,,,,,
-1.60967e-004,6.12650e-005,,,,,,
-1.16823e-004,2.23911e-004,,,,,,
-4.24659e-005,1.67849e-004,,,,,,
-6.54612e-006,6.02579e-005,,,,,,
3.08843e-005,-1.10277e-004,,,,,,
1.40826e-004,-1.93530e-004,,,,,,
1.44854e-004,-7.28466e-005,,,,,,
-7.04967e-006,-7.77142e-005,,,,,,
-7.40215e-005,-1.32769e-004,,,,,,
-7.18395e-005,-8.14069e-005,,,,,,
-1.53246e-004,-1.84634e-006,,,,,,
-1.31426e-004,2.57649e-004,,,,,,
2.92226e-004,6.28595e-004,,,,,,
5.11437e-004,3.77661e-004,,,,,,
4.32715e-004,-5.70687e-006,,,,,,
2.77119e-004,-2.54292e-004,,,,,,
4.24659e-005,-3.03807e-004,,,,,,
-1.84634e-004,-2.21057e-004,,,,,,
-5.54742e-004,-2.61341e-004,,,,,,
-8.38911e-004,-3.55840e-005,,,,,,
-6.53941e-004,1.07256e-004,,,,,,
-2.58991e-004,2.01251e-004,,,,,,
1.07424e-004,2.33143e-004,,,,,,
1.99237e-004,4.41444e-005,,,,,,
1.93362e-004,-1.83459e-004,,,,,,
1.01884e-004,-2.08637e-004,,,,,,
-5.65652e-005,-1.38643e-004,,,,,,
-2.03098e-004,-2.25757e-004,,,,,,
-3.42077e-004,-1.89502e-004,,,,,,
-1.42504e-004,5.38796e-005,,,,,,
2.79133e-004,1.34112e-004,,,,,,
4.30198e-004,1.06416e-004,,,,,,
2.95247e-004,2.66377e-004,,,,,,
1.50896e-004,2.12497e-004,,,,,,
4.54871e-005,5.20333e-006,,,,,,
9.28206e-005,-1.56100e-005,,,,,,
-2.83665e-005,-4.04517e-005,,,,,,
-1.00877e-004,-9.95346e-005,,,,,,
-7.40215e-005,1.18502e-004,,,,,,
-1.07256e-004,1.47875e-004,,,,,,
-1.88830e-004,-5.06905e-005,,,,,,
-1.55261e-004,3.00450e-005,,,,,,
-1.15816e-004,9.34920e-005,,,,,,
-1.37469e-004,-1.63149e-004,,,,,,
-1.27398e-004,-1.27901e-004,,,,,,
-9.83597e-005,-2.38346e-005,,,,,,
-1.47204e-004,7.87213e-005,,,,,,
-3.03639e-004,1.33104e-004,,,,,,
-3.06996e-004,1.36294e-004,,,,,,
-1.21355e-004,-1.23705e-004,,,,,,
7.15038e-005,-1.49218e-004,,,,,,
2.66712e-004,3.18914e-006,,,,,,
4.15091e-004,-1.01717e-004,,,,,,
3.73129e-004,-2.69062e-004,,,,,,
3.27810e-004,-2.15686e-004,,,,,,
3.14382e-004,-2.06287e-004,,,,,,
1.20348e-004,-2.32639e-004,,,,,,
-4.81727e-005,-2.29786e-004,,,,,,
-1.35790e-004,-6.07614e-005,,,,,,
-1.76074e-004,4.44633e-004,,,,,,
-1.78088e-004,6.93721e-004,,,,,,
5.55581e-005,4.39765e-004,,,,,,
2.70741e-004,1.34783e-004,,,,,,
2.91722e-004,1.64324e-004,,,,,,
2.21057e-004,1.37133e-004,,,,,,
2.13169e-005,8.64424e-005,,,,,,
-3.70108e-004,4.58228e-005,,,,,,
-7.83688e-004,-1.16991e-004,,,,,,
-7.07820e-004,-4.49165e-004,,,,,,
-2.77455e-004,-6.03754e-004,,,,,,
2.71916e-005,-4.64775e-004,,,,,,
7.70428e-005,-3.41237e-004,,,,,,
1.14305e-004,-3.24117e-004,,,,,,
1.87823e-004,-2.83497e-004,,,,,,
2.24079e-004,-5.92508e-005,,,,,,
1.70367e-004,3.02800e-004,,,,,,
1.43343e-004,4.36576e-004,,,,,,
1.63989e-004,1.29915e-004,,,,,,
1.84131e-004,7.78820e-005,,,,,,
9.08064e-005,1.80270e-004,,,,,,
-1.38979e-004,1.43343e-004,,,,,,
-1.98901e-004,2.11994e-004,,,,,,
-3.57519e-005,1.63317e-004,,,,,,
-3.86053e-006,-1.91684e-004,,,,,,
-7.40215e-005,-2.94240e-004,,,,,,
-1.75402e-004,-2.66377e-004,,,,,,
-1.99741e-004,-2.22400e-004,,,,,,
-7.82177e-005,-9.28206e-005,,,,,,
-3.39055e-005,7.83856e-005,,,,,,
-1.72885e-005,2.00580e-004,,,,,,
-3.07164e-005,1.50561e-004,,,,,,
-3.40734e-005,6.83146e-005,,,,,,
-1.57778e-005,2.26596e-005,,,,,,
5.25368e-005,1.30922e-005,,,,,,
9.14778e-005,1.00710e-005,,,,,,
1.96216e-004,-4.98512e-005,,,,,,
2.71580e-004,-6.63004e-005,,,,,,
1.97223e-004,-3.37377e-005,,,,,,
-1.49386e-005,-5.23690e-005,,,,,,
1.48882e-004,-4.80049e-005,,,,,,
4.94652e-004,-7.88891e-006,,,,,,
3.72961e-004,-3.70947e-005,,,,,,
1.06584e-004,-9.06386e-005,,,,,,
-7.93927e-005,-8.61067e-005,,,,,,
-5.00359e-004,-5.35439e-005,,,,,,
-8.20783e-004,-4.04517e-005,,,,,,
-5.86633e-004,-2.03098e-005,,,,,,
-3.60540e-004,-2.51774e-006,,,,,,
-1.57275e-004,-3.86053e-005,,,,,,
5.87472e-006,-3.81018e-005,,,,,,
8.00641e-005,-1.52743e-005,,,,,,
5.99222e-005,-2.03098e-005,,,,,,
2.26596e-005,-4.41444e-005,,,,,,
4.31373e-005,-6.32792e-005,,,,,,
3.30663e-005,-5.15297e-005,,,,,,
3.05486e-005,-4.36408e-006,,,,,,
5.94186e-005,-4.69978e-006,,,,,,
1.21019e-004,1.19173e-005,,,,,,
1.09773e-004,5.87472e-005,,,,,,
-5.62295e-005,6.02579e-005,,,,,,
-1.36461e-004,3.44091e-005,,,,,,
-4.49836e-005,-1.51064e-006,,,,,,
2.80308e-005,-1.82956e-005,,,,,,
3.54162e-005,-4.41444e-005,,,,,,
8.07355e-005,-7.67071e-005,,,,,,
1.51232e-004,-6.69719e-005,,,,,,
1.41833e-004,-2.29953e-005,,,,,,
1.26055e-004,9.23171e-006,,,,,,
9.04707e-005,2.76951e-005,,,,,,
4.14588e-005,4.33051e-005,,,,,,
-1.82956e-005,4.81727e-005,,,,,,
-5.15297e-005,1.02388e-005,,,,,,
1.84634e-006,-1.25887e-005,,,,,,
-1.62814e-005,-2.16526e-005,,,,,,
-3.10521e-005,-3.54162e-005,,,,,,
-1.56100e-005,-2.66880e-005,,,,,,
-6.46220e-005,-1.47707e-005,,,,,,
-1.54925e-004,-3.50805e-005,,,,,,
-1.71374e-004,-1.17494e-005,,,,,,
-1.47372e-004,5.67330e-005,,,,,,
-8.03998e-005,8.10712e-005,,,,,,
-3.39055e-005,4.53193e-005,,,,,,
-1.51064e-006,8.22461e-006,,,,,,
3.81018e-005,3.74304e-005,,,,,,
-8.22461e-006,2.23239e-005,,,,,,
-6.66362e-005,-1.15816e-005,,,,,,
-9.78561e-005,1.69528e-005,,,,,,
-5.89151e-005,7.23430e-005,,,,,,
-1.52743e-005,4.78370e-005,,,,,,
-3.10521e-005,2.51774e-005,,,,,,
1.02388e-005,3.49126e-005,,,,,,
6.37827e-005,1.99741e-005,,,,,,
5.15297e-005,-1.17494e-006,,,,,,
4.75013e-005,2.18204e-006,,,,,,
-1.02388e-005,-1.72885e-005,,,,,,
-6.12650e-005,-4.53193e-005,,,,,,
1.44350e-005,-3.72625e-005,,,,,,
4.24659e-005,-2.19883e-005,,,,,,
1.25887e-005,-3.87732e-005,,,,,,
-1.59457e-005,-2.16526e-005,,,,,,
-3.87732e-005,3.74304e-005,,,,,,
-6.73075e-005,7.90570e-005,,,,,,
-6.49577e-005,9.29885e-005,,,,,,
-5.28725e-005,4.54871e-005,,,,,,
-6.73075e-005,-1.02388e-005,,,,,,
-5.06905e-005,-4.85084e-005,,,,,,
2.51774e-006,-5.52224e-005,,,,,,
6.63004e-005,-4.91798e-005,,,,,,
6.32792e-005,-3.54162e-005,,,,,,
2.87022e-005,-3.99481e-005,,,,,,
-6.21042e-006,-2.93736e-005,,,,,,
-4.71656e-005,-1.99741e-005,,,,,,
-8.87923e-005,8.56031e-006,,,,,,
-6.49577e-005,3.42412e-005,,,,,,
-2.66880e-005,-1.09102e-005,,,,,,
5.53903e-006,-2.36667e-005,,,,,,
1.67849e-007,3.54162e-005,,,,,,
-1.00710e-006,3.40734e-005,,,,,,
1.52743e-005,3.18914e-006,,,,,,
1.67849e-007,5.53903e-006,,,,,,
-4.91798e-005,3.52483e-006,,,,,,
-9.36599e-005,-6.04257e-006,,,,,,
-1.13130e-004,3.59197e-005,,,,,,
-6.56291e-005,4.34730e-005,,,,,,
-1.86313e-005,1.34279e-006,,,,,,
6.54612e-006,-2.03098e-005,,,,,,
-3.35698e-007,4.19623e-006,,,,,,
-2.04776e-005,1.24208e-005,,,,,,
-1.49386e-005,4.98512e-005,,,,,,
1.72885e-005,6.17685e-005,,,,,,
1.86313e-005,2.93736e-005,,,,,,
-1.05745e-005,1.44350e-005,,,,,,
-2.60166e-005,1.19173e-005,,,,,,
-1.76242e-005,-1.56100e-005,,,,,,
1.51064e-006,-3.23949e-005,,,,,,
6.02579e-005,-3.34020e-005,,,,,,
7.40215e-005,-2.03098e-005,,,,,,
4.39765e-005,-1.79599e-005,,,,,,
2.98772e-005,-4.16266e-005,,,,,,
5.20333e-006,-4.17945e-005,,,,,,
-1.99741e-005,-4.61585e-005,,,,,,
-2.76951e-005,-6.66362e-005,,,,,,
-1.79599e-005,-7.80499e-005,,,,,,
1.37636e-005,-7.53643e-005,,,,,,
3.10521e-005,-5.82437e-005,,,,,,
4.81727e-005,-1.62814e-005,,,,,,
7.28466e-005,-1.25887e-005,,,,,,
7.23430e-005,-1.84634e-005,,,,,,
7.21752e-006,1.82956e-005,,,,,,
-6.19364e-005,2.97093e-005,,,,,,
-1.12963e-004,3.79339e-005,,,,,,
-1.39483e-004,4.38087e-005,,,,,,
-1.58114e-004,4.58228e-005,,,,,,
-1.46029e-004,2.16526e-005,,,,,,
-1.02556e-004,2.33310e-005,,,,,,
-7.16716e-005,5.92508e-005,,,,,,
-6.73075e-005,3.92767e-005,,,,,,
-6.96574e-005,2.90379e-005,,,,,,
-5.90829e-005,9.38277e-005,,,,,,
-4.86763e-005,1.00542e-004,,,,,,
-5.11940e-005,3.70947e-005,,,,,,
-4.73335e-005,-1.29244e-005,,,,,,
-2.90379e-005,-2.33310e-005,,,,,,
-2.45060e-005,-3.02129e-006,,,,,,
-1.29244e-005,5.22011e-005,,,,,,
6.56291e-005,1.16991e-004,,,,,,
1.27733e-004,1.33104e-004,,,,,,
1.25383e-004,2.55131e-005,,,,,,
9.98703e-005,-1.04906e-004,,,,,,
4.95155e-005,-4.06195e-005,,,,,,
-1.09102e-005,1.86313e-005,,,,,,
-8.34211e-005,-5.79080e-005,,,,,,
-1.00877e-004,-7.87213e-005,,,,,,
-2.53452e-005,-1.57778e-005,,,,,,
3.84375e-005,3.79339e-005,,,,,,
4.38087e-005,-1.51064e-006,,,,,,
3.54162e-005,-2.51774e-006,,,,,,
1.22530e-005,1.89670e-005,,,,,,
2.21561e-005,1.05745e-005,,,,,,
1.62814e-005,-1.69528e-005,,,,,,
-8.05676e-006,-6.05936e-005,,,,,,
-1.02388e-005,-1.01717e-004,,,,,,
-8.72816e-006,-1.27062e-004,,,,,,
1.24208e-005,-1.37972e-004,,,,,,
-1.09102e-005,-9.41634e-005,,,,,,
-5.89151e-005,-4.61585e-005,,,,,,
-7.03288e-005,-1.44350e-005,,,,,,
-4.04517e-005,3.34020e-005,,,,,,
-5.87472e-006,1.00542e-004,,,,,,
1.84634e-006,1.16487e-004,,,,,,
-3.47448e-005,1.22698e-004,,,,,,
-6.86503e-005,1.21523e-004,,,,,,
-4.14588e-005,1.17327e-004,,,,,,
7.88891e-006,4.54871e-005,,,,,,
4.04517e-005,-4.49836e-005,,,,,,
5.05226e-005,-1.32433e-004,,,,,,
9.90310e-006,-8.71138e-005,,,,,,
-3.86053e-005,-7.23430e-005,,,,,,
-6.14328e-005,-1.51904e-004,,,,,,
-6.52934e-005,-7.43572e-005,,,,,,
-7.01610e-005,-4.88441e-005,,,,,,
-4.64942e-005,-1.42000e-004,,,,,,
1.67849e-007,-1.48547e-004,,,,,,
2.29953e-005,-1.30755e-004,,,,,,
-9.39956e-006,-1.02220e-004,,,,,,
-3.84375e-005,-1.29244e-005,,,,,,
-1.99741e-005,-2.29953e-005,,,,,,
2.38346e-005,3.07164e-005,,,,,,
4.26337e-005,2.30625e-004,,,,,,
4.09552e-005,1.29076e-004,,,,,,
2.38346e-005,-5.08583e-005,,,,,,
-1.62814e-005,-2.09812e-004,,,,,,
-6.86503e-005,-1.04067e-005,,,,,,
-7.30144e-005,2.28946e-004,,,,,,
-8.02319e-005,2.41535e-004,,,,,,
-8.07355e-005,1.79431e-004,,,,,,
-5.85794e-005,-8.15747e-005,,,,,,
-5.32082e-005,-1.71542e-004,,,,,,
-5.25368e-005,-5.55581e-005,,,,,,
-6.94896e-005,4.53193e-006,,,,,,
-5.57259e-005,-8.03998e-005,,,,,,
-3.52483e-006,-1.09606e-004,,,,,,
7.21752e-006,-1.25048e-004,,,,,,
-4.98512e-005,-1.69360e-004,,,,,,
-6.07614e-005,-1.20851e-004,,,,,,
1.69528e-005,-6.86503e-005,,,,,,
6.46220e-005,-1.57778e-005,,,,,,
4.86763e-005,-6.04257e-006,,,,,,
5.52224e-005,-3.10521e-005,,,,,,
5.99222e-005,-1.51064e-006,,,,,,
3.20592e-005,1.08934e-004,,,,,,
5.03548e-006,1.59121e-004,,,,,,
1.93027e-005,1.16655e-004,,,,,,
2.50095e-005,4.71656e-005,,,,,,
-1.72885e-005,2.50095e-005,,,,,,
-2.16526e-005,4.11231e-005,,,,,,
4.78370e-005,1.82956e-005,,,,,,
5.82437e-005,-2.92058e-005,,,,,,
5.55581e-005,-2.29953e-005,,,,,,
4.04517e-005,-1.54421e-005,,,,,,
-1.56100e-005,-1.00710e-006,,,,,,
-9.70169e-005,5.11940e-005,,,,,,
-1.04906e-004,8.54353e-005,,,,,,
-8.20783e-005,6.79789e-005,,,,,,
-8.96315e-005,2.29953e-005,,,,,,
-4.31373e-005,-1.46029e-005,,,,,,
1.22530e-005,3.57519e-005,,,,,,
8.89601e-006,1.27398e-004,,,,,,
3.52483e-006,1.06249e-004,,,,,,
3.87732e-005,5.20333e-006,,,,,,
4.46479e-005,-2.83665e-005,,,,,,
2.06455e-005,-2.11490e-005,,,,,,
-2.16526e-005,-2.34989e-006,,,,,,
-2.29953e-005,-2.18204e-006,,,,,,
-1.12459e-005,-2.23239e-005,,,,,,
-3.70947e-005,1.67849e-005,,,,,,
-2.43381e-005,5.95865e-005,,,,,,
-2.38346e-005,3.47448e-005,,,,,,
-5.60616e-005,5.87472e-005,,,,,,
-4.78370e-005,8.67781e-005,,,,,,
-2.85344e-006,6.56291e-005,,,,,,
5.22011e-005,2.83665e-005,,,,,,
9.11421e-005,-2.97093e-005,,,,,,
7.97284e-005,-2.87022e-005,,,,,,
-1.35958e-005,-1.34279e-006,,,,,,
-5.85794e-005,4.86763e-006,,,,,,
-5.65652e-005,3.47448e-005,,,,,,
-6.27756e-005,3.50805e-005,,,,,,
-7.67071e-005,-2.63523e-005,,,,,,
-7.62036e-005,-8.00641e-005,,,,,,
-1.24208e-005,-9.51705e-005,,,,,,
6.09293e-005,-3.05486e-005,,,,,,
3.45769e-005,3.94446e-005,,,,,,
-1.24208e-005,1.59457e-005,,,,,,
-4.07874e-005,-4.31373e-005,,,,,,
-3.34020e-005,-1.69528e-005,,,,,,
-8.39246e-007,5.15297e-005,,,,,,
-3.97803e-005,4.21302e-005,,,,,,
-8.27497e-005,5.03548e-006,,,,,,
-4.91798e-005,-1.79599e-005,,,,,,
-1.34279e-005,2.63523e-005,,,,,,
-3.30663e-005,6.47898e-005,,,,,,
-3.54162e-005,-1.17494e-006,,,,,,
-6.96574e-005,-5.65652e-005,,,,,,
-7.97284e-005,-5.11940e-005,,,,,,
-4.88441e-005,-2.13169e-005,,,,,,
-1.25887e-005,8.64424e-005,,,,,,
-4.36408e-006,8.64424e-005,,,,,,
-3.77661e-005,2.18204e-006,,,,,,
-8.34211e-005,2.06455e-005,,,,,,
-8.10712e-005,4.54871e-005,,,,,,
-7.04967e-006,6.02579e-005,,,,,,
8.76173e-005,4.61585e-005,,,,,,
7.15038e-005,-1.64492e-005,,,,,,
1.24208e-005,-4.53193e-005,,,,,,
-2.24918e-005,-2.11490e-005,,,,,,
-2.53452e-005,-1.39315e-005,,,,,,
-2.16526e-005,-6.88182e-005,,,,,,
-4.04517e-005,-1.07088e-004,,,,,,
-7.72107e-006,-9.11421e-005,,,,,,
1.14809e-004,-5.99222e-005,,,,,,
1.64660e-004,-5.55581e-005,,,,,,
1.67681e-004,-9.23171e-006,,,,,,
1.40826e-004,7.60357e-005,,,,,,
9.85275e-005,8.03998e-005,,,,,,
9.90311e-005,1.56100e-005,,,,,,
6.86503e-005,1.22530e-005,,,,,,
-2.04776e-005,2.51774e-006,,,,,,
-9.21492e-005,-3.97803e-005,,,,,,
-1.45190e-004,-6.00900e-005,,,,,,
-1.85473e-004,-7.13359e-005,,,,,,
-1.51232e-004,-1.13970e-004,,,,,,
-1.15648e-004,-9.75204e-005,,,,,,
-9.34920e-005,-9.56741e-006,,,,,,
-9.36599e-005,1.12123e-004,,,,,,
-6.29435e-005,1.46868e-004,,,,,,
-2.87022e-005,6.94896e-005,,,,,,
-2.90379e-005,-7.88891e-006,,,,,,
-3.30663e-005,-5.11940e-005,,,,,,
-3.03807e-005,-6.19364e-005,,,,,,
-8.74495e-005,-5.01869e-005,,,,,,
-1.22698e-004,-3.87732e-005,,,,,,
-4.76692e-005,-2.73594e-005,,,,,,
2.26596e-005,-6.42863e-005,,,,,,
6.29435e-005,-8.10712e-005,,,,,,
5.05226e-005,-5.06905e-005,,,,,,
5.20333e-006,-3.50805e-005,,,,,,
-3.10521e-005,-5.38796e-005,,,,,,
-3.10521e-005,-6.73075e-005,,,,,,
-1.19173e-005,-7.77142e-005,,,,,,
9.56741e-006,-1.05241e-004,,,,,,
3.00450e-005,-1.07088e-004,,,,,,
2.73594e-005,-4.24659e-005,,,,,,
3.86053e-006,4.38087e-005,,,,,,
-1.98062e-005,4.91798e-005,,,,,,
-3.17235e-005,-3.18914e-006,,,,,,
-2.48417e-005,-3.52483e-005,,,,,,
-1.22530e-005,-7.13359e-005,,,,,,
4.21302e-005,-1.39818e-004,,,,,,
4.90120e-005,-1.62814e-004,,,,,,
-1.09102e-005,-1.37133e-004,,,,,,
-5.57259e-005,-1.33104e-004,,,,,,
-5.25368e-005,-6.14328e-005,,,,,,
-6.88182e-006,4.48157e-005,,,,,,
1.00710e-005,5.75723e-005,,,,,,
5.20333e-006,1.82956e-005,,,,,,
-3.07164e-005,-2.26596e-005,,,,,,
-4.93477e-005,-3.50805e-005,,,,,,
-3.15557e-005,-3.50805e-005,,,,,,
-3.25628e-005,-3.64233e-005,,,,,,
-4.58228e-005,-4.01160e-005,,,,,,
-3.34020e-005,-4.59907e-005,,,,,,
-2.85344e-005,-3.27306e-005,,,,,,
-5.03548e-007,-3.45769e-005,,,,,,
3.27306e-005,-3.84375e-005,,,,,,
4.54871e-005,-2.36667e-005,,,,,,
7.60357e-005,-9.56741e-006,,,,,,
4.39765e-005,-1.10781e-005,,,,,,
3.07164e-005,-2.38346e-005,,,,,,
5.62295e-005,-2.43381e-005,,,,,,
3.86053e-005,-5.87472e-006,,,,,,
-1.67849e-007,3.52483e-006,,,,,,
-2.51774e-005,2.34989e-006,,,,,,
-5.52224e-005,4.81727e-005,,,,,,
-6.91539e-005,6.56291e-005,,,,,,
-9.21492e-005,5.33761e-005,,,,,,
-8.07355e-005,6.39506e-005,,,,,,
-4.71656e-005,6.09293e-005,,,,,,
-2.29953e-005,5.11940e-005,,,,,,
-3.10521e-005,4.86763e-005,,,,,,
-4.04517e-005,5.82437e-005,,,,,,
-1.64492e-005,6.16007e-005,,,,,,
2.23239e-005,4.81727e-005,,,,,,
5.32082e-005,3.87732e-005,,,,,,
5.08583e-005,3.34020e-005,,,,,,
2.24918e-005,3.77661e-005,,,,,,
-5.03548e-006,5.47189e-005,,,,,,
-1.59457e-005,5.42153e-005,,,,,,
-3.86053e-005,4.19623e-005,,,,,,
-7.46929e-005,2.83665e-005,,,,,,
-9.91989e-005,4.33051e-005,,,,,,
-1.00542e-004,5.65652e-005,,,,,,
-1.52743e-005,5.15297e-005,,,,,,
5.95865e-005,7.87213e-005,,,,,,
9.38277e-005,9.44991e-005,,,,,,
5.69009e-005,8.17426e-005,,,,,,
-4.19623e-006,6.07614e-005,,,,,,
6.04257e-006,5.35439e-005,,,,,,
7.04967e-006,4.83406e-005,,,,,,
-2.87022e-005,4.95155e-005,,,,,,
-5.99222e-005,3.25628e-005,,,,,,
-4.90120e-005,1.87991e-005,,,,,,
-4.29694e-005,2.85344e-005,,,,,,
-5.58938e-005,3.42412e-005,,,,,,
-7.57000e-005,4.75013e-005,,,,,,
-5.48867e-005,4.17945e-005,,,,,,
-1.81277e-005,2.80308e-005,,,,,,
1.17494e-005,1.99741e-005,,,,,,
3.17235e-005,1.84634e-006,,,,,,
1.05745e-005,2.18204e-006,,,,,,
-2.71916e-005,3.59197e-005,,,,,,
-2.21561e-005,3.47448e-005,,,,,,
1.19173e-005,2.51774e-005,,,,,,
1.35958e-005,1.20851e-005,,,,,,
-1.67849e-007,2.13169e-005,,,,,,
-1.51064e-005,1.72885e-005,,,,,,
-7.04967e-006,5.20333e-006,,,,,,
1.59457e-005,-7.04967e-006,,,,,,
6.21042e-006,-7.04967e-006,,,,,,
-1.82956e-005,-4.86763e-006,,,,,,
-2.45060e-005,-8.39246e-006,,,,,,
-2.13169e-005,1.17494e-006,,,,,,
-2.03098e-005,2.18204e-005,,,,,,
-1.76242e-005,1.89670e-005,,,,,,
-1.96384e-005,-3.35698e-007,,,,,,
-2.83665e-005,-7.04967e-006,,,,,,
-2.93736e-005,-7.72107e-006,,,,,,
-3.47448e-005,-1.64492e-005,,,,,,
-3.32342e-005,-1.79599e-005,,,,,,
-3.77661e-005,-1.56100e-005,,,,,,
-6.52934e-005,-6.54612e-006,,,,,,
-5.42153e-005,-7.55322e-006,,,,,,
4.21302e-005,-5.70687e-006,,,,,,
4.02838e-005,-2.34989e-006,,,,,,
4.53193e-006,-1.35958e-005,,,,,,
3.86053e-006,-2.23239e-005,,,,,,
-7.72107e-006,-2.43381e-005,,,,,,
-2.03098e-005,-1.37636e-005,,,,,,
-2.76951e-005,-1.29244e-005,,,,,,
-3.74304e-005,-2.19883e-005,,,,,,
-3.79339e-005,-3.18914e-005,,,,,,
-1.42672e-005,-3.08843e-005,,,,,,
-4.86763e-006,-2.63523e-005,,,,,,
5.03548e-006,-1.89670e-005,,,,,,
4.53193e-006,-2.18204e-006,,,,,,
-1.51064e-006,4.53193e-006,,,,,,
1.49386e-005,7.55322e-006,,,,,,
1.93027e-005,-1.91348e-005,,,,,,
-1.02388e-005,-4.28016e-005,,,,,,
-6.61326e-005,-7.03288e-005,,,,,,
-6.73075e-005,-6.96574e-005,,,,,,
-3.25628e-005,-1.56100e-005,,,,,,
-3.02129e-006,5.38796e-005,,,,,,
1.02388e-005,6.32792e-005,,,,,,
1.51064e-005,1.99741e-005,,,,,,
-1.32601e-005,3.52483e-006,,,,,,
-2.93736e-005,-4.53193e-006,,,,,,
-3.10521e-005,-3.40734e-005,,,,,,
-1.62814e-005,-4.24659e-005,,,,,,
7.55322e-006,-1.86313e-005,,,,,,
-7.04967e-006,-3.35698e-007,,,,,,
-8.89601e-006,-5.15297e-005,,,,,,
8.56031e-006,-3.00450e-005,,,,,,
-4.53193e-006,9.41634e-005,,,,,,
-2.03098e-005,4.81727e-005,,,,,,
-2.45060e-005,1.01213e-004,,,,,,
-2.21561e-005,8.35889e-005,,,,,,
-2.33310e-005,-6.17685e-005,,,,,,
-2.90379e-005,-5.20333e-005,,,,,,
-1.66171e-005,-4.73335e-005,,,,,,
-7.55322e-006,-3.40734e-005,,,,,,
-2.36667e-005,-3.52483e-006,,,,,,
-3.47448e-005,6.54612e-006,,,,,,
-2.97093e-005,2.76951e-005,,,,,,
-1.66171e-005,2.03098e-005,,,,,,
-7.55322e-006,-5.52224e-005,,,,,,
-1.00710e-006,-5.85794e-005,,,,,,
-1.37636e-005,-1.15816e-005,,,,,,
-2.18204e-005,5.89151e-005,,,,,,
-1.86313e-005,5.89151e-005,,,,,,
-1.32601e-005,7.03288e-005,,,,,,
-9.06386e-006,-6.37827e-006,,,,,,
-4.86763e-006,-1.06416e-004,,,,,,
-7.55322e-006,-1.22362e-004,,,,,,
-1.00710e-005,-1.87655e-004,,,,,,
-2.95415e-005,-1.41665e-004,,,,,,
-2.66880e-005,-8.87923e-005,,,,,,
-2.88701e-005,-1.18837e-004,,,,,,
-3.87732e-005,-1.68688e-004,,,,,,
-5.38796e-005,-2.11658e-004,,,,,,
-8.49317e-005,-6.74754e-005,,,,,,
-7.53643e-005,2.92561e-004,,,,,,
-2.18204e-006,4.28519e-004,,,,,,
5.92508e-005,3.35531e-004,,,,,,
8.10712e-005,2.52110e-004,,,,,,
4.91798e-005,1.92859e-004,,,,,,
3.23949e-005,-8.61067e-005,,,,,,
5.28725e-005,-1.77081e-004,,,,,,
4.88441e-005,-6.22721e-005,,,,,,
1.05745e-005,-1.22362e-004,,,,,,
-7.55322e-006,-1.84802e-004,,,,,,
-4.19623e-006,-5.06905e-005,,,,,,
-1.96384e-005,7.83856e-005,,,,,,
-3.65911e-005,1.18334e-004,,,,,,
-3.00450e-005,2.16526e-004,,,,,,
-4.53193e-006,6.22721e-005,,,,,,
2.29953e-005,-1.16991e-004,,,,,,
8.87923e-005,-1.65331e-004,,,,,,
1.50225e-004,-2.24247e-004,,,,,,
1.17159e-004,-1.82116e-004,,,,,,
2.29953e-005,-2.23239e-005,,,,,,
-1.13130e-004,-1.07591e-004,,,,,,
-2.08469e-004,-1.97559e-004,,,,,,
-2.47410e-004,-1.00710e-005,,,,,,
-2.45899e-004,2.11658e-004,,,,,,
-2.03098e-004,1.23873e-004,,,,,,
-1.29747e-004,8.47639e-005,,,,,,
-1.04570e-004,4.02838e-006,,,,,,
-8.30854e-005,-1.22362e-004,,,,,,
-3.23949e-005,-1.37469e-004,,,,,,
1.54421e-005,-9.09743e-005,,,,,,
3.74304e-005,-1.41497e-004,,,,,,
2.03098e-005,-1.78759e-004,,,,,,
1.86313e-005,3.91089e-005,,,,,,
5.67330e-005,1.36797e-004,,,,,,
9.63455e-005,1.72549e-004,,,,,,
1.59289e-004,5.03548e-005,,,,,,
2.01923e-004,-7.20073e-005,,,,,,
1.60800e-004,-3.10521e-005,,,,,,
5.67330e-005,2.56641e-004,,,,,,
-3.07164e-005,2.81819e-004,,,,,,
-7.21752e-005,-7.53643e-005,,,,,,
-1.20012e-004,-9.44991e-005,,,,,,
-1.51736e-004,4.73335e-005,,,,,,
-7.50286e-005,-7.63714e-005,,,,,,
5.11940e-005,-2.30121e-004,,,,,,
1.26055e-004,-1.55596e-004,,,,,,
1.60464e-004,1.84634e-006,,,,,,
1.46029e-004,-4.36408e-006,,,,,,
1.51064e-005,4.11231e-005,,,,,,
-2.05280e-004,1.36629e-004,,,,,,
-3.16060e-004,2.27436e-004,,,,,,
-3.01457e-004,1.89670e-005,,,,,,
-2.00580e-004,7.72107e-006,,,,,,
-9.60098e-005,9.51705e-005,,,,,,
-1.39315e-005,-3.27306e-005,,,,,,
2.36667e-005,-5.42153e-005,,,,,,
5.55581e-005,2.18204e-005,,,,,,
3.54162e-005,6.04257e-006,,,,,,
-2.51774e-006,-5.99222e-005,,,,,,
-4.07874e-005,-5.40475e-005,,,,,,
-6.74754e-005,-1.06920e-004,,,,,,
-6.09293e-005,-1.24376e-004,,,,,,
-1.25887e-005,1.23369e-004,,,,,,
4.83406e-005,2.20050e-004,,,,,,
1.09773e-004,1.85809e-004,,,,,,
1.48379e-004,1.09102e-005,,,,,,
1.44854e-004,-8.34211e-005,,,,,,
1.13970e-004,-1.85977e-004,,,,,,
3.97803e-005,-1.72549e-004,,,,,,
-7.62036e-005,-1.39147e-004,,,,,,
-1.54086e-004,3.69268e-006,,,,,,
-1.91180e-004,2.78462e-004,,,,,,
-1.46197e-004,3.79843e-004,,,,,,
-2.90379e-005,1.27230e-004,,,,,,
1.49218e-004,-1.10613e-004,,,,,,
2.43885e-004,-5.58938e-005,,,,,,
2.11658e-004,1.28069e-004,,,,,,
1.17998e-004,2.33814e-004,,,,,,
-4.73335e-005,6.26078e-005,,,,,,
-1.95377e-004,-1.81781e-004,,,,,,
-1.88159e-004,1.17494e-005,,,,,,
-1.80270e-004,2.38346e-004,,,,,,
-1.05913e-004,1.40826e-004,,,,,,
1.76745e-004,1.21691e-004,,,,,,
5.17144e-004,3.97803e-005,,,,,,
5.51385e-004,-2.45060e-005,,,,,,
3.63729e-004,-3.50805e-005,,,,,,
7.60357e-005,-1.76242e-004,,,,,,
-1.90845e-004,-3.02632e-004,,,,,,
-3.94949e-004,-3.53658e-004,,,,,,
-5.17983e-004,-1.55932e-004,,,,,,
-5.46014e-004,9.34920e-005,,,,,,
-4.38254e-004,2.07965e-004,,,,,,
-1.89837e-004,1.53582e-004,,,,,,
-2.71916e-005,-2.34989e-006,,,,,,
9.28206e-005,-7.43572e-005,,,,,,
1.02556e-004,-7.20073e-005,,,,,,
-8.05676e-005,3.03807e-005,,,,,,
-2.56641e-004,1.78088e-004,,,,,,
-2.52949e-004,1.26558e-004,,,,,,
-1.76577e-004,-2.98436e-004,,,,,,
-1.42000e-004,-2.27100e-004,,,,,,
-8.81209e-005,2.50095e-005,,,,,,
2.60166e-005,8.35889e-005,,,,,,
9.60098e-005,-5.25368e-005,,,,,,
1.19844e-004,1.19173e-005,,,,,,
1.55261e-004,1.40154e-004,,,,,,
2.68391e-004,1.24544e-004,,,,,,
2.98604e-004,1.90173e-004,,,,,,
3.96460e-004,1.25887e-005,,,,,,
5.07073e-004,-1.06416e-004,,,,,,
3.86557e-004,-3.30663e-005,,,,,,
2.50095e-004,-1.00877e-004,,,,,,
2.23407e-004,-2.80812e-004,,,,,,
1.12459e-004,-2.92226e-004,,,,,,
-1.43175e-004,-4.71656e-005,,,,,,
-3.37545e-004,1.14809e-004,,,,,,
-3.73129e-004,9.61776e-005,,,,,,
-3.05653e-004,-1.29747e-004,,,,,,
-3.35531e-004,-1.45190e-004,,,,,,
-3.71450e-004,-9.41634e-005,,,,,,
-3.32845e-004,-1.14641e-004,,,,,,
-2.46906e-004,-1.32601e-004,,,,,,
-9.88632e-005,-1.36461e-004,,,,,,
-5.03548e-007,-1.44518e-004,,,,,,
9.55062e-005,-1.55932e-004,,,,,,
-3.72625e-005,-1.37804e-004,,,,,,
-1.84298e-004,-2.03098e-005,,,,,,
-1.79431e-004,2.33310e-004,,,,,,
-1.50896e-004,2.10147e-004,,,,,,
-8.94636e-005,3.34020e-005,,,,,,
2.19883e-005,1.25048e-004,,,,,,
1.64660e-004,1.12459e-004,,,,,,
2.38682e-004,5.70687e-006,,,,,,
1.85138e-004,-9.18135e-005,,,,,,
7.43572e-005,-1.27062e-004,,,,,,
8.27497e-005,-6.31113e-005,,,,,,
1.63989e-004,9.23171e-006,,,,,,
1.20684e-004,4.88441e-005,,,,,,
4.78370e-005,5.55581e-005,,,,,,
3.54162e-005,5.28725e-005,,,,,,
1.19341e-004,3.12200e-005,,,,,,
2.19715e-004,-3.69268e-006,,,,,,
2.14176e-004,-1.37636e-005,,,,,,
1.43175e-004,7.88891e-006,,,,,,
7.36858e-005,-7.38537e-006,,,,,,
6.54612e-006,-4.78370e-005,,,,,,
-1.81781e-004,-1.13298e-004,,,,,,
-3.36538e-004,-1.54086e-004,,,,,,
-2.93065e-004,-7.87213e-005,,,,,,
-1.54253e-004,1.13298e-004,,,,,,
-2.23239e-005,1.45861e-004,,,,,,
1.94705e-005,2.16526e-005,,,,,,
5.72366e-005,1.01884e-004,,,,,,
7.40215e-005,1.17327e-004,,,,,,
2.71916e-005,7.38537e-005,,,,,,
-3.70947e-005,2.36667e-005,,,,,,
-1.28405e-004,-6.76432e-005,,,,,,
-2.70069e-004,-8.44282e-005,,,,,,
-3.83871e-004,-2.93736e-005,,,,,,
-2.20386e-004,-3.40734e-005,,,,,,
3.52483e-005,-4.78370e-005,,,,,,
1.42672e-004,-2.80308e-005,,,,,,
8.87923e-005,-3.72625e-005,,,,,,
1.93194e-004,-9.23171e-005,,,,,,
3.18746e-004,-1.30419e-004,,,,,,
6.39506e-005,-1.17662e-004,,,,,,
-2.34653e-004,-7.43572e-005,,,,,,
-2.36500e-004,1.37636e-005,,,,,,
-1.83124e-004,1.28740e-004,,,,,,
-1.50729e-004,5.22011e-005,,,,,,
-7.36858e-005,7.36858e-005,,,,,,
4.61585e-005,1.23369e-004,,,,,,
1.23705e-004,3.03807e-005,,,,,,
1.23705e-004,-2.40024e-005,,,,,,
1.29412e-004,-4.88441e-005,,,,,,
4.28016e-005,-5.67330e-005,,,,,,
-7.70428e-005,-3.37377e-005,,,,,,
-1.35790e-004,3.52483e-006,,,,,,
-1.16991e-004,3.60876e-005,,,,,,
-3.05486e-005,3.60876e-005,,,,,,
6.59647e-005,2.13169e-005,,,,,,
1.48882e-004,1.69528e-005,,,,,,
1.58282e-004,1.49386e-005,,,,,,
4.34730e-005,-1.98062e-005,,,,,,
1.84634e-006,-5.11940e-005,,,,,,
2.80308e-005,-3.49126e-005,,,,,,
-1.35958e-005,3.52483e-006,,,,,,
-2.34989e-006,2.36667e-005,,,,,,
5.03548e-007,3.18914e-005,,,,,,
-3.67590e-005,3.20592e-005,,,,,,
1.30083e-004,1.59457e-005,,,,,,
4.23484e-004,-7.21752e-006,,,,,,
5.79583e-004,-2.29953e-005,,,,,,
4.06027e-004,-1.89670e-005,,,,,,
5.90829e-005,-4.19623e-006,,,,,,
-2.35996e-004,1.79599e-005,,,,,,
-4.47822e-004,4.61585e-005,,,,,,
-6.17182e-004,4.38087e-005,,,,,,
-5.68170e-004,3.22271e-005,,,,,,
-3.85550e-004,8.14069e-005,,,,,,
-1.95544e-004,1.75402e-004,,,,,,
-2.60166e-005,5.28725e-005,,,,,,
1.76242e-005,-3.47448e-005,,,,,,
3.44091e-005,7.21752e-006,,,,,,
1.94705e-005,2.83665e-005,,,,,,
-5.52224e-005,5.03548e-007,,,,,,
-1.39986e-004,-2.63523e-005,,,,,,
-2.01251e-004,-1.89670e-005,,,,,,
-1.12459e-004,6.54612e-006,,,,,,
-7.04967e-006,1.09102e-005,,,,,,
1.18502e-004,-7.04967e-006,,,,,,
7.30144e-005,-1.00710e-005,,,,,,
-6.27756e-005,-2.53452e-005,,,,,,
-4.21302e-005,-3.77661e-005,,,,,,
3.05486e-005,-3.34020e-005,,,,,,
4.11231e-005,-3.15557e-005,,,,,,
1.25887e-005,-2.28275e-005,,,,,,
1.01213e-004,-1.30922e-005,,,,,,
1.42168e-004,-9.90310e-006,,,,,,
7.88891e-005,-1.22530e-005,,,,,,
-3.65911e-005,-3.37377e-005,,,,,,
-1.36461e-004,-5.20333e-005,,,,,,
-1.27062e-004,-5.85794e-005,,,,,,
-1.02892e-004,-3.45769e-005,,,,,,
-3.92767e-005,-3.86053e-006,,,,,,
8.14069e-005,5.65652e-005,,,,,,
2.29450e-004,6.94896e-005,,,,,,
2.59831e-004,1.00710e-005,,,,,,
2.01755e-004,-8.89601e-006,,,,,,
1.31762e-004,3.86053e-006,,,,,,
9.71847e-005,-1.67849e-007,,,,,,
6.21042e-005,-1.76242e-005,,,,,,
9.73526e-006,-1.25887e-005,,,,,,
8.39246e-007,-1.84634e-006,,,,,,
3.00450e-005,-3.47448e-005,,,,,,
4.22980e-005,-5.28725e-005,,,,,,
4.19623e-005,-3.74304e-005,,,,,,
3.40734e-005,-2.45060e-005,,,,,,
-2.14847e-005,-2.36667e-005,,,,,,
-1.17662e-004,-1.67849e-006,,,,,,
-1.27062e-004,7.04967e-006,,,,,,
-8.87923e-005,-6.88182e-006,,,,,,
-7.25109e-005,-1.15816e-005,,,,,,
-6.14328e-005,-7.55322e-006,,,,,,
-6.14328e-005,-1.32601e-005,,,,,,
-5.16976e-005,-1.89670e-005,,,,,,
-4.48157e-005,-1.67849e-005,,,,,,
-3.91089e-005,-1.82956e-005,,,,,,
-3.94446e-005,-3.44091e-005,,,,,,
-3.23949e-005,-6.14328e-005,,,,,,
-3.69268e-005,-7.21752e-005,,,,,,
-3.12200e-005,-6.27756e-005,,,,,,
-2.73594e-005,-3.35698e-005,,,,,,
-3.64233e-005,1.59457e-005,,,,,,
-4.85084e-005,3.84375e-005,,,,,,
-1.42672e-005,2.06455e-005,,,,,,
1.46029e-005,1.29244e-005,,,,,,
-7.38537e-006,1.44350e-005,,,,,,
-6.47898e-005,3.22271e-005,,,,,,
-1.06249e-004,3.57519e-005,,,,,,
-6.61326e-005,1.71206e-005,,,,,,
-4.78370e-005,1.15816e-005,,,,,,
-6.69719e-005,2.38346e-005,,,,,,
-7.10002e-005,1.59457e-005,,,,,,
-2.83665e-005,-1.49386e-005,,,,,,
-1.17494e-005,-1.52743e-005,,,,,,
-2.50095e-005,-5.53903e-006,,,,,,
-3.75982e-005,1.15816e-005,,,,,,
2.51774e-006,2.41703e-005,,,,,,
4.24659e-005,3.50805e-005,,,,,,
5.20333e-006,9.23171e-006,,,,,,
-3.37377e-005,4.86763e-006,,,,,,
-5.47189e-005,5.42153e-005,,,,,,
-6.29435e-005,7.26787e-005,,,,,,
-4.19623e-005,8.00641e-005,,,,,,
8.56031e-006,6.22721e-005,,,,,,
5.89151e-005,2.88701e-005,,,,,,
3.81018e-005,2.93736e-005,,,,,,
-1.82956e-005,5.89151e-005,,,,,,
-4.36408e-005,6.86503e-005,,,,,,
-3.20592e-005,5.38796e-005,,,,,,
-6.21042e-006,4.61585e-005,,,,,,
1.32601e-005,-3.12200e-005,,,,,,
2.04776e-005,-1.24041e-004,,,,,,
1.96384e-005,-6.00900e-005,,,,,,
7.88891e-006,-3.62554e-005,,,,,,
-1.89670e-005,-2.76951e-005,,,,,,
-2.09812e-005,-1.81277e-005,,,,,,
1.72885e-005,-1.46029e-005,,,,,,
4.85084e-005,-3.97803e-005,,,,,,
6.21042e-005,-4.91798e-005,,,,,,
5.87472e-005,-2.65202e-005,,,,,,
1.72885e-005,-3.64233e-005,,,,,,
-2.31632e-005,-8.59388e-005,,,,,,
-5.27047e-005,-1.19844e-004,,,,,,
-8.02319e-005,-6.66362e-005,,,,,,
-1.06416e-004,1.47707e-005,,,,,,
-1.01213e-004,9.29885e-005,,,,,,
-7.93927e-005,7.98962e-005,,,,,,
-8.44282e-005,-6.22721e-005,,,,,,
-1.43175e-004,-1.85473e-004,,,,,,
-1.68688e-004,-2.64866e-004,,,,,,
-1.18334e-004,-1.84298e-004,,,,,,
-6.12650e-005,6.29435e-005,,,,,,
-5.03548e-007,2.53788e-004,,,,,,
8.62745e-005,4.29526e-004,,,,,,
1.48882e-004,3.19753e-004,,,,,,
1.20516e-004,1.40826e-004,,,,,,
7.28466e-005,5.42153e-005,,,,,,
2.46738e-005,1.15816e-005,,,,,,
-4.38087e-005,-6.32792e-005,,,,,,
-2.36667e-005,-1.14641e-004,,,,,,
9.24849e-005,-8.54353e-005,,,,,,
1.78088e-004,-6.89860e-005,,,,,,
1.79263e-004,-9.88632e-005,,,,,,
1.32433e-004,-1.55261e-004,,,,,,
5.35439e-005,-2.36835e-004,,,,,,
-2.36667e-005,-1.88159e-004,,,,,,
-3.97803e-005,-5.65652e-005,,,,,,
-6.21042e-006,-2.71916e-005,,,,,,
4.69978e-006,-1.49386e-005,,,,,,
-1.49386e-005,-6.88182e-006,,,,,,
-3.64233e-005,-7.21752e-006,,,,,,
-3.81018e-005,1.52743e-005,,,,,,
-5.08583e-005,8.17426e-005,,,,,,
-7.21752e-005,1.13466e-004,,,,,,
-8.20783e-005,1.22026e-004,,,,,,
-9.34920e-005,1.86648e-004,,,,,,
-6.98253e-005,2.02594e-004,,,,,,
-5.25368e-005,1.77920e-004,,,,,,
-7.13359e-005,1.37133e-004,,,,,,
-1.25048e-004,5.37118e-006,,,,,,
-1.23033e-004,-1.84802e-004,,,,,,
-8.71138e-005,-3.42580e-004,,,,,,
-6.94896e-005,-2.22065e-004,,,,,,
-5.92508e-005,-1.66674e-004,,,,,,
-8.56031e-006,-7.57000e-005,,,,,,
3.86053e-005,8.50996e-005,,,,,,
4.86763e-006,2.10651e-004,,,,,,
-2.97093e-005,1.04570e-004,,,,,,
-4.61585e-005,-6.05936e-005,,,,,,
-3.86053e-005,-7.33501e-005,,,,,,
-2.45060e-005,2.34989e-006,,,,,,
2.34989e-006,6.07614e-005,,,,,,
7.55322e-006,8.50996e-005,,,,,,
4.53193e-006,7.06645e-005,,,,,,
2.16526e-005,6.39506e-005,,,,,,
3.07164e-005,1.39483e-004,,,,,,
1.62814e-005,2.14008e-004,,,,,,
-2.18204e-006,6.59647e-005,,,,,,
3.18914e-006,-1.84298e-004,,,,,,
5.03548e-006,-2.57984e-004,,,,,,
-5.03548e-007,-2.44556e-004,,,,,,
-1.22530e-005,-2.26764e-004,,,,,,
-1.59457e-005,-1.04067e-004,,,,,,
-7.55322e-006,-1.86313e-005,,,,,,
7.21752e-006,-8.89601e-006,,,,,,
1.32601e-005,2.55634e-004,,,,,,
8.89601e-006,5.89319e-004,,,,,,
1.72885e-005,4.46143e-004,,,,,,
4.07874e-005,1.48714e-004,,,,,,
5.95865e-005,1.93027e-005,,,,,,
2.66880e-005,-5.45510e-005,,,,,,
-1.69528e-005,-7.60357e-005,,,,,,
-5.65652e-005,-6.46220e-005,,,,,,
-9.28206e-005,-6.39506e-005,,,,,,
-1.40490e-004,-3.55840e-005,,,,,,
-1.63317e-004,2.60166e-005,,,,,,
-1.64996e-004,5.53903e-005,,,,,,
-1.13298e-004,-3.32342e-005,,,,,,
-6.51255e-005,-1.29412e-004,,,,,,
-3.20592e-005,-1.64324e-004,,,,,,
1.30922e-005,-1.29747e-004,,,,,,
6.14328e-005,-8.97993e-005,,,,,,
1.01213e-004,-1.28740e-004,,,,,,
1.17494e-004,-1.37804e-004,,,,,,
1.10613e-004,-1.15984e-004,,,,,,
1.02892e-004,-1.11955e-004,,,,,,
7.60357e-005,-4.31373e-005,,,,,,
3.96124e-005,3.72625e-005,,,,,,
6.66362e-005,7.10002e-005,,,,,,
1.00542e-004,1.36461e-004,,,,,,
4.98512e-005,1.84466e-004,,,,,,
-1.89670e-005,-1.29244e-005,,,,,,
-2.08133e-005,-2.07462e-004,,,,,,
-4.31373e-005,-1.60967e-004,,,,,,
-1.20516e-004,-1.05913e-004,,,,,,
-1.55261e-004,2.16022e-004,,,,,,
-1.67514e-004,3.45602e-004,,,,,,
-2.19883e-004,2.17365e-004,,,,,,
-1.23705e-004,9.09743e-005,,,,,,
-4.24659e-005,-1.56100e-005,,,,,,
-6.09293e-005,-9.66812e-005,,,,,,
-4.81727e-005,-1.14809e-004,,,,,,
-4.17945e-005,-9.63455e-005,,,,,,
-1.51064e-006,-8.14069e-005,,,,,,
1.01884e-004,-9.97024e-005,,,,,,
1.07256e-004,-8.94636e-005,,,,,,
6.05936e-005,-7.48608e-005,,,,,,
5.13619e-005,-1.23873e-004,,,,,,
9.21492e-005,-1.74395e-004,,,,,,
1.00877e-004,-1.19677e-004,,,,,,
2.70237e-005,-1.25887e-005,,,,,,
-2.03098e-005,2.29953e-005,,,,,,
-1.29244e-005,3.34020e-005,,,,,,
-2.29953e-005,8.27497e-005,,,,,,
-5.20333e-006,1.67681e-004,,,,,,
-4.53193e-006,1.70535e-004,,,,,,
-2.11490e-005,7.20073e-005,,,,,,
-4.24659e-005,3.35698e-006,,,,,,
-4.85084e-005,-4.63264e-005,,,,,,
-7.83856e-005,-8.87923e-005,,,,,,
-6.14328e-005,-9.70169e-005,,,,,,
-1.17494e-006,-9.97024e-005,,,,,,
1.12459e-005,-6.74754e-005,,,,,,
-1.51064e-006,-1.51064e-006,,,,,,
-3.74304e-005,5.58938e-005,,,,,,
-1.29412e-004,1.43511e-004,,,,,,
-1.61303e-004,1.68688e-004,,,,,,
-9.70169e-005,6.12650e-005,,,,,,
-4.01160e-005,-3.32342e-005,,,,,,
-3.81018e-005,-6.00900e-005,,,,,,
-3.64233e-005,-7.73785e-005,,,,,,
6.42863e-005,-9.14778e-005,,,,,,
7.36858e-005,-6.86503e-005,,,,,,
2.40024e-005,-4.81727e-005,,,,,,
2.60166e-005,-4.46479e-005,,,,,,
-1.02388e-005,-4.38087e-005,,,,,,
-1.22530e-005,-6.26078e-005,,,,,,
3.60876e-005,-3.57519e-005,,,,,,
8.57710e-005,5.42153e-005,,,,,,
8.92958e-005,1.17327e-004,,,,,,
3.60876e-005,1.24712e-004,,,,,,
4.80049e-005,6.16007e-005,,,,,,
9.56741e-006,2.51774e-005,,,,,,
-8.20783e-005,3.13878e-005,,,,,,
-1.13970e-004,1.62814e-005,,,,,,
-9.76883e-005,-1.93027e-005,,,,,,
-7.04967e-005,-2.60166e-005,,,,,,
2.40024e-005,-5.01869e-005,,,,,,
1.34279e-004,-8.37568e-005,,,,,,
1.31090e-004,-8.24140e-005,,,,,,
7.68750e-005,-8.02319e-005,,,,,,
-6.21042e-006,-4.64942e-005,,,,,,
-7.23430e-005,6.37827e-005,,,,,,
-1.33608e-004,6.05936e-005,,,,,,
-1.69360e-004,-2.03098e-005,,,,,,
-1.27901e-004,-4.66621e-005,,,,,,
-7.16716e-005,-5.25368e-005,,,,,,
-6.09293e-005,-2.33310e-005,,,,,,
-6.76432e-005,3.81018e-005,,,,,,
-6.26078e-005,1.28069e-004,,,,,,
-2.80308e-005,1.33944e-004,,,,,,
9.73526e-006,8.39246e-005,,,,,,
5.89151e-005,4.01160e-005,,,,,,
6.22721e-005,-3.35698e-007,,,,,,
3.72625e-005,-3.18914e-006,,,,,,
2.93736e-005,-5.03548e-007,,,,,,
2.70237e-005,-2.18204e-005,,,,,,
1.62814e-005,-2.76951e-005,,,,,,
-2.34989e-006,-1.66171e-005,,,,,,
-6.21042e-006,-3.52483e-005,,,,,,
-5.03548e-007,-6.74754e-005,,,,,,
1.35958e-005,-6.63004e-005,,,,,,
2.16526e-005,-3.44091e-005,,,,,,
-8.22461e-006,-1.72885e-005,,,,,,
-3.64233e-005,-7.88891e-006,,,,,,
-5.11940e-005,-2.83665e-005,,,,,,
-4.09552e-005,-4.53193e-005,,,,,,
1.00710e-006,-5.85794e-005,,,,,,
1.64492e-005,-5.16976e-005,,,,,,
1.96384e-005,-5.60616e-005,,,,,,
1.91348e-005,-6.93217e-005,,,,,,
-7.04967e-006,-5.48867e-005,,,,,,
-2.63523e-005,-4.38087e-005,,,,,,
-3.89410e-005,-2.28275e-005,,,,,,
-7.53643e-005,3.77661e-005,,,,,,
-1.04570e-004,1.00206e-004,,,,,,
-9.73526e-005,8.69459e-005,,,,,,
-6.93217e-005,3.69268e-005,,,,,,
-1.51064e-006,9.23171e-006,,,,,,
3.37377e-005,1.67849e-006,,,,,,
3.10521e-005,5.70687e-006,,,,,,
2.29953e-005,1.52743e-005,,,,,,
7.21752e-006,1.42672e-005,,,,,,
-1.22530e-005,4.19623e-006,,,,,,
-3.47448e-005,-6.71397e-006,,,,,,
-4.06195e-005,-1.79599e-005,,,,,,
-3.15557e-005,-1.69528e-005,,,,,,
-2.76951e-005,-1.22530e-005,,,,,,
-2.34989e-006,-4.53193e-006,,,,,,
6.54612e-006,6.54612e-006,,,,,,
-1.15816e-005,2.19883e-005,,,,,,
-2.26596e-005,1.64492e-005,,,,,,
-2.36667e-005,2.06455e-005,,,,,,
-2.43381e-005,4.06195e-005,,,,,,
-1.84634e-005,3.54162e-005,,,,,,
-1.46029e-005,2.06455e-005,,,,,,
-1.29244e-005,2.63523e-005,,,,,,
-9.90310e-006,2.66880e-005,,,,,,
-1.02388e-005,2.41703e-005,,,,,,
-1.25887e-005,1.59457e-005,,,,,,
-1.04067e-005,1.66171e-005,,,,,,
-1.09102e-005,1.42672e-005,,,,,,
-1.51064e-005,5.53903e-006,,,,,,
-2.58488e-005,2.51774e-006,,,,,,
-3.70947e-005,7.04967e-006,,,,,,
-3.81018e-005,8.39246e-007,,,,,,
-3.60876e-005,-5.03548e-006,,,,,,
-3.00450e-005,-1.02388e-005,,,,,,
-1.51064e-006,-1.71206e-005,,,,,,
2.85344e-006,-3.03807e-005,,,,,,
-6.88182e-006,-4.54871e-005,,,,,,
3.86053e-006,-4.48157e-005,,,,,,
1.32601e-005,-4.53193e-005,,,,,,
-7.04967e-006,-4.68299e-005,,,,,,
-2.51774e-005,-3.94446e-005,,,,,,
-1.37636e-005,-2.61845e-005,,,,,,
9.23171e-006,-5.70687e-006,,,,,,
2.09812e-005,-1.42672e-005,,,,,,
-1.84634e-006,-1.49386e-005,,,,,,
-3.35698e-006,-1.19173e-005,,,,,,
2.18204e-006,-7.04967e-006,,,,,,
3.35698e-007,-4.86763e-006,,,,,,
-1.51064e-006,-6.54612e-006,,,,,,
-1.05745e-005,7.21752e-006,,,,,,
-7.88891e-006,3.20592e-005,,,,,,
3.69268e-006,2.06455e-005,,,,,,
1.79599e-005,-8.94636e-005,,,,,,
3.54162e-005,-1.24712e-004,,,,,,
1.99741e-005,-7.53643e-005,,,,,,
2.33310e-005,-8.87923e-005,,,,,,
3.34020e-005,-9.95346e-005,,,,,,
3.72625e-005,-7.30144e-005,,,,,,
4.44800e-005,-7.90570e-005,,,,,,
5.00191e-005,-7.23430e-005,,,,,,
1.33272e-004,-7.41894e-005,,,,,,
1.77417e-004,-4.93477e-005,,,,,,
6.91539e-005,1.32601e-005,,,,,,
3.00450e-005,3.47448e-005,,,,,,
-3.30663e-005,-9.85275e-005,,,,,,
-1.56771e-004,-1.38643e-004,,,,,,
-3.58022e-004,3.04982e-004,,,,,,
-4.85588e-004,4.27512e-004,,,,,,
-3.89746e-004,3.09010e-004,,,,,,
-2.32303e-004,1.66339e-004,,,,,,
-9.33242e-005,5.82437e-005,,,,,,
4.88441e-005,1.67849e-007,,,,,,
1.00038e-004,-6.49577e-005,,,,,,
7.43572e-005,-9.68490e-005,,,,,,
6.93217e-005,-1.27733e-004,,,,,,
9.91989e-005,-1.50225e-004,,,,,,
1.28237e-004,-1.06584e-004,,,,,,
1.67681e-004,-1.24376e-004,,,,,,
1.87488e-004,-2.06455e-005,,,,,,
1.80774e-004,1.60632e-004,,,,,,
1.41497e-004,2.11322e-004,,,,,,
5.20333e-005,1.12963e-004,,,,,,
-2.21225e-004,3.87732e-005,,,,,,
-4.58732e-004,-6.54612e-006,,,,,,
-4.23148e-004,-7.80499e-005,,,,,,
-2.70069e-004,-1.55261e-004,,,,,,
-1.22530e-004,-1.64660e-004,,,,,,
-1.69528e-005,-2.34989e-006,,,,,,
1.00877e-004,8.02319e-005,,,,,,
2.71077e-004,1.24041e-004,,,,,,
3.77157e-004,1.08934e-004,,,,,,
2.23575e-004,-2.83665e-005,,,,,,
-5.25368e-005,-1.74395e-004,,,,,,
-1.83963e-004,-2.73426e-004,,,,,,
-1.86984e-004,-1.85138e-004,,,,,,
-1.08934e-004,-3.59197e-005,,,,,,
-3.18914e-005,-9.68490e-005,,,,,,
-8.00641e-005,-1.35790e-004,,,,,,
3.30663e-005,2.35492e-004,,,,,,
3.12871e-004,5.17144e-004,,,,,,
3.50637e-004,2.81819e-004,,,,,,
1.41497e-004,-3.74304e-005,,,,,,
-3.28984e-005,-1.11116e-004,,,,,,
-7.63714e-005,1.23873e-004,,,,,,
-1.80102e-004,3.55169e-004,,,,,,
-4.28519e-004,2.54627e-004,,,,,,
-5.41650e-004,1.48714e-004,,,,,,
-4.69139e-004,-8.22461e-006,,,,,,
-3.47951e-004,-5.53903e-006,,,,,,
-2.31464e-004,7.26787e-005,,,,,,
-8.56031e-006,-2.58488e-005,,,,,,
1.63653e-004,-1.36294e-004,,,,,,
3.14717e-004,-2.31128e-004,,,,,,
4.00656e-004,-1.64996e-004,,,,,,
3.05486e-004,-6.84825e-005,,,,,,
1.19341e-004,-8.47639e-005,,,,,,
5.48867e-005,-2.06287e-004,,,,,,
2.39521e-004,-1.15480e-004,,,,,,
2.81483e-004,2.11826e-004,,,,,,
2.28779e-004,2.66377e-004,,,,,,
1.29244e-005,-4.69978e-005,,,,,,
-1.98230e-004,-9.95346e-005,,,,,,
-3.51980e-004,-9.97024e-005,,,,,,
-4.90288e-004,-1.25383e-004,,,,,,
-6.06104e-004,-2.23743e-004,,,,,,
-3.62722e-004,-2.79469e-004,,,,,,
-9.41634e-005,-1.37804e-004,,,,,,
8.61067e-005,3.42245e-004,,,,,,
3.39559e-004,4.50675e-004,,,,,,
4.60075e-004,4.95323e-004,,,,,,
3.62387e-004,3.65744e-004,,,,,,
1.67010e-004,1.47204e-004,,,,,,
1.10277e-004,9.23171e-005,,,,,,
6.32792e-005,1.05745e-004,,,,,,
-2.27771e-004,1.94202e-004,,,,,,
-4.81727e-004,1.75235e-004,,,,,,
-2.61677e-004,-2.58488e-005,,,,,,
2.73259e-004,-1.03227e-004,,,,,,
6.62501e-004,-1.12123e-004,,,,,,
7.02113e-004,-1.42840e-004,,,,,,
4.41947e-004,-1.88830e-004,,,,,,
8.34211e-005,-1.39147e-004,,,,,,
-2.17700e-004,-1.23537e-004,,,,,,
-5.75387e-004,-2.47913e-004,,,,,,
-9.00679e-004,-2.24079e-004,,,,,,
-7.29809e-004,-5.65652e-005,,,,,,
-3.97971e-004,2.26596e-005,,,,,,
-1.48882e-004,1.52743e-005,,,,,,
7.87213e-005,-2.65202e-005,,,,,,
1.29076e-004,-9.16457e-005,,,,,,
1.29747e-004,-1.27062e-004,,,,,,
1.44518e-004,-1.40322e-004,,,,,,
7.30144e-005,-2.46738e-005,,,,,,
-1.84634e-005,2.45060e-005,,,,,,
-2.58488e-005,-6.66362e-005,,,,,,
7.26787e-005,-2.43549e-004,,,,,,
1.29244e-004,-1.81781e-004,,,,,,
1.04402e-004,1.99237e-004,,,,,,
8.57710e-005,4.14420e-004,,,,,,
1.45525e-004,2.37003e-004,,,,,,
1.28069e-004,-7.90570e-005,,,,,,
6.54612e-006,-1.41497e-004,,,,,,
4.83406e-005,-6.81468e-005,,,,,,
9.24849e-005,2.40864e-004,,,,,,
4.91798e-005,2.76448e-004,,,,,,
6.46220e-005,2.13001e-004,,,,,,
7.62036e-005,1.80774e-004,,,,,,
1.02556e-004,2.27771e-004,,,,,,
8.57710e-005,2.31128e-004,,,,,,
2.60166e-005,1.32601e-005,,,,,,
2.90379e-005,-1.83459e-004,,,,,,
-5.05226e-005,-2.25254e-004,,,,,,
-1.66674e-004,-2.19043e-004,,,,,,
-1.50225e-004,-1.03395e-004,,,,,,
-1.21859e-004,-6.24399e-005,,,,,,
-4.69978e-005,-1.75067e-004,,,,,,
6.89860e-005,-2.06958e-004,,,,,,
2.66377e-004,-2.80476e-004,,,,,,
2.55634e-004,-2.48585e-004,,,,,,
4.44800e-005,-2.31128e-004,,,,,,
-1.60800e-004,3.07164e-005,,,,,,
-4.11063e-004,3.67086e-004,,,,,,
-6.18189e-004,3.41405e-004,,,,,,
-4.87602e-004,1.93530e-004,,,,,,
-2.01251e-004,1.63317e-004,,,,,,
-1.03563e-004,1.63989e-004,,,,,,
-1.17662e-004,1.45525e-004,,,,,,
-1.72381e-004,1.52071e-004,,,,,,
-1.46532e-004,-1.81277e-005,,,,,,
-7.53643e-005,-2.32135e-004,,,,,,
-1.46029e-005,-3.42580e-004,,,,,,
7.57000e-005,-2.67887e-004,,,,,,
1.34112e-004,-2.11322e-004,,,,,,
1.34783e-004,-1.70871e-004,,,,,,
1.92187e-004,-7.13359e-005,,,,,,
2.15686e-004,7.63714e-005,,,,,,
1.97894e-004,1.52911e-004,,,,,,
2.12329e-004,-4.38087e-005,,,,,,
2.58656e-004,-1.50729e-004,,,,,,
2.39521e-004,-1.19677e-004,,,,,,
1.11955e-004,-1.27398e-004,,,,,,
4.07874e-005,-1.28908e-004,,,,,,
3.86053e-005,-1.11955e-004,,,,,,
-1.28405e-004,-8.67781e-005,,,,,,
-3.00450e-004,8.20783e-005,,,,,,
-1.35958e-004,2.28107e-004,,,,,,
-8.56031e-006,1.65667e-004,,,,,,
1.67849e-007,7.77142e-005,,,,,,
-7.26787e-005,6.88182e-006,,,,,,
-1.33104e-004,-1.06920e-004,,,,,,
-8.32532e-005,-1.00877e-004,,,,,,
1.09102e-005,-3.20592e-005,,,,,,
5.01869e-005,1.67849e-006,,,,,,
4.43122e-005,-2.85344e-006,,,,,,
5.62295e-005,1.51064e-006,,,,,,
5.01869e-005,3.44091e-005,,,,,,
1.20516e-004,9.06386e-006,,,,,,
2.90883e-004,-3.52483e-006,,,,,,
3.20088e-004,-3.74304e-005,,,,,,
2.20554e-004,-7.93927e-005,,,,,,
4.81727e-005,-9.38277e-005,,,,,,
-1.41833e-004,-7.63714e-005,,,,,,
-3.50973e-004,-2.43381e-005,,,,,,
-4.69642e-004,-1.67849e-007,,,,,,
-3.00954e-004,-1.09102e-005,,,,,,
-1.61471e-004,3.52483e-006,,,,,,
-1.95209e-004,3.59197e-005,,,,,,
-1.54757e-004,4.54871e-005,,,,,,
-6.19364e-005,3.55840e-005,,,,,,
-3.18914e-006,3.59197e-005,,,,,,
2.06455e-005,8.89601e-006,,,,,,
3.91089e-005,-3.35698e-006,,,,,,
9.38277e-005,-1.42672e-005,,,,,,
1.15816e-004,-8.39246e-007,,,,,,
5.94186e-005,-4.19623e-006,,,,,,
-5.87472e-006,-1.22530e-005,,,,,,
5.72366e-005,-4.19623e-006,,,,,,
6.66362e-005,-1.71206e-005,,,,,,
-9.90310e-006,-2.19883e-005,,,,,,
-4.17945e-005,5.70687e-006,,,,,,
-6.59647e-005,2.34989e-006,,,,,,
-1.28405e-004,-3.00450e-005,,,,,,
-7.77142e-005,-3.91089e-005,,,,,,
2.18204e-006,-2.56809e-005,,,,,,
2.98772e-005,4.12909e-005,,,,,,
3.70947e-005,1.01884e-004,,,,,,
2.33310e-005,6.88182e-005,,,,,,
-2.29953e-005,1.64492e-005,,,,,,
-6.46220e-005,-1.12459e-005,,,,,,
-1.08766e-004,-3.07164e-005,,,,,,
-1.34447e-004,-3.59197e-005,,,,,,
-7.67071e-005,-8.39246e-006,,,,,,
7.50286e-005,2.51774e-006,,,,,,
9.19814e-005,6.37827e-006,,,,,,
8.91279e-005,6.93217e-005,,,,,,
1.29244e-004,7.50286e-005,,,,,,
1.18502e-004,5.53903e-006,,,,,,
3.62554e-005,-1.40993e-005,,,,,,
-1.62814e-005,-3.13878e-005,,,,,,
-7.04967e-006,-2.97093e-005,,,,,,
4.06195e-005,-5.69009e-005,,,,,,
1.82956e-005,-5.32082e-005,,,,,,
-4.71656e-005,-6.54612e-006,,,,,,
-7.48608e-005,4.69978e-006,,,,,,
-8.67781e-005,3.07164e-005,,,,,,
-9.55062e-005,4.90120e-005,,,,,,
-9.13100e-005,1.22530e-005,,,,,,
-6.93217e-005,-3.50805e-005,,,,,,
-5.42153e-005,-6.52934e-005,,,,,,
-3.12200e-005,-7.26787e-005,,,,,,
-2.63523e-005,-6.19364e-005,,,,,,
-3.13878e-005,-7.72107e-006,,,,,,
-2.43381e-005,2.50095e-005,,,,,,
-2.87022e-005,-5.87472e-006,,,,,,
-1.00710e-004,-1.62814e-005,,,,,,
-8.91279e-005,4.53193e-006,,,,,,
-4.78370e-005,4.54871e-005,,,,,,
-3.72625e-005,4.34730e-005,,,,,,
-3.17235e-005,1.49386e-005,,,,,,
2.51774e-006,2.33310e-005,,,,,,
-1.67849e-007,6.21042e-006,,,,,,
-2.71916e-005,-2.80308e-005,,,,,,
-3.70947e-005,-3.52483e-005,,,,,,
-1.29244e-005,-3.18914e-005,,,,,,
1.69528e-005,1.62814e-005,,,,,,
1.12459e-005,5.42153e-005,,,,,,
5.03548e-006,5.25368e-005,,,,,,
-3.18914e-006,3.79339e-005,,,,,,
-1.66171e-005,-2.03098e-005,,,,,,
8.39246e-007,-3.13878e-005,,,,,,
2.38346e-005,-5.53903e-006,,,,,,
2.48417e-005,1.59457e-005,,,,,,
3.65911e-005,1.19173e-005,,,,,,
5.11940e-005,-6.68040e-005,,,,,,
4.75013e-005,-7.46929e-005,,,,,,
2.71916e-005,-2.97093e-005,,,,,,
-4.19623e-006,2.83665e-005,,,,,,
-3.97803e-005,1.16320e-004,,,,,,
-5.08583e-005,1.02220e-004,,,,,,
-5.45510e-005,-9.90310e-006,,,,,,
-4.07874e-005,-4.78370e-005,,,,,,
-4.04517e-005,-2.58488e-005,,,,,,
-4.53193e-005,4.06195e-005,,,,,,
-5.48867e-005,4.34730e-005,,,,,,
-7.62036e-005,5.53903e-006,,,,,,
-8.22461e-005,4.26337e-005,,,,,,
-7.06645e-005,2.85344e-005,,,,,,
-4.81727e-005,-1.02388e-005,,,,,,
-1.51064e-005,-3.91089e-005,,,,,,
3.86053e-006,-7.68750e-005,,,,,,
8.56031e-006,-8.66102e-005,,,,,,
-3.18914e-006,-5.89151e-005,,,,,,
-9.73526e-006,-3.39055e-005,,,,,,
-6.88182e-006,4.71656e-005,,,,,,
1.39315e-005,1.45190e-004,,,,,,
1.15816e-005,1.47372e-004,,,,,,
-5.53903e-006,3.23949e-005,,,,,,
4.53193e-006,-2.33310e-005,,,,,,
2.13169e-005,-5.03548e-006,,,,,,
6.71397e-007,1.52743e-005,,,,,,
-1.66171e-005,3.47448e-005,,,,,,
-1.35958e-005,5.92508e-005,,,,,,
-1.39315e-005,4.16266e-005,,,,,,
3.52483e-006,-5.79080e-005,,,,,,
2.87022e-005,-6.76432e-005,,,,,,
4.38087e-005,5.87472e-005,,,,,,
1.52743e-005,1.26390e-004,,,,,,
-4.16266e-005,7.48608e-005,,,,,,
-8.97993e-005,-2.04776e-005,,,,,,
-8.94636e-005,-7.33501e-005,,,,,,
-5.99222e-005,-9.11421e-005,,,,,,
-2.23239e-005,-1.00710e-004,,,,,,
7.88891e-006,-7.36858e-005,,,,,,
-7.21752e-006,-5.82437e-005,,,,,,
-1.04067e-005,2.04776e-005,,,,,,
9.73526e-006,1.12291e-004,,,,,,
1.93027e-005,2.05280e-004,,,,,,
1.57778e-005,5.33761e-005,,,,,,
3.18914e-006,-1.89670e-005,,,,,,
-9.56741e-006,7.57000e-005,,,,,,
-1.71206e-005,9.38277e-005,,,,,,
1.00710e-006,6.64683e-005,,,,,,
5.33761e-005,-2.58488e-005,,,,,,
8.74495e-005,-1.29244e-004,,,,,,
6.09293e-005,-1.46532e-004,,,,,,
1.84634e-006,-9.56741e-005,,,,,,
-1.84634e-005,-9.19814e-005,,,,,,
-1.44350e-005,-9.41634e-005,,,,,,
-1.62814e-005,-5.27047e-005,,,,,,
-1.17494e-005,1.99741e-005,,,,,,
-2.43381e-005,2.18204e-006,,,,,,
-6.59647e-005,2.26596e-005,,,,,,
-8.15747e-005,-1.07759e-004,,,,,,
-5.85794e-005,-2.24582e-004,,,,,,
-3.52483e-005,1.46029e-004,,,,,,
-3.91089e-005,2.67720e-004,,,,,,
-3.94446e-005,1.21187e-004,,,,,,
-3.64233e-005,4.76692e-005,,,,,,
-3.18914e-005,5.57259e-005,,,,,,
-2.46738e-005,4.24659e-005,,,,,,
-3.50805e-005,-5.01869e-005,,,,,,
-4.04517e-005,-6.69719e-005,,,,,,
-2.83665e-005,-6.42863e-005,,,,,,
-2.53452e-005,-1.31426e-004,,,,,,
-2.29953e-005,-1.15480e-004,,,,,,
-2.85344e-006,-6.37827e-006,,,,,,
-1.17494e-006,4.53193e-006,,,,,,
-1.09102e-005,-7.50286e-005,,,,,,
2.13169e-005,-1.84466e-004,,,,,,
5.87472e-005,-2.33143e-004,,,,,,
6.56291e-005,-1.37133e-004,,,,,,
1.86313e-005,-1.75067e-004,,,,,,
1.67849e-006,2.13169e-005,,,,,,
-8.22461e-006,3.72793e-004,,,,,,
-4.12909e-005,4.65782e-004,,,,,,
-6.12650e-005,3.66079e-004,,,,,,
-6.73075e-005,1.70367e-004,,,,,,
-4.75013e-005,1.28405e-004,,,,,,
-3.57519e-005,6.56291e-005,,,,,,
-4.26337e-005,-8.87923e-005,,,,,,
-6.46220e-005,-1.63989e-004,,,,,,
-2.90379e-005,-2.34150e-004,,,,,,
4.24659e-005,-2.71580e-004,,,,,,
1.09102e-004,-6.07614e-005,,,,,,
1.11284e-004,2.61845e-005,,,,,,
3.28984e-005,-1.23033e-004,,,,,,
-3.74304e-005,-2.15351e-004,,,,,,
-3.13878e-005,-2.43046e-004,,,,,,
1.46029e-005,-2.02930e-004,,,,,,
1.37636e-005,-1.11620e-004,,,,,,
-1.99741e-005,-4.61585e-005,,,,,,
-5.58938e-005,3.17235e-005,,,,,,
-8.35889e-005,1.00542e-004,,,,,,
-1.03227e-004,1.30083e-004,,,,,,
-1.20516e-004,-1.12459e-005,,,,,,
-1.27901e-004,-7.06645e-005,,,,,,
-1.19677e-004,-7.80499e-005,,,,,,
-8.00641e-005,-7.16716e-005,,,,,,
-3.37377e-005,-6.47898e-005,,,,,,
-4.91798e-005,-3.70947e-005,,,,,,
-4.54871e-005,4.14755e-004,,,,,,
2.51774e-006,6.29938e-004,,,,,,
2.93736e-005,4.02670e-004,,,,,,
4.16266e-005,2.38682e-004,,,,,,
7.72107e-006,1.06416e-004,,,,,,
-1.35958e-005,-5.11940e-005,,,,,,
3.60876e-005,-1.17662e-004,,,,,,
1.43511e-004,-1.36629e-004,,,,,,
2.07965e-004,-1.63989e-004,,,,,,
1.72885e-004,-1.29076e-004,,,,,,
1.14641e-004,-1.10277e-004,,,,,,
7.30144e-005,-1.16320e-004,,,,,,
3.07164e-005,-7.98962e-005,,,,,,
-1.49386e-005,-4.31373e-005,,,,,,
-7.73785e-005,-3.44091e-005,,,,,,
-1.18166e-004,-2.97093e-005,,,,,,
-9.70169e-005,-5.38796e-005,,,,,,
-6.76432e-005,-5.65652e-005,,,,,,
-4.21302e-005,-1.67849e-006,,,,,,
-2.24918e-005,2.53452e-005,,,,,,
-4.17945e-005,3.52483e-006,,,,,,
-7.73785e-005,3.97803e-005,,,,,,
-5.92508e-005,6.16007e-005,,,,,,
-2.51774e-005,3.40734e-005,,,,,,
-3.18914e-006,2.87022e-005,,,,,,
1.67849e-007,1.17494e-006,,,,,,
-3.03807e-005,-4.88441e-005,,,,,,
-3.92767e-005,-4.64942e-005,,,,,,
3.86053e-006,-5.25368e-005,,,,,,
4.26337e-005,-5.89151e-005,,,,,,
3.67590e-005,-1.62814e-005,,,,,,
-7.72107e-006,9.09743e-005,,,,,,
-3.27306e-005,1.43511e-004,,,,,,
-6.22721e-005,1.13970e-004,,,,,,
-1.06920e-004,4.68299e-005,,,,,,
-1.14977e-004,-5.53903e-006,,,,,,
-6.21042e-005,-6.12650e-005,,,,,,
4.38087e-005,-1.12291e-004,,,,,,
1.28573e-004,-1.28069e-004,,,,,,
1.12123e-004,-1.38811e-004,,,,,,
9.46670e-005,-1.25887e-004,,,,,,
6.49577e-005,-4.26337e-005,,,,,,
-5.70687e-006,4.12909e-005,,,,,,
-4.66621e-005,3.44091e-005,,,,,,
-2.18204e-006,1.35958e-005,,,,,,
6.54612e-006,6.96574e-005,,,,,,
-3.10521e-005,1.26055e-004,,,,,,
-6.44541e-005,1.39147e-004,,,,,,
-9.71847e-005,9.71847e-005,,,,,,
-1.19005e-004,3.18914e-005,,,,,,
-1.18334e-004,-2.73594e-005,,,,,,
-6.42863e-005,-8.47639e-005,,,,,,
-2.29953e-005,-6.99931e-005,,,,,,
-2.70237e-005,-2.83665e-005,,,,,,
-6.16007e-005,-9.23171e-006,,,,,,
-1.04906e-004,2.01419e-006,,,,,,
-6.26078e-005,-5.79080e-005,,,,,,
-7.88891e-006,-8.44282e-005,,,,,,
-1.32601e-005,-2.66880e-005,,,,,,
-3.84375e-005,5.28725e-005,,,,,,
-2.90379e-005,5.62295e-005,,,,,,
2.03098e-005,3.86053e-006,,,,,,
1.46029e-005,6.54612e-006,,,,,,
3.86053e-006,-1.46029e-005,,,,,,
-3.39055e-005,-3.07164e-005,,,,,,
-5.74044e-005,3.62554e-005,,,,,,
-3.97803e-005,1.14977e-004,,,,,,
1.37636e-005,1.12123e-004,,,,,,
3.07164e-005,4.29694e-005,,,,,,
5.32082e-005,-2.71916e-005,,,,,,
8.47639e-005,-5.11940e-005,,,,,,
4.51514e-005,-1.67849e-007,,,,,,
-2.40024e-005,6.96574e-005,,,,,,
-7.46929e-005,3.23949e-005,,,,,,
-1.05074e-004,-1.35958e-005,,,,,,
-5.95865e-005,-5.84115e-005,,,,,,
-3.69268e-006,-7.03288e-005,,,,,,
4.86763e-006,-6.56291e-005,,,,,,
2.40024e-005,-1.00206e-004,,,,,,
1.91348e-005,-7.83856e-005,,,,,,
8.22461e-006,-3.37377e-005,,,,,,
2.03098e-005,-8.56031e-006,,,,,,
-1.51064e-006,3.03807e-005,,,,,,
-4.68299e-005,6.86503e-005,,,,,,
-7.30144e-005,5.62295e-005,,,,,,
-5.95865e-005,4.53193e-006,,,,,,
1.79599e-005,-6.99931e-005,,,,,,
8.97993e-005,-1.46532e-004,,,,,,
1.02556e-004,-1.59960e-004,,,,,,
1.33440e-004,-1.20348e-004,,,,,,
1.35119e-004,-1.17494e-006,,,,,,
3.07164e-005,1.62814e-004,,,,,,
-8.97993e-005,2.03098e-004,,,,,,
-1.21691e-004,1.22026e-004,,,,,,
-1.28405e-004,4.66621e-005,,,,,,
-1.33944e-004,-1.94705e-005,,,,,,
-9.65133e-005,-3.65911e-005,,,,,,
-3.62554e-005,-3.60876e-005,,,,,,
-3.28984e-005,-1.62814e-005,,,,,,
-7.93927e-005,4.07874e-005,,,,,,
-5.38796e-005,6.69719e-005,,,,,,
9.90310e-006,1.86313e-005,,,,,,
5.87472e-006,-7.72107e-006,,,,,,
4.86763e-006,-1.02388e-005,,,,,,
4.86763e-006,-2.65202e-005,,,,,,
-3.18914e-006,-4.38087e-005,,,,,,
2.33310e-005,-7.63714e-005,,,,,,
4.90120e-005,-1.28908e-004,,,,,,
5.22011e-005,-1.48211e-004,,,,,,
5.43832e-005,-1.34447e-004,,,,,,
5.79080e-005,-9.19814e-005,,,,,,
3.74304e-005,1.05745e-005,,,,,,
-4.11231e-005,1.37636e-004,,,,,,
-7.31823e-005,1.58785e-004,,,,,,
-7.36858e-005,8.57710e-005,,,,,,
-7.16716e-005,4.58228e-005,,,,,,
-5.00191e-005,2.70237e-005,,,,,,
-2.87022e-005,-6.71397e-007,,,,,,
-2.09812e-005,-2.68559e-006,,,,,,
-3.52483e-006,-1.29244e-005,,,,,,
1.37636e-005,-2.40024e-005,,,,,,
-1.20851e-005,-2.60166e-005,,,,,,
-4.33051e-005,-2.87022e-005,,,,,,
-6.93217e-005,-3.37377e-005,,,,,,
-8.35889e-005,-4.44800e-005,,,,,,
-8.76173e-005,-6.27756e-005,,,,,,
-4.39765e-005,-7.90570e-005,,,,,,
5.42153e-005,-1.01549e-004,,,,,,
1.12291e-004,-1.06584e-004,,,,,,
9.24849e-005,-8.54353e-005,,,,,,
4.86763e-005,-6.49577e-005,,,,,,
-1.51064e-005,-1.24208e-005,,,,,,
-6.32792e-005,3.64233e-005,,,,,,
-4.12909e-005,2.46738e-005,,,,,,
-4.19623e-006,3.35698e-007,,,,,,
-3.86053e-006,-5.03548e-006,,,,,,
-2.29953e-005,-6.88182e-006,,,,,,
-2.23239e-005,-1.30922e-005,,,,,,
-7.88891e-006,-1.35958e-005,,,,,,
-2.76951e-005,-1.02388e-005,,,,,,
-4.17945e-005,-1.12459e-005,,,,,,
-4.17945e-005,-7.88891e-006,,,,,,
-3.77661e-005,-1.10781e-005,,,,,,
-1.82956e-005,-5.87472e-006,,,,,,
-8.22461e-006,-2.01419e-006,,,,,,
-3.34020e-005,-8.05676e-006,,,,,,
-5.74044e-005,-1.19173e-005,,,,,,
-3.91089e-005,-8.56031e-006,,,,,,
-1.89670e-005,-1.67849e-007,,,,,,
1.82956e-005,-1.46029e-005,,,,,,
4.51514e-005,-2.56809e-005,,,,,,
5.20333e-005,-1.91348e-005,,,,,,
3.81018e-005,-6.54612e-006,,,,,,
1.77920e-005,-3.18914e-006,,,,,,
1.39315e-005,-6.04257e-006,,,,,,
2.51774e-006,-4.53193e-006,,,,,,
-9.73526e-006,2.68559e-006,,,,,,
-6.88182e-006,-5.53903e-006,,,,,,
-1.29244e-005,-2.23239e-005,,,,,,
-4.04517e-005,-1.02388e-005,,,,,,
-3.32342e-005,-6.21042e-006,,,,,,
-1.99741e-005,-1.35958e-005,,,,,,
-4.21302e-005,-9.23171e-006,,,,,,
-5.58938e-005,-6.71397e-007,,,,,,
-4.06195e-005,-5.03548e-007,,,,,,
-1.22530e-005,2.51774e-006,,,,,,
1.17494e-006,6.37827e-006,,,,,,
7.88891e-006,6.54612e-006,,,,,,
5.87472e-006,1.64492e-005,,,,,,
-1.67849e-007,4.53193e-006,,,,,,
-3.52483e-006,-1.00710e-006,,,,,,
-9.56741e-006,6.88182e-006,,,,,,
-1.10781e-005,7.88891e-006,,,,,,
-2.13169e-005,3.18914e-006,,,,,,
-4.04517e-005,-6.88182e-006,,,,,,
-5.38796e-005,-7.21752e-006,,,,,,
-5.45510e-005,-5.87472e-006,,,,,,
-5.20333e-005,-5.70687e-006,,,,,,
-3.10521e-005,-1.52743e-005,,,,,,
1.12459e-005,-2.36667e-005,,,,,,
5.52224e-005,-5.87472e-006,,,,,,
4.64942e-005,2.33310e-005,,,,,,
1.89670e-005,1.69528e-005,,,,,,
1.86313e-005,1.10781e-005,,,,,,
1.52743e-005,1.52743e-005,,,,,,
-2.48417e-005,2.33310e-005,,,,,,
-8.81209e-005,2.90379e-005,,,,,,
-9.75204e-005,3.57519e-005,,,,,,
-5.80758e-005,3.87732e-005,,,,,,
-8.39246e-007,3.91089e-005,,,,,,
7.26787e-005,3.79339e-005,,,,,,
2.28611e-004,3.47448e-005,,,,,,
3.06661e-004,3.10521e-005,,,,,,
2.72419e-004,3.13878e-005,,,,,,
1.97894e-004,3.18914e-005,,,,,,
7.55322e-006,1.82956e-005,,,,,,
-2.17700e-004,4.36408e-006,,,,,,
-4.28687e-004,-1.67849e-006,,,,,,
-5.52056e-004,-1.51064e-006,,,,,,
-3.99481e-004,8.64424e-005,,,,,,
-2.07965e-004,1.08934e-004,,,,,,
-1.07591e-004,7.60357e-005,,,,,,
-2.31632e-005,3.34020e-005,,,,,,
7.83856e-005,1.59457e-005,,,,,,
1.45357e-004,3.00450e-005,,,,,,
1.36461e-004,2.06455e-005,,,,,,
6.39506e-005,1.08766e-004,,,,,,
-1.22530e-005,2.09308e-004,,,,,,
-5.79080e-005,1.80774e-004,,,,,,
-3.55840e-005,6.96574e-005,,,,,,
3.64233e-005,-1.26390e-004,,,,,,
7.50286e-005,-4.76692e-005,,,,,,
1.69696e-004,1.07927e-004,,,,,,
2.70573e-004,-7.43572e-005,,,,,,
2.13840e-004,-1.12963e-004,,,,,,
1.37636e-005,-1.08263e-004,,,,,,
-1.95377e-004,-1.82116e-004,,,,,,
-3.19081e-004,-1.47204e-004,,,,,,
-2.59663e-004,-2.90379e-005,,,,,,
-1.15984e-004,8.03998e-005,,,,,,
-4.21302e-005,-1.17494e-006,,,,,,
8.89601e-006,1.84634e-005,,,,,,
1.22026e-004,4.38926e-004,,,,,,
2.21057e-004,6.10803e-004,,,,,,
9.88632e-005,3.37377e-004,,,,,,
-1.54589e-004,8.14069e-005,,,,,,
-2.69062e-004,-1.24544e-004,,,,,,
-1.78424e-004,-2.45228e-004,,,,,,
-9.43313e-005,-9.95346e-005,,,,,,
-6.26078e-005,-2.18204e-006,,,,,,
-4.24659e-005,5.11940e-005,,,,,,
2.11490e-005,-7.48608e-005,,,,,,
1.61135e-004,-1.56939e-004,,,,,,
3.73465e-004,-1.31258e-004,,,,,,
3.81689e-004,-1.21691e-004,,,,,,
2.67720e-004,-9.46670e-005,,,,,,
2.45563e-004,1.91348e-005,,,,,,
2.58152e-004,5.28725e-005,,,,,,
2.26596e-005,-3.18914e-006,,,,,,
-3.33852e-004,-6.36149e-005,,,,,,
-4.38590e-004,1.24712e-004,,,,,,
-3.62722e-004,2.97932e-004,,,,,,
-1.60296e-004,1.76074e-004,,,,,,
-1.56100e-005,-4.14588e-005,,,,,,
-4.11231e-005,-9.34920e-005,,,,,,
-1.57610e-004,-1.14977e-004,,,,,,
-3.70779e-004,-7.93927e-005,,,,,,
-5.61791e-004,-2.43381e-005,,,,,,
-4.84581e-004,1.97894e-004,,,,,,
-2.64698e-004,2.29114e-004,,,,,,
-1.90173e-004,8.91279e-005,,,,,,
-8.89601e-005,5.75723e-005,,,,,,
1.35454e-004,-1.00877e-004,,,,,,
2.40528e-004,-2.07126e-004,,,,,,
1.89502e-004,-9.28206e-005,,,,,,
4.78370e-005,-2.67384e-004,,,,,,
-1.51064e-006,-3.50301e-004,,,,,,
-2.71916e-005,-1.48547e-004,,,,,,
-1.08934e-004,2.98772e-005,,,,,,
-9.95346e-005,1.31258e-004,,,,,,
-7.88891e-005,2.62181e-004,,,,,,
3.72625e-005,1.92859e-004,,,,,,
2.19211e-004,-2.23239e-005,,,,,,
3.29992e-004,1.31090e-004,,,,,,
3.64736e-004,1.24712e-004,,,,,,
2.57984e-004,-1.43847e-004,,,,,,
1.01717e-004,-3.64065e-004,,,,,,
-6.36149e-005,-3.53490e-004,,,,,,
-5.62295e-005,-5.08583e-005,,,,,,
1.44518e-004,1.95880e-004,,,,,,
3.53658e-004,1.74060e-004,,,,,,
5.44335e-004,1.00206e-004,,,,,,
6.09796e-004,4.91798e-005,,,,,,
5.27550e-004,-2.80308e-005,,,,,,
3.16060e-004,-7.50286e-005,,,,,,
-1.98230e-004,-7.33501e-005,,,,,,
-7.24941e-004,-5.27047e-005,,,,,,
-5.99390e-004,-2.71748e-004,,,,,,
-2.65370e-004,-4.30869e-004,,,,,,
-2.00580e-004,-3.38552e-004,,,,,,
-4.80049e-005,-1.10948e-004,,,,,,
1.70703e-004,2.27771e-004,,,,,,
1.28405e-004,3.56847e-004,,,,,,
9.23171e-006,3.21431e-004,,,,,,
-9.18135e-005,1.30755e-004,,,,,,
-1.98230e-004,5.20333e-005,,,,,,
-3.82528e-004,2.11490e-005,,,,,,
-3.39223e-004,3.03807e-005,,,,,,
-2.51270e-004,8.44282e-005,,,,,,
-2.48417e-004,6.34470e-005,,,,,,
-1.67514e-004,-8.89601e-006,,,,,,
-2.63523e-005,-1.31426e-004,,,,,,
1.26390e-004,-1.88495e-004,,,,,,
1.33944e-004,-9.75204e-005,,,,,,
1.37636e-005,-1.24544e-004,,,,,,
2.50095e-005,-1.09941e-004,,,,,,
8.32532e-005,5.38796e-005,,,,,,
6.32792e-005,7.41894e-005,,,,,,
6.09293e-005,1.58618e-004,,,,,,
8.03998e-005,1.14305e-004,,,,,,
1.22026e-004,8.14069e-005,,,,,,
2.00916e-004,1.44854e-004,,,,,,
2.20386e-004,4.26337e-005,,,,,,
1.70031e-004,-1.88327e-004,,,,,,
1.05913e-004,-3.73129e-004,,,,,,
-3.20592e-005,-7.21752e-005,,,,,,
-2.04105e-004,5.89151e-005,,,,,,
-2.66377e-004,-1.05577e-004,,,,,,
-2.57313e-004,2.40024e-005,,,,,,
-2.53788e-004,1.72381e-004,,,,,,
-2.17029e-004,-6.36149e-005,,,,,,
-9.55062e-005,-1.95209e-004,,,,,,
3.86053e-005,-1.13298e-004,,,,,,
1.95041e-004,-1.28740e-004,,,,,,
3.34188e-004,-9.50027e-005,,,,,,
2.63691e-004,-3.69268e-006,,,,,,
4.68299e-005,-1.59289e-004,,,,,,
-1.23369e-004,-3.28984e-005,,,,,,
-2.27100e-004,2.69734e-004,,,,,,
-2.39857e-004,3.62219e-004,,,,,,
-8.96315e-005,4.43290e-004,,,,,,
2.05280e-004,3.25460e-004,,,,,,
2.45396e-004,5.01869e-005,,,,,,
2.08301e-004,2.60166e-005,,,,,,
8.50996e-005,2.23239e-005,,,,,,
-2.80308e-005,-1.33104e-004,,,,,,
-6.17685e-005,-3.59869e-004,,,,,,
4.28016e-005,-2.85344e-004,,,,,,
1.57275e-004,-1.25887e-004,,,,,,
5.25368e-005,3.20592e-005,,,,,,
-2.11994e-004,-5.82437e-005,,,,,,
-3.55001e-004,-1.19844e-004,,,,,,
-2.68391e-004,-9.01350e-005,,,,,,
-2.34150e-004,-9.80240e-005,,,,,,
-3.09682e-004,-9.55062e-005,,,,,,
-2.75105e-004,-7.62036e-005,,,,,,
-1.23705e-004,-6.16007e-005,,,,,,
-1.37469e-004,-6.52934e-005,,,,,,
-2.74098e-004,-9.33242e-005,,,,,,
-1.73556e-004,-8.20783e-005,,,,,,
4.28016e-005,-6.09293e-005,,,,,,
2.79133e-004,-7.55322e-005,,,,,,
3.68933e-004,-8.40925e-005,,,,,,
2.78462e-004,-7.33501e-005,,,,,,
1.17998e-004,-6.16007e-005,,,,,,
-4.34730e-005,-5.79080e-005,,,,,,
-1.25216e-004,3.47448e-005,,,,,,
-1.33272e-004,8.15747e-005,,,,,,
-2.51774e-005,-1.84634e-006,,,,,,
1.82452e-004,-3.59197e-005,,,,,,
3.17739e-004,7.80499e-005,,,,,,
3.02296e-004,1.44183e-004,,,,,,
2.08301e-004,5.69009e-005,,,,,,
9.98703e-005,-6.21042e-006,,,,,,
-2.76951e-005,-3.52483e-006,,,,,,
-6.96574e-005,1.74563e-005,,,,,,
-1.60967e-004,1.17494e-006,,,,,,
-2.95079e-004,-2.97093e-005,,,,,,
-2.79133e-004,-2.70237e-005,,,,,,
-2.05615e-004,5.87472e-006,,,,,,
-6.93217e-005,1.39315e-005,,,,,,
2.56809e-005,6.54612e-006,,,,,,
9.76883e-005,1.96384e-005,,,,,,
1.45525e-004,3.03807e-005,,,,,,
1.02556e-004,2.85344e-005,,,,,,
-6.88182e-006,2.19883e-005,,,,,,
-5.65652e-005,9.90310e-006,,,,,,
-2.29953e-005,7.04967e-006,,,,,,
3.17235e-005,1.35958e-005,,,,,,
1.19173e-004,1.39315e-005,,,,,,
2.60334e-004,-1.96384e-005,,,,,,
2.42039e-004,-4.53193e-005,,,,,,
1.98901e-004,-5.01869e-005,,,,,,
1.42840e-004,-3.23949e-005,,,,,,
-5.45510e-005,5.53903e-006,,,,,,
-2.40528e-004,3.55840e-005,,,,,,
-3.57351e-004,7.57000e-005,,,,,,
-4.93980e-004,7.87213e-005,,,,,,
-4.87098e-004,4.38087e-005,,,,,,
-3.61715e-004,5.15297e-005,,,,,,
-2.51270e-004,3.34020e-005,,,,,,
-1.09606e-004,-4.91798e-005,,,,,,
7.35180e-005,-5.79080e-005,,,,,,
1.93698e-004,-4.31373e-005,,,,,,
2.11658e-004,-3.30663e-005,,,,,,
2.12497e-004,-7.38537e-006,,,,,,
1.52239e-004,4.75013e-005,,,,,,
1.11284e-004,8.27497e-005,,,,,,
1.48882e-004,6.74754e-005,,,,,,
7.03288e-005,3.54162e-005,,,,,,
-5.53903e-005,1.19173e-005,,,,,,
-1.08934e-004,-1.24208e-005,,,,,,
-8.47639e-005,7.04967e-006,,,,,,
-9.81918e-005,2.48417e-005,,,,,,
-5.18654e-005,1.99741e-005,,,,,,
3.54162e-005,-6.88182e-006,,,,,,
4.44800e-005,-2.98772e-005,,,,,,
9.56741e-006,-3.64233e-005,,,,,,
5.53903e-006,3.18914e-006,,,,,,
2.23239e-005,1.51064e-006,,,,,,
1.84634e-006,-3.18914e-005,,,,,,
-2.24918e-005,-5.03548e-005,,,,,,
-4.68299e-005,-5.05226e-005,,,,,,
-9.01350e-005,-3.77661e-005,,,,,,
-5.72366e-005,-1.46029e-005,,,,,,
-1.35958e-005,3.87732e-005,,,,,,
1.79599e-005,2.83665e-005,,,,,,
8.97993e-005,2.63523e-005,,,,,,
1.06920e-004,1.59457e-005,,,,,,
6.37827e-006,-2.09812e-005,,,,,,
-5.75723e-005,-3.67590e-005,,,,,,
-8.64424e-005,-4.34730e-005,,,,,,
-1.11452e-004,-5.52224e-005,,,,,,
-1.00877e-004,-5.18654e-005,,,,,,
-3.03807e-005,-3.81018e-005,,,,,,
-9.56741e-006,-1.99741e-005,,,,,,
-2.56809e-005,1.56100e-005,,,,,,
9.95346e-005,3.60876e-005,,,,,,
1.65499e-004,5.20333e-006,,,,,,
6.88182e-005,-3.35698e-007,,,,,,
-1.76242e-005,5.70687e-006,,,,,,
-6.34470e-005,3.03807e-005,,,,,,
-6.32792e-005,2.51774e-005,,,,,,
-4.51514e-005,1.91348e-005,,,,,,
-5.58938e-005,3.99481e-005,,,,,,
-5.55581e-005,1.32601e-005,,,,,,
-4.48157e-005,8.39246e-006,,,,,,
-4.39765e-005,4.53193e-006,,,,,,
-3.87732e-005,-3.37377e-005,,,,,,
-3.50805e-005,-2.92058e-005,,,,,,
-3.77661e-005,1.54421e-005,,,,,,
-4.06195e-005,4.11231e-005,,,,,,
-4.68299e-005,8.03998e-005,,,,,,
-3.37377e-005,6.79789e-005,,,,,,
-2.06455e-005,1.17494e-005,,,,,,
-1.76242e-005,-6.37827e-006,,,,,,
-1.79599e-005,1.67849e-006,,,,,,
4.19623e-006,2.71916e-005,,,,,,
7.21752e-006,-3.18914e-006,,,,,,
-2.29953e-005,-4.48157e-005,,,,,,
-4.88441e-005,-3.72625e-005,,,,,,
-5.15297e-005,-3.74304e-005,,,,,,
-3.00450e-005,-2.66880e-005,,,,,,
1.00710e-005,4.61585e-005,,,,,,
3.99481e-005,8.22461e-005,,,,,,
5.94186e-005,8.05676e-006,,,,,,
4.68299e-005,-2.90379e-005,,,,,,
8.39246e-007,-1.62814e-005,,,,,,
-3.34020e-005,-1.49386e-005,,,,,,
-3.27306e-005,-1.72885e-005,,,,,,
-2.90379e-005,-8.22461e-006,,,,,,
-4.31373e-005,2.50095e-005,,,,,,
-5.63973e-005,3.17235e-005,,,,,,
-4.33051e-005,7.04967e-006,,,,,,
-3.44091e-005,5.03548e-007,,,,,,
-1.04067e-005,2.85344e-005,,,,,,
1.09102e-005,6.21042e-006,,,,,,
2.51774e-006,-1.08263e-004,,,,,,
-1.72885e-005,-1.07759e-004,,,,,,
-4.31373e-005,-9.90311e-005,,,,,,
-6.74754e-005,-1.03731e-004,,,,,,
-5.42153e-005,-3.20592e-005,,,,,,
-1.72885e-005,6.86503e-005,,,,,,
-1.67849e-007,1.00206e-004,,,,,,
1.42672e-005,2.92058e-005,,,,,,
2.33310e-005,-2.58488e-005,,,,,,
-1.79599e-005,4.69978e-006,,,,,,
-7.68750e-005,1.40826e-004,,,,,,
-9.18135e-005,2.85344e-006,,,,,,
-8.92958e-005,-4.61585e-005,,,,,,
-7.90570e-005,-6.57969e-005,,,,,,
-4.31373e-005,-7.03288e-005,,,,,,
-1.71206e-005,5.27047e-005,,,,,,
-1.52743e-005,1.79095e-004,,,,,,
1.77920e-005,1.81613e-004,,,,,,
4.71656e-005,5.45510e-005,,,,,,
3.23949e-005,2.16693e-004,,,,,,
3.00450e-005,1.73556e-004,,,,,,
6.17685e-005,-1.52743e-005,,,,,,
1.04402e-004,1.69528e-005,,,,,,
1.04234e-004,5.97543e-005,,,,,,
7.40215e-005,3.60876e-005,,,,,,
6.37827e-005,-3.52483e-006,,,,,,
5.23690e-005,-2.23239e-005,,,,,,
2.33310e-005,-2.79805e-004,,,,,,
-8.39246e-007,-3.49966e-004,,,,,,
-2.36667e-005,-1.60800e-004,,,,,,
-8.84566e-005,-3.45769e-005,,,,,,
-1.26726e-004,2.45060e-005,,,,,,
-1.28740e-004,2.18204e-005,,,,,,
-1.02052e-004,1.39315e-005,,,,,,
-5.48867e-005,-2.29953e-005,,,,,,
-3.17235e-005,-8.49317e-005,,,,,,
-1.91348e-005,-1.07591e-004,,,,,,
-1.89670e-005,-9.51705e-005,,,,,,
-3.57519e-005,-3.27306e-005,,,,,,
-1.62814e-005,6.68040e-005,,,,,,
3.03807e-005,1.31090e-004,,,,,,
6.12650e-005,1.09102e-004,,,,,,
5.35439e-005,3.94446e-005,,,,,,
2.80308e-005,-3.59197e-005,,,,,,
4.54871e-005,-9.24849e-005,,,,,,
2.85344e-005,-1.14977e-004,,,,,,
-3.52483e-006,-7.03288e-005,,,,,,
-1.59457e-005,-3.44091e-005,,,,,,
1.19173e-005,3.17235e-005,,,,,,
3.17235e-005,2.03601e-004,,,,,,
1.09102e-005,3.54665e-004,,,,,,
-1.52743e-005,3.18074e-004,,,,,,
-3.52483e-005,2.22065e-004,,,,,,
-4.75013e-005,-6.86503e-005,,,,,,
-7.38537e-005,-2.94575e-004,,,,,,
-9.75204e-005,-4.29023e-004,,,,,,
-1.12963e-004,-2.73426e-004,,,,,,
-9.70169e-005,1.73892e-004,,,,,,
-6.44541e-005,2.40864e-004,,,,,,
-5.38796e-005,9.95346e-005,,,,,,
-3.57519e-005,-1.69528e-005,,,,,,
-1.12459e-005,-5.82437e-005,,,,,,
-2.09812e-005,-3.10521e-005,,,,,,
-3.40734e-005,-7.68750e-005,,,,,,
-2.16526e-005,-9.16457e-005,,,,,,
3.00450e-005,-8.99672e-005,,,,,,
2.81987e-005,-1.03563e-004,,,,,,
1.19173e-005,-9.71847e-005,,,,,,
-2.09812e-005,-5.01869e-005,,,,,,
1.30922e-005,-2.60166e-005,,,,,,
7.21752e-005,-3.70947e-005,,,,,,
7.33501e-005,-4.24659e-005,,,,,,
3.87732e-005,-2.85344e-006,,,,,,
1.98062e-005,2.33310e-005,,,,,,
-4.86763e-006,-2.08133e-005,,,,,,
-5.32082e-005,-1.44350e-005,,,,,,
-6.05936e-005,2.70237e-005,,,,,,
-5.27047e-005,-9.24849e-005,,,,,,
-2.73594e-005,-4.95155e-005,,,,,,
-3.18914e-006,1.05241e-004,,,,,,
-1.69528e-005,9.91989e-005,,,,,,
-5.15297e-005,-7.35180e-005,,,,,,
-9.13100e-005,-1.90509e-004,,,,,,
-9.50027e-005,-1.06249e-004,,,,,,
-4.81727e-005,-1.29076e-004,,,,,,
-2.70237e-005,-8.84566e-005,,,,,,
4.24659e-005,6.59647e-005,,,,,,
8.71138e-005,-1.35958e-005,,,,,,
1.64492e-005,3.00450e-005,,,,,,
-3.50805e-005,4.20966e-004,,,,,,
-5.58938e-005,4.92638e-004,,,,,,
-6.26078e-005,2.98604e-004,,,,,,
-4.38087e-005,8.94636e-005,,,,,,
-4.28016e-005,2.53452e-005,,,,,,
-3.50805e-005,1.05745e-005,,,,,,
1.46029e-005,6.21042e-006,,,,,,
6.24399e-005,1.35958e-005,,,,,,
5.47189e-005,6.21042e-006,,,,,,
7.97284e-005,-3.30663e-005,,,,,,
1.17159e-004,-5.62295e-005,,,,,,
8.17426e-005,-7.73785e-005,,,,,,
4.14588e-005,-1.10277e-004,,,,,,
1.17494e-006,-9.21492e-005,,,,,,
-6.12650e-005,-9.34920e-005,,,,,,
-8.64424e-005,-6.89860e-005,,,,,,
-9.08064e-005,-1.67849e-005,,,,,,
-7.46929e-005,-5.20333e-006,,,,,,
-5.52224e-005,2.78630e-005,,,,,,
-4.81727e-005,4.93477e-005,,,,,,
-4.46479e-005,2.34989e-005,,,,,,
-4.21302e-005,3.52483e-006,,,,,,
-1.93027e-005,-5.77401e-005,,,,,,
1.42672e-005,-1.04570e-004,,,,,,
7.72107e-006,-1.10277e-004,,,,,,
1.86313e-005,-9.88632e-005,,,,,,
4.56550e-005,-7.11681e-005,,,,,,
4.01160e-005,-3.17235e-005,,,,,,
1.93027e-005,9.23171e-006,,,,,,
2.48417e-005,5.75723e-005,,,,,,
-5.53903e-006,1.06584e-004,,,,,,
-5.42153e-005,9.48348e-005,,,,,,
-7.87213e-005,1.76242e-005,,,,,,
-8.42603e-005,-2.45060e-005,,,,,,
-6.41184e-005,-4.86763e-006,,,,,,
-4.85084e-005,8.05676e-006,,,,,,
-1.46029e-005,-8.56031e-006,,,,,,
6.22721e-005,-4.26337e-005,,,,,,
8.29175e-005,-1.49386e-005,,,,,,
4.48157e-005,4.04517e-005,,,,,,
2.23239e-005,3.34020e-005,,,,,,
4.21302e-005,9.90310e-006,,,,,,
4.07874e-005,-1.00710e-005,,,,,,
-9.23171e-006,-3.40734e-005,,,,,,
-6.46220e-005,-5.85794e-005,,,,,,
-1.08934e-004,-6.16007e-005,,,,,,
-1.45357e-004,-7.80499e-005,,,,,,
-1.39818e-004,-4.22980e-005,,,,,,
-1.16320e-004,8.79530e-005,,,,,,
-7.93927e-005,1.54253e-004,,,,,,
-4.56550e-005,1.31090e-004,,,,,,
-4.17945e-005,1.06249e-004,,,,,,
-7.51965e-005,5.47189e-005,,,,,,
-3.30663e-005,-3.91089e-005,,,,,,
5.33761e-005,-1.35790e-004,,,,,,
4.66621e-005,-1.86816e-004,,,,,,
7.98962e-005,-1.71542e-004,,,,,,
8.69459e-005,-1.17830e-004,,,,,,
8.09033e-005,-2.73594e-005,,,,,,
4.73335e-005,8.54353e-005,,,,,,
1.39315e-005,1.76745e-004,,,,,,
3.86053e-006,2.13001e-004,,,,,,
-4.58228e-005,1.43511e-004,,,,,,
-3.10521e-005,2.66880e-005,,,,,,
-3.70947e-005,-3.50805e-005,,,,,,
-6.63004e-005,-5.67330e-005,,,,,,
-4.41444e-005,-4.29694e-005,,,,,,
5.20333e-006,-3.02129e-006,,,,,,
1.14137e-005,4.85084e-005,,,,,,
-1.77920e-005,5.22011e-005,,,,,,
-2.53452e-005,1.10781e-005,,,,,,
-4.01160e-005,-4.04517e-005,,,,,,
-2.98772e-005,-6.99931e-005,,,,,,
-2.53452e-005,-7.45251e-005,,,,,,
-4.31373e-005,-9.71847e-005,,,,,,
-6.56291e-005,-7.40215e-005,,,,,,
-5.47189e-005,-6.00900e-005,,,,,,
-1.22530e-005,-5.74044e-005,,,,,,
1.19173e-005,5.18654e-005,,,,,,
-5.03548e-006,1.45525e-004,,,,,,
-3.74304e-005,1.04906e-004,,,,,,
-5.77401e-005,4.21302e-005,,,,,,
-7.93927e-005,3.52483e-006,,,,,,
-8.42603e-005,-1.66171e-005,,,,,,
-3.50805e-005,-1.30922e-005,,,,,,
3.34020e-005,-2.51774e-006,,,,,,
3.07164e-005,-7.21752e-006,,,,,,
2.92058e-005,-1.91348e-005,,,,,,
1.12459e-005,-5.20333e-006,,,,,,
-2.33310e-005,-2.56809e-005,,,,,,
-1.84634e-006,-4.11231e-005,,,,,,
9.48348e-005,-6.52934e-005,,,,,,
1.16655e-004,-9.29885e-005,,,,,,
9.86954e-005,-1.17159e-004,,,,,,
7.80499e-005,-1.29747e-004,,,,,,
-1.04067e-005,-7.53643e-005,,,,,,
-4.11231e-005,4.69978e-005,,,,,,
-5.11940e-005,1.33608e-004,,,,,,
-6.73075e-005,1.13298e-004,,,,,,
-1.10277e-004,2.83665e-005,,,,,,
-1.07088e-004,-2.03098e-005,,,,,,
-1.01549e-004,-2.81987e-005,,,,,,
-1.26726e-004,-1.94705e-005,,,,,,
-1.43511e-004,-2.24918e-005,,,,,,
-1.31258e-004,-2.24918e-005,,,,,,
-1.17494e-006,-1.09102e-005,,,,,,
1.00877e-004,-1.14137e-005,,,,,,
1.42840e-004,-2.63523e-005,,,,,,
8.77852e-005,-3.65911e-005,,,,,,
3.67590e-005,-3.67590e-005,,,,,,
3.54162e-005,-4.04517e-005,,,,,,
2.48417e-005,-5.27047e-005,,,,,,
4.19623e-006,-7.21752e-005,,,,,,
-1.25887e-005,-6.10971e-005,,,,,,
-1.76242e-005,-5.75723e-005,,,,,,
-1.49386e-005,-6.24399e-005,,,,,,
-1.12459e-005,-5.87472e-005,,,,,,
1.29244e-005,-4.48157e-005,,,,,,
6.04257e-006,-3.30663e-005,,,,,,
-1.25887e-005,-3.10521e-005,,,,,,
-1.82956e-005,-3.13878e-005,,,,,,
-2.29953e-005,-3.37377e-005,,,,,,
-4.21302e-005,-3.74304e-005,,,,,,
-3.79339e-005,-1.46029e-005,,,,,,
-2.76951e-005,3.86053e-006,,,,,,
5.03548e-007,-2.23239e-005,,,,,,
3.72625e-005,-1.42672e-005,,,,,,
3.74304e-005,-1.02388e-005,,,,,,
-8.39246e-007,-1.69528e-005,,,,,,
-3.20592e-005,-9.56741e-006,,,,,,
-3.40734e-005,-2.18204e-006,,,,,,
-3.32342e-005,1.17494e-006,,,,,,
-4.48157e-005,2.51774e-006,,,,,,
-4.68299e-005,6.04257e-006,,,,,,
-3.70947e-005,1.22530e-005,,,,,,
-3.64233e-005,1.39315e-005,,,,,,
-2.38346e-005,1.37636e-005,,,,,,
-8.89601e-006,1.42672e-005,,,,,,
1.46029e-005,1.98062e-005,,,,,,
1.24208e-005,2.13169e-005,,,,,,
-1.47707e-005,1.99741e-005,,,,,,
-4.24659e-005,2.50095e-005,,,,,,
-5.70687e-005,2.50095e-005,,,,,,
-5.32082e-005,2.26596e-005,,,,,,
-2.06455e-005,1.89670e-005,,,,,,
1.51064e-005,1.49386e-005,,,,,,
3.07164e-005,1.39315e-005,,,,,,
9.90310e-006,1.07424e-005,,,,,,
-5.20333e-006,7.88891e-006,,,,,,
-1.25887e-005,1.59457e-005,,,,,,
-2.13169e-005,1.84634e-005,,,,,,
-4.01160e-005,1.32601e-005,,,,,,
-4.91798e-005,1.66171e-005,,,,,,
-3.03807e-005,2.51774e-005,,,,,,
3.35698e-007,1.35958e-005,,,,,,
3.52483e-006,1.24208e-005,,,,,,
-1.51064e-006,1.59457e-005,,,,,,
-3.18914e-006,1.12459e-005,,,,,,
-1.17494e-005,1.00710e-006,,,,,,
-2.19883e-005,3.52483e-006,,,,,,
-4.51514e-005,3.13878e-005,,,,,,
-5.27047e-005,3.20592e-005,,,,,,
-4.28016e-005,3.03807e-005,,,,,,
-1.91348e-005,4.95155e-005,,,,,,
6.54612e-006,3.97803e-005,,,,,,
3.87732e-005,3.37377e-005,,,,,,
7.50286e-005,2.93736e-005,,,,,,
9.58419e-005,1.22530e-005,,,,,,
1.12627e-004,-8.72816e-006,,,,,,
1.39315e-004,-1.93027e-005,,,,,,
1.15648e-004,-3.17235e-005,,,,,,
9.04707e-005,-4.43122e-005,,,,,,
3.34020e-005,-6.05936e-005,,,,,,
-1.09606e-004,-6.02579e-005,,,,,,
-1.88830e-004,-7.62036e-005,,,,,,
-2.16190e-004,-7.36858e-005,,,,,,
-2.22400e-004,-9.56741e-006,,,,,,
-1.74395e-004,-1.84634e-006,,,,,,
-3.57519e-005,1.01213e-004,,,,,,
7.60357e-005,2.09140e-004,,,,,,
1.65667e-004,1.57946e-004,,,,,,
2.19379e-004,9.68490e-005,,,,,,
1.94202e-004,2.93736e-005,,,,,,
7.95605e-005,-2.43381e-005,,,,,,
-1.66171e-004,-2.60166e-005,,,,,,
-2.94911e-004,-3.87732e-005,,,,,,
-3.90082e-004,-5.38796e-005,,,,,,
-4.13077e-004,-7.57000e-005,,,,,,
-2.83497e-004,-1.67849e-006,,,,,,
-1.04906e-004,1.46197e-004,,,,,,
8.89601e-006,4.75013e-005,,,,,,
7.30144e-005,-8.37568e-005,,,,,,
1.33776e-004,-1.95880e-004,,,,,,
1.47539e-004,-2.20050e-004,,,,,,
1.30755e-004,-9.34920e-005,,,,,,
1.11788e-004,9.58419e-005,,,,,,
9.78561e-005,3.66415e-004,,,,,,
6.88182e-005,4.09049e-004,,,,,,
-1.76242e-005,9.51705e-005,,,,,,
-9.21492e-005,1.88327e-004,,,,,,
-1.26223e-004,2.39353e-004,,,,,,
-1.13130e-004,-6.21042e-006,,,,,,
-9.75204e-005,-1.44518e-004,,,,,,
-9.41634e-005,-2.04273e-004,,,,,,
6.32792e-005,-2.27100e-004,,,,,,
2.69398e-004,-2.07126e-004,,,,,,
2.76112e-004,-7.48608e-005,,,,,,
2.83833e-004,1.28908e-004,,,,,,
3.43252e-004,7.25109e-005,,,,,,
2.82490e-004,-1.02556e-004,,,,,,
1.02556e-004,-1.80102e-004,,,,,,
-3.60876e-005,-3.06661e-004,,,,,,
-1.97055e-004,-3.33181e-004,,,,,,
-4.36072e-004,-1.51400e-004,,,,,,
-6.57298e-004,7.95605e-005,,,,,,
-6.55787e-004,-2.56809e-005,,,,,,
-3.97299e-004,-4.36408e-006,,,,,,
-1.27398e-004,4.01328e-004,,,,,,
5.40475e-005,6.34974e-004,,,,,,
2.06622e-004,5.04723e-004,,,,,,
3.02632e-004,2.02594e-004,,,,,,
3.59030e-004,-8.15747e-005,,,,,,
3.63058e-004,-2.29786e-004,,,,,,
3.22438e-004,-1.51064e-004,,,,,,
2.11322e-004,1.30755e-004,,,,,,
1.33104e-004,3.19417e-004,,,,,,
-5.69009e-005,2.78965e-004,,,,,,
-2.15854e-004,-2.61509e-004,,,,,,
-2.15854e-004,-5.29564e-004,,,,,,
-4.35569e-004,-2.64530e-004,,,,,,
-3.59701e-004,-4.85084e-005,,,,,,
-1.47707e-004,1.19173e-005,,,,,,
-1.30083e-004,5.58938e-005,,,,,,
-1.89502e-004,2.13840e-004,,,,,,
-4.18448e-004,4.05020e-004,,,,,,
-3.61715e-004,2.13001e-004,,,,,,
-1.15312e-004,-2.46738e-005,,,,,,
-5.11940e-005,-8.25818e-005,,,,,,
9.50027e-005,-1.58953e-004,,,,,,
2.05951e-004,-1.67346e-004,,,,,,
2.99107e-004,2.06455e-005,,,,,,
2.74098e-004,1.36126e-004,,,,,,
1.90005e-004,-4.24659e-005,,,,,,
2.65202e-005,-2.84169e-004,,,,,,
-1.13970e-004,-2.45899e-004,,,,,,
-8.29175e-005,-2.86183e-004,,,,,,
5.06905e-005,-2.33982e-004,,,,,,
3.82864e-004,6.93217e-005,,,,,,
6.39002e-004,2.68894e-004,,,,,,
5.10765e-004,1.00206e-004,,,,,,
3.42916e-004,-1.50561e-004,,,,,,
1.60967e-004,-1.21019e-004,,,,,,
2.13169e-005,-1.38811e-004,,,,,,
-1.46197e-004,-1.40154e-004,,,,,,
-2.84001e-004,5.43832e-005,,,,,,
-3.86053e-004,2.54627e-004,,,,,,
-6.11307e-004,3.56344e-004,,,,,,
-5.88312e-004,3.74136e-004,,,,,,
-2.72923e-004,2.60838e-004,,,,,,
-1.51232e-004,8.09033e-005,,,,,,
-5.15297e-005,-6.07614e-005,,,,,,
3.89410e-005,-1.78424e-004,,,,,,
-5.57259e-005,-2.44053e-004,,,,,,
-1.95880e-004,-1.56268e-004,,,,,,
-1.43511e-004,-7.97284e-005,,,,,,
2.46738e-005,1.59457e-005,,,,,,
1.25048e-004,6.64683e-005,,,,,,
1.80941e-004,4.28016e-005,,,,,,
2.19379e-004,1.96384e-005,,,,,,
1.47204e-004,7.20073e-005,,,,,,
9.51705e-005,-7.26787e-005,,,,,,
3.18914e-005,-2.55970e-004,,,,,,
-5.20333e-005,-1.29076e-004,,,,,,
-1.50057e-004,9.83597e-005,,,,,,
-1.43175e-004,1.97726e-004,,,,,,
7.21752e-006,2.48249e-004,,,,,,
1.26726e-004,2.55970e-004,,,,,,
1.73724e-004,1.42504e-004,,,,,,
1.86984e-004,-2.26596e-005,,,,,,
1.63485e-004,-1.42840e-004,,,,,,
9.36599e-005,-2.56641e-004,,,,,,
5.48867e-005,-2.10483e-004,,,,,,
5.22011e-005,-2.47242e-004,,,,,,
2.98772e-005,-4.17945e-004,,,,,,
-5.18654e-005,-1.79599e-004,,,,,,
-2.14847e-005,1.22026e-004,,,,,,
2.89036e-004,3.12367e-004,,,,,,
6.75761e-004,4.03006e-004,,,,,,
7.20577e-004,3.22774e-004,,,,,,
5.04555e-004,4.88441e-005,,,,,,
1.44854e-004,-2.27100e-004,,,,,,
-3.33684e-004,-4.38087e-005,,,,,,
-7.08659e-004,1.60967e-004,,,,,,
-8.25315e-004,-3.25628e-005,,,,,,
-6.98085e-004,-2.96590e-004,,,,,,
-4.34897e-004,-3.86557e-004,,,,,,
-2.12329e-004,-2.66041e-004,,,,,,
-2.02594e-004,-2.10651e-004,,,,,,
-1.06249e-004,-2.23072e-004,,,,,,
2.40024e-005,2.51774e-005,,,,,,
-3.67590e-005,1.57946e-004,,,,,,
-6.69719e-005,-2.63523e-005,,,,,,
-2.51774e-005,1.99741e-005,,,,,,
-1.98230e-004,1.83459e-004,,,,,,
-2.96925e-004,1.47875e-004,,,,,,
-6.21042e-005,1.64660e-004,,,,,,
9.38277e-005,2.45228e-004,,,,,,
1.27398e-004,1.26558e-004,,,,,,
1.17159e-004,-9.14778e-005,,,,,,
1.29412e-004,-2.15854e-004,,,,,,
1.47875e-004,-2.07965e-004,,,,,,
6.89860e-005,-1.44183e-004,,,,,,
-3.67590e-005,-6.46220e-005,,,,,,
-2.75273e-005,4.04517e-005,,,,,,
2.18204e-006,-5.85794e-005,,,,,,
2.19883e-005,-1.60296e-004,,,,,,
4.71656e-005,-1.26894e-004,,,,,,
1.73053e-004,-1.04234e-004,,,,,,
1.78256e-004,-2.90379e-005,,,,,,
-4.24659e-005,8.76173e-005,,,,,,
-2.12665e-004,1.03227e-004,,,,,,
-9.48348e-005,1.07256e-004,,,,,,
-8.39246e-007,7.23430e-005,,,,,,
3.18914e-006,4.12909e-005,,,,,,
7.87213e-005,-1.34279e-005,,,,,,
2.34821e-004,-8.00641e-005,,,,,,
2.23743e-004,-1.11620e-004,,,,,,
1.18669e-004,-9.03029e-005,,,,,,
6.21042e-005,-5.85794e-005,,,,,,
5.13619e-005,-1.76242e-005,,,,,,
2.85344e-006,-4.17945e-005,,,,,,
-1.51232e-004,-8.14069e-005,,,,,,
-2.48920e-004,-1.02892e-004,,,,,,
-1.62646e-004,-4.38087e-005,,,,,,
-4.98512e-005,1.86145e-004,,,,,,
-7.35180e-005,3.11528e-004,,,,,,
-7.01610e-005,1.77081e-004,,,,,,
-3.03807e-005,-1.19677e-004,,,,,,
-1.42672e-005,-2.62516e-004,,,,,,
-3.69268e-006,-2.54292e-004,,,,,,
3.18914e-006,8.22461e-006,,,,,,
-7.21752e-006,1.13298e-004,,,,,,
9.06386e-006,-1.69528e-005,,,,,,
6.63004e-005,-3.47448e-005,,,,,,
5.75723e-005,-3.44091e-005,,,,,,
-4.91798e-005,-3.02129e-006,,,,,,
-3.35698e-007,-1.22530e-005,,,,,,
1.29580e-004,-7.58679e-005,,,,,,
1.51904e-004,-8.47639e-005,,,,,,
1.09941e-004,1.29412e-004,,,,,,
-6.12650e-005,3.85550e-004,,,,,,
-2.62348e-004,3.89914e-004,,,,,,
-2.22400e-004,8.61067e-005,,,,,,
-1.61471e-004,-2.46067e-004,,,,,,
-1.23705e-004,-1.22698e-004,,,,,,
-7.55322e-005,-7.26787e-005,,,,,,
-5.92508e-005,-6.49577e-005,,,,,,
-1.51064e-006,-9.65133e-005,,,,,,
6.02579e-005,-1.37972e-004,,,,,,
9.90311e-005,-7.36858e-005,,,,,,
1.32769e-004,9.34920e-005,,,,,,
6.99931e-005,1.52911e-004,,,,,,
-4.56550e-005,8.15747e-005,,,,,,
-1.41497e-004,-2.66880e-005,,,,,,
-2.10483e-004,-1.54757e-004,,,,,,
-1.79767e-004,-1.68017e-004,,,,,,
-5.05226e-005,-1.55764e-004,,,,,,
1.43847e-004,-5.27047e-005,,,,,,
2.17700e-004,1.62814e-005,,,,,,
9.61776e-005,1.15816e-005,,,,,,
-3.94446e-005,3.00450e-005,,,,,,
-1.06584e-004,6.52934e-005,,,,,,
-1.81781e-004,6.07614e-005,,,,,,
-2.25757e-004,1.22530e-005,,,,,,
-1.15312e-004,1.69528e-005,,,,,,
4.86763e-006,3.07164e-005,,,,,,
2.75273e-005,8.22461e-006,,,,,,
1.42672e-005,-9.56741e-006,,,,,,
1.51064e-005,-2.56809e-005,,,,,,
-2.06455e-005,-8.64424e-005,,,,,,
-6.52934e-005,-1.02892e-004,,,,,,
-8.56031e-005,7.70428e-005,,,,,,
-4.91798e-005,2.15351e-004,,,,,,
-1.09102e-005,2.35157e-004,,,,,,
1.49386e-005,1.41161e-004,,,,,,
5.05226e-005,1.49386e-005,,,,,,
6.26078e-005,-7.93927e-005,,,,,,
4.61585e-005,-1.39818e-004,,,,,,
4.48157e-005,-1.06920e-004,,,,,,
2.26596e-005,-8.39246e-005,,,,,,
3.13878e-005,-7.06645e-005,,,,,,
3.62554e-005,-7.93927e-005,,,,,,
1.87991e-005,-4.90120e-005,,,,,,
3.91089e-005,1.71710e-004,,,,,,
7.55322e-005,3.08339e-004,,,,,,
6.26078e-005,1.97223e-004,,,,,,
2.38346e-005,7.16716e-005,,,,,,
-1.49386e-005,7.72107e-006,,,,,,
-2.90379e-005,6.56291e-005,,,,,,
4.53193e-006,6.42863e-005,,,,,,
-1.17494e-006,3.81018e-005,,,,,,
-4.98512e-005,7.46929e-005,,,,,,
-3.70947e-005,6.29435e-005,,,,,,
-3.10521e-005,-2.03098e-005,,,,,,
-4.64942e-005,-9.31563e-005,,,,,,
-3.67590e-005,-7.70428e-005,,,,,,
-3.23949e-005,-1.75738e-004,,,,,,
-3.18914e-005,-1.45357e-004,,,,,,
5.53903e-006,-9.44991e-005,,,,,,
-1.67849e-007,-6.16007e-005,,,,,,
-1.86313e-005,-8.27497e-005,,,,,,
-1.22530e-005,-1.86481e-004,,,,,,
-3.18914e-005,-2.63523e-005,,,,,,
-4.17945e-005,2.26093e-004,,,,,,
-4.80049e-005,1.49386e-004,,,,,,
-3.52483e-006,1.29244e-005,,,,,,
5.20333e-005,-4.98512e-005,,,,,,
1.05913e-004,-3.91089e-005,,,,,,
1.06081e-004,-1.82956e-005,,,,,,
-1.29244e-005,1.62814e-005,,,,,,
-1.32097e-004,1.67849e-007,,,,,,
-1.44518e-004,-6.05936e-005,,,,,,
-1.14305e-004,7.72107e-006,,,,,,
-7.53643e-005,1.64157e-004,,,,,,
-5.45510e-005,2.17029e-004,,,,,,
-2.76951e-005,1.30755e-004,,,,,,
-1.09102e-005,6.05936e-005,,,,,,
-3.20592e-005,-4.91798e-005,,,,,,
-5.03548e-005,-1.24712e-004,,,,,,
-3.59197e-005,-7.83856e-005,,,,,,
-1.30922e-005,-3.20592e-005,,,,,,
-1.17494e-005,-5.11940e-005,,,,,,
5.03548e-007,-1.12459e-004,,,,,,
-2.11490e-005,-1.45357e-004,,,,,,
-3.79339e-005,-1.08598e-004,,,,,,
-1.35958e-005,1.67849e-007,,,,,,
6.54612e-006,8.81209e-005,,,,,,
-2.80308e-005,1.10613e-004,,,,,,
-4.09552e-005,1.27062e-004,,,,,,
1.91348e-005,1.25216e-004,,,,,,
4.38087e-005,8.30854e-005,,,,,,
9.56741e-006,1.25887e-005,,,,,,
-1.44350e-005,-7.87213e-005,,,,,,
-2.63523e-005,-9.28206e-005,,,,,,
-2.13169e-005,3.70947e-005,,,,,,
-2.51774e-005,-2.23239e-005,,,,,,
-8.89601e-006,-7.73785e-005,,,,,,
3.18914e-005,-4.24659e-005,,,,,,
3.03807e-005,-3.27306e-005,,,,,,
-7.55322e-006,-3.91089e-005,,,,,,
5.20333e-006,-3.82696e-005,,,,,,
1.79599e-005,-1.05745e-005,,,,,,
2.60166e-005,8.49317e-005,,,,,,
5.60616e-005,1.41497e-004,,,,,,
4.21302e-005,8.82887e-005,,,,,,
-3.81018e-005,2.76951e-005,,,,,,
-1.29580e-004,-7.21752e-006,,,,,,
-1.52575e-004,-4.44800e-005,,,,,,
-1.36126e-004,-6.34470e-005,,,,,,
-9.71847e-005,-3.23949e-005,,,,,,
-4.59907e-005,4.06195e-005,,,,,,
-5.55581e-005,7.58679e-005,,,,,,
-5.40475e-005,8.37568e-005,,,,,,
-2.09812e-005,6.56291e-005,,,,,,
-6.21042e-006,6.05936e-005,,,,,,
8.89601e-006,1.22026e-004,,,,,,
1.71206e-005,1.53918e-004,,,,,,
1.19173e-005,2.11490e-005,,,,,,
2.24918e-005,-4.61585e-005,,,,,,
3.34020e-005,-5.25368e-005,,,,,,
-1.09102e-005,2.23239e-005,,,,,,
2.73594e-005,1.38811e-004,,,,,,
6.56291e-005,-5.62295e-005,,,,,,
2.40024e-005,-2.64195e-004,,,,,,
1.12459e-005,-2.01923e-004,,,,,,
3.18914e-006,-1.13130e-004,,,,,,
-3.86053e-006,-9.86954e-005,,,,,,
7.21752e-006,-5.18654e-005,,,,,,
9.56741e-006,1.86313e-005,,,,,,
1.62814e-005,-1.39315e-005,,,,,,
2.34989e-006,-3.30663e-005,,,,,,
-1.59457e-005,-4.81727e-005,,,,,,
-1.22530e-005,-7.73785e-005,,,,,,
-2.11490e-005,-3.92767e-005,,,,,,
-2.24918e-005,8.22461e-006,,,,,,
-4.61585e-005,1.59457e-005,,,,,,
-7.15038e-005,1.29244e-005,,,,,,
-3.13878e-005,5.03548e-007,,,,,,
2.93736e-005,-1.09102e-005,,,,,,
6.49577e-005,7.88891e-006,,,,,,
3.94446e-005,-9.36599e-005,,,,,,
2.31632e-005,-1.81109e-004,,,,,,
4.06195e-005,1.01213e-004,,,,,,
-9.90310e-006,3.30159e-004,,,,,,
-6.34470e-005,3.15724e-004,,,,,,
-9.36599e-005,2.94575e-004,,,,,,
-1.00038e-004,1.52743e-005,,,,,,
-1.28405e-004,-3.50134e-004,,,,,,
-1.23705e-004,-2.27939e-004,,,,,,
-6.79789e-005,1.73556e-004,,,,,,
-3.74304e-005,1.69192e-004,,,,,,
-2.76951e-005,1.07256e-004,,,,,,
-2.63523e-005,-7.82177e-005,,,,,,
-3.60876e-005,-1.83795e-004,,,,,,
-9.56741e-006,-1.51232e-004,,,,,,
2.87022e-005,-2.35325e-004,,,,,,
8.22461e-006,-2.09812e-004,,,,,,
-3.72625e-005,-1.21859e-004,,,,,,
-3.97803e-005,-1.44350e-005,,,,,,
-3.67590e-005,4.54871e-005,,,,,,
4.33051e-005,2.45396e-004,,,,,,
1.67346e-004,3.96796e-004,,,,,,
1.48043e-004,1.80438e-004,,,,,,
7.97284e-005,-5.95865e-005,,,,,,
4.31373e-005,-9.98703e-005,,,,,,
4.26337e-005,-9.01350e-005,,,,,,
2.68559e-006,-9.31563e-005,,,,,,
-2.38346e-005,-8.94636e-005,,,,,,
4.19623e-006,-7.43572e-005,,,,,,
1.42672e-005,-3.52483e-005,,,,,,
-2.80308e-005,1.52743e-005,,,,,,
-7.20073e-005,5.58938e-005,,,,,,
-9.66812e-005,9.90310e-006,,,,,,
-7.90570e-005,-6.39506e-005,,,,,,
-6.69719e-005,-8.74495e-005,,,,,,
-8.34211e-005,-6.59647e-005,,,,,,
-1.05241e-004,1.71206e-005,,,,,,
-1.04234e-004,5.22011e-005,,,,,,
-7.53643e-005,6.29435e-005,,,,,,
-1.05074e-004,-4.19623e-006,,,,,,
-1.63653e-004,-4.85084e-005,,,,,,
-1.13130e-004,8.07355e-005,,,,,,
-3.23949e-005,1.62310e-004,,,,,,
2.65202e-005,1.25048e-004,,,,,,
1.18502e-004,1.62814e-005,,,,,,
1.60632e-004,4.95155e-005,,,,,,
1.56603e-004,5.97543e-005,,,,,,
1.59289e-004,1.24041e-004,,,,,,
1.23369e-004,9.80240e-005,,,,,,
6.02579e-005,-1.03227e-004,,,,,,
7.88891e-006,-3.01961e-004,,,,,,
-4.44800e-005,-2.92226e-004,,,,,,
-6.98253e-005,-2.23743e-004,,,,,,
-1.01884e-004,-1.40154e-004,,,,,,
-1.63989e-004,1.25551e-004,,,,,,
-1.45861e-004,1.33944e-004,,,,,,
-6.66362e-005,2.81987e-005,,,,,,
1.99741e-005,-1.93027e-005,,,,,,
8.74495e-005,-1.52407e-004,,,,,,
8.34211e-005,-2.34821e-004,,,,,,
3.91089e-005,-1.10277e-004,,,,,,
1.17494e-006,1.22026e-004,,,,,,
7.88891e-006,2.61509e-004,,,,,,
2.26596e-005,2.23743e-004,,,,,,
3.81018e-005,8.15747e-005,,,,,,
3.37377e-005,-1.49386e-005,,,,,,
1.42672e-005,-5.15297e-005,,,,,,
5.27047e-005,-5.92508e-005,,,,,,
6.68040e-005,-9.08064e-005,,,,,,
4.44800e-005,-8.29175e-005,,,,,,
-3.07164e-005,-1.46029e-005,,,,,,
-8.50996e-005,2.31632e-005,,,,,,
-8.34211e-005,5.69009e-005,,,,,,
-1.21691e-004,1.10277e-004,,,,,,
-1.85473e-004,1.95041e-004,,,,,,
-1.66003e-004,2.48920e-004,,,,,,
-8.82887e-005,2.15015e-004,,,,,,
-3.08843e-005,1.01549e-004,,,,,,
-2.19883e-005,2.87022e-005,,,,,,
-2.36667e-005,-1.44350e-005,,,,,,
-1.27565e-005,-5.60616e-005,,,,,,
-8.39246e-006,-3.10521e-005,,,,,,
-1.86313e-005,8.89601e-006,,,,,,
2.51774e-006,-4.19623e-006,,,,,,
2.33310e-005,-8.30854e-005,,,,,,
3.07164e-005,-1.61975e-004,,,,,,
-3.35698e-007,-1.73556e-004,,,,,,
-4.48157e-005,-1.46197e-004,,,,,,
-8.49317e-005,-1.02892e-004,,,,,,
-1.18334e-004,-1.20348e-004,,,,,,
-6.99931e-005,-4.48157e-005,,,,,,
6.46220e-005,1.07256e-004,,,,,,
1.29915e-004,2.24079e-004,,,,,,
1.11284e-004,1.32601e-004,,,,,,
1.72885e-005,4.01160e-005,,,,,,
-1.34279e-005,8.39246e-006,,,,,,
-7.55322e-006,-2.23239e-005,,,,,,
-2.63523e-005,-2.40024e-005,,,,,,
-5.27047e-005,-2.93736e-005,,,,,,
-4.17945e-005,-2.90379e-005,,,,,,
2.14847e-005,-9.56741e-006,,,,,,
3.00450e-005,7.40215e-005,,,,,,
-1.42672e-005,9.44991e-005,,,,,,
-1.67849e-007,1.99741e-005,,,,,,
-1.84634e-006,-3.70947e-005,,,,,,
-4.44800e-005,-6.57969e-005,,,,,,
-2.66880e-005,-1.04402e-004,,,,,,
1.89670e-005,-1.00877e-004,,,,,,
2.31632e-005,-6.05936e-005,,,,,,
1.87991e-005,-4.64942e-005,,,,,,
3.60876e-005,-1.96384e-005,,,,,,
5.20333e-006,-1.17494e-006,,,,,,
-1.52743e-005,-3.03807e-005,,,,,,
-2.65202e-005,-4.22980e-005,,,,,,
-5.82437e-005,-2.65202e-005,,,,,,
-8.54353e-005,-5.57259e-005,,,,,,
-2.75273e-005,-1.51568e-004,,,,,,
3.65911e-005,-2.02258e-004,,,,,,
4.98512e-005,-1.62310e-004,,,,,,
4.64942e-005,-8.40925e-005,,,,,,
-1.35958e-005,8.84566e-005,,,,,,
-6.96574e-005,3.08003e-004,,,,,,
-9.16457e-005,3.06325e-004,,,,,,
-9.41634e-005,1.61303e-004,,,,,,
-6.88182e-005,6.41184e-005,,,,,,
-2.70237e-005,1.99741e-005,,,,,,
1.05745e-005,3.18914e-006,,,,,,
2.90379e-005,-1.72885e-005,,,,,,
2.18204e-006,-3.57519e-005,,,,,,
-2.83665e-005,-4.04517e-005,,,,,,
-4.24659e-005,-1.29244e-005,,,,,,
-2.70237e-005,2.38346e-005,,,,,,
-2.68559e-005,1.96384e-005,,,,,,
-9.01350e-005,1.00710e-005,,,,,,
-1.01213e-004,1.62814e-005,,,,,,
-9.23171e-006,-4.78370e-005,,,,,,
3.55840e-005,-8.69459e-005,,,,,,
1.32601e-005,-8.37568e-005,,,,,,
2.46738e-005,-8.71138e-005,,,,,,
1.93027e-005,-6.78111e-005,,,,,,
-3.37377e-005,-3.91089e-005,,,,,,
-4.46479e-005,-4.76692e-005,,,,,,
-5.13619e-005,-5.18654e-005,,,,,,
-6.63004e-005,-6.09293e-005,,,,,,
-2.21561e-005,-3.52483e-006,,,,,,
3.81018e-005,1.12627e-004,,,,,,
4.07874e-005,1.68688e-004,,,,,,
2.85344e-006,1.33944e-004,,,,,,
-2.87022e-005,4.68299e-005,,,,,,
-5.62295e-005,-7.38537e-006,,,,,,
-8.67781e-005,-1.59457e-005,,,,,,
-6.86503e-005,-3.94446e-005,,,,,,
-4.49836e-005,-6.81468e-005,,,,,,
-5.03548e-007,-7.87213e-005,,,,,,
4.80049e-005,-4.98512e-005,,,,,,
5.22011e-005,-2.70237e-005,,,,,,
2.23239e-005,-4.04517e-005,,,,,,
2.36667e-005,-5.38796e-005,,,,,,
6.31113e-005,-2.28275e-005,,,,,,
7.67071e-005,5.20333e-006,,,,,,
2.46738e-005,1.91348e-005,,,,,,
-5.52224e-005,1.52743e-005,,,,,,
-8.47639e-005,-1.39315e-005,,,,,,
-1.03227e-004,-4.59907e-005,,,,,,
-9.81918e-005,-5.32082e-005,,,,,,
-6.61326e-005,-6.42863e-005,,,,,,
-3.44091e-005,-9.08064e-005,,,,,,
-9.06386e-006,-3.81018e-005,,,,,,
2.97093e-005,9.90310e-006,,,,,,
8.77852e-005,-1.72885e-005,,,,,,
7.55322e-005,-4.78370e-005,,,,,,
3.18914e-005,-3.05486e-005,,,,,,
2.18204e-006,-4.19623e-006,,,,,,
-1.17494e-005,2.43381e-005,,,,,,
5.20333e-006,3.52483e-006,,,,,,
1.98062e-005,-3.30663e-005,,,,,,
1.37636e-005,-4.81727e-005,,,,,,
-6.54612e-006,-4.78370e-005,,,,,,
-3.74304e-005,-6.32792e-005,,,,,,
-4.91798e-005,-7.62036e-005,,,,,,
-5.25368e-005,-6.26078e-005,,,,,,
-3.25628e-005,-5.16976e-005,,,,,,
2.71916e-005,-4.38087e-005,,,,,,
7.60357e-005,-3.10521e-005,,,,,,
8.03998e-005,-2.29953e-005,,,,,,
5.45510e-005,-3.64233e-005,,,,,,
-2.71916e-005,-3.97803e-005,,,,,,
-1.20348e-004,-2.90379e-005,,,,,,
-1.19844e-004,-3.74304e-005,,,,,,
-9.81918e-005,-3.40734e-005,,,,,,
-1.01717e-004,-2.93736e-005,,,,,,
-9.19814e-005,-2.56809e-005,,,,,,
-4.98512e-005,-2.63523e-005,,,,,,
-1.99741e-005,-2.98772e-005,,,,,,
1.64492e-005,-2.29953e-005,,,,,,
3.00450e-005,-2.33310e-005,,,,,,
2.23239e-005,-2.56809e-005,,,,,,
3.84375e-005,-1.49386e-005,,,,,,
4.33051e-005,-5.20333e-006,,,,,,
2.33310e-005,2.73594e-005,,,,,,
-8.39246e-006,5.38796e-005,,,,,,
-2.19883e-005,4.31373e-005,,,,,,
-4.11231e-005,2.61845e-005,,,,,,
-5.01869e-005,2.11490e-005,,,,,,
-3.30663e-005,1.19173e-005,,,,,,
-2.19883e-005,1.72885e-005,,,,,,
-2.97093e-005,5.53903e-005,,,,,,
-2.66880e-005,6.34470e-005,,,,,,
-1.76242e-005,4.64942e-005,,,,,,
-1.79599e-005,2.78630e-005,,,,,,
-1.59457e-005,2.26596e-005,,,,,,
-2.85344e-006,2.56809e-005,,,,,,
-9.56741e-006,2.13169e-005,,,,,,
-1.46029e-005,1.25887e-005,,,,,,
-9.06386e-006,-1.84634e-006,,,,,,
-1.91348e-005,3.52483e-006,,,,,,
-2.40024e-005,2.93736e-005,,,,,,
-2.03098e-005,1.17494e-006,,,,,,
-5.53903e-006,-2.48417e-005,,,,,,
-1.67849e-007,-3.05486e-005,,,,,,
1.51064e-006,-6.88182e-006,,,,,,
-9.23171e-006,4.06195e-005,,,,,,
-1.96384e-005,1.79599e-005,,,,,,
-3.57519e-005,-1.52743e-005,,,,,,
-4.04517e-005,-7.21752e-006,,,,,,
-5.48867e-005,2.40024e-005,,,,,,
-4.21302e-005,4.38087e-005,,,,,,
3.20592e-005,2.76951e-005,,,,,,
5.85794e-005,1.17494e-006,,,,,,
4.66621e-005,-6.88182e-006,,,,,,
1.49386e-005,5.55581e-005,,,,,,
-3.32342e-005,8.03998e-005,,,,,,
-8.39246e-006,4.78370e-005,,,,,,
8.89601e-006,1.89670e-005,,,,,,
5.03548e-007,-5.20333e-006,,,,,,
-2.85344e-006,-3.89410e-005,,,,,,
-5.87472e-006,-4.75013e-005,,,,,,
-1.00710e-006,2.41703e-005,,,,,,
-1.84634e-006,1.12627e-004,,,,,,
1.64492e-005,1.02220e-004,,,,,,
8.10712e-005,1.62814e-005,,,,,,
1.36126e-004,-7.58679e-005,,,,,,
1.85809e-004,-1.97894e-004,,,,,,
2.07294e-004,-5.72366e-005,,,,,,
1.30755e-004,1.09270e-004,,,,,,
-4.24659e-005,5.58938e-005,,,,,,
-2.26429e-004,-2.04776e-005,,,,,,
-2.95583e-004,-1.07927e-004,,,,,,
-3.08171e-004,-5.79080e-005,,,,,,
-3.09682e-004,7.30144e-005,,,,,,
-2.38682e-004,2.27771e-004,,,,,,
-1.25216e-004,2.52613e-004,,,,,,
-4.34730e-005,7.10002e-005,,,,,,
4.78370e-005,1.14641e-004,,,,,,
1.24376e-004,2.04440e-004,,,,,,
1.81109e-004,1.21187e-004,,,,,,
1.39651e-004,-9.90310e-006,,,,,,
1.99741e-005,-3.50805e-005,,,,,,
-5.87472e-006,1.20851e-005,,,,,,
4.39765e-005,7.36858e-005,,,,,,
1.11284e-004,-4.44800e-005,,,,,,
2.37003e-004,-2.82155e-004,,,,,,
2.43214e-004,-3.05486e-004,,,,,,
1.92859e-004,-1.41161e-004,,,,,,
9.51705e-005,-4.86763e-006,,,,,,
-1.40490e-004,-7.46929e-005,,,,,,
-3.90921e-004,-5.27047e-005,,,,,,
-4.94652e-004,-2.56809e-005,,,,,,
-3.74304e-004,2.28107e-004,,,,,,
-2.15854e-004,4.69810e-004,,,,,,
-1.76745e-004,1.44518e-004,,,,,,
-1.12459e-005,-8.54353e-005,,,,,,
1.72717e-004,-1.21859e-004,,,,,,
1.46700e-004,-2.23911e-004,,,,,,
8.57710e-005,-3.00282e-004,,,,,,
-6.88182e-006,-2.14511e-004,,,,,,
-3.99481e-005,6.32792e-005,,,,,,
3.07164e-005,1.15480e-004,,,,,,
-5.89151e-005,-7.06645e-005,,,,,,
-1.26390e-004,9.75204e-005,,,,,,
-1.14137e-005,5.94690e-004,,,,,,
8.03998e-005,5.74212e-004,,,,,,
7.88891e-005,3.65911e-005,,,,,,
-6.83146e-005,-1.34447e-004,,,,,,
-1.34447e-004,-1.82956e-005,,,,,,
-2.28107e-004,8.79530e-005,,,,,,
-2.92226e-004,7.67071e-005,,,,,,
-2.23072e-004,-8.03998e-005,,,,,,
-1.47204e-004,-1.32769e-004,,,,,,
1.00710e-006,-1.90845e-004,,,,,,
1.72213e-004,-3.05318e-004,,,,,,
2.24750e-004,-1.00710e-004,,,,,,
2.16022e-004,8.96315e-005,,,,,,
1.27398e-004,-1.09102e-005,,,,,,
-2.87022e-005,-1.05745e-005,,,,,,
-1.17998e-004,1.88998e-004,,,,,,
-1.06920e-004,1.23873e-004,,,,,,
-1.32937e-004,-5.53903e-005,,,,,,
-1.54086e-004,3.40734e-005,,,,,,
3.12200e-005,1.92523e-004,,,,,,
1.46700e-004,-1.99741e-005,,,,,,
2.09140e-004,-2.36835e-004,,,,,,
2.33478e-004,-2.43885e-004,,,,,,
1.55261e-004,-2.00244e-004,,,,,,
-2.43381e-005,-8.02319e-005,,,,,,
-1.38643e-004,-2.70237e-005,,,,,,
-2.26764e-004,4.34730e-005,,,,,,
-2.37507e-004,2.60166e-005,,,,,,
-5.30404e-005,2.52277e-004,,,,,,
1.62814e-004,3.83536e-004,,,,,,
2.35660e-004,2.71077e-004,,,,,,
2.39857e-004,6.61326e-005,,,,,,
2.29786e-004,-1.08934e-004,,,,,,
2.35996e-004,-1.98230e-004,,,,,,
1.08431e-004,-1.90509e-004,,,,,,
-1.53918e-004,-2.38849e-004,,,,,,
-6.59647e-005,-3.87900e-004,,,,,,
-2.19883e-005,-2.11490e-004,,,,,,
-7.50286e-005,1.40490e-004,,,,,,
-3.77661e-005,3.75814e-004,,,,,,
-8.07355e-005,3.21935e-004,,,,,,
-1.72717e-004,1.00877e-004,,,,,,
-2.02594e-004,-7.70428e-005,,,,,,
-3.08003e-004,-8.40925e-005,,,,,,
-2.79637e-004,-1.49889e-004,,,,,,
-2.33814e-004,-2.03601e-004,,,,,,
-1.45693e-004,-1.80102e-004,,,,,,
5.25368e-005,-8.14069e-005,,,,,,
1.46197e-004,1.09270e-004,,,,,,
1.23369e-004,1.46532e-004,,,,,,
1.94537e-004,8.54353e-005,,,,,,
1.81949e-004,1.51904e-004,,,,,,
1.00542e-004,1.15145e-004,,,,,,
1.46197e-004,7.88891e-006,,,,,,
1.83291e-004,-3.92767e-005,,,,,,
3.60876e-005,5.20333e-006,,,,,,
-4.78370e-005,1.27062e-004,,,,,,
-1.54757e-004,1.66171e-004,,,,,,
-2.30121e-004,2.53452e-004,,,,,,
-8.62745e-005,6.05936e-005,,,,,,
3.50805e-005,3.60876e-005,,,,,,
2.15686e-004,8.77852e-005,,,,,,
3.63058e-004,-2.28275e-005,,,,,,
3.77493e-004,-1.77249e-004,,,,,,
1.64996e-004,-3.35363e-004,,,,,,
-1.26726e-004,-4.41611e-004,,,,,,
-2.72084e-004,-2.88869e-004,,,,,,
-3.31167e-004,8.97993e-005,,,,,,
-2.78965e-004,2.79301e-004,,,,,,
-3.47448e-005,5.92508e-005,,,,,,
3.03639e-004,-9.68490e-005,,,,,,
2.61845e-004,-2.03098e-004,,,,,,
6.02579e-005,-2.42374e-004,,,,,,
-1.22026e-004,-1.87823e-004,,,,,,
-3.33852e-004,-1.60632e-004,,,,,,
-4.74510e-004,-9.18135e-005,,,,,,
-4.86931e-004,6.42863e-005,,,,,,
-3.68261e-004,1.56603e-004,,,,,,
-2.01587e-004,2.38849e-004,,,,,,
-1.43175e-004,2.25757e-004,,,,,,
2.85344e-005,1.62646e-004,,,,,,
1.94537e-004,1.17327e-004,,,,,,
1.95712e-004,4.88441e-005,,,,,,
5.79080e-005,-1.30922e-005,,,,,,
-4.02838e-006,-6.09293e-005,,,,,,
2.65202e-005,-6.09293e-005,,,,,,
-4.53193e-006,-1.50561e-004,,,,,,
-2.09812e-005,-2.22065e-004,,,,,,
3.12200e-005,-2.23239e-005,,,,,,
2.36164e-004,5.08583e-005,,,,,,
4.32044e-004,-1.17494e-005,,,,,,
5.24865e-004,-4.24659e-005,,,,,,
4.41947e-004,-8.91279e-005,,,,,,
1.26558e-004,-1.10277e-004,,,,,,
-1.70031e-004,-5.55581e-005,,,,,,
-4.06027e-004,1.49386e-005,,,,,,
-4.03677e-004,6.76432e-005,,,,,,
-3.01961e-004,1.17159e-004,,,,,,
-1.73556e-004,-7.88891e-006,,,,,,
-1.08263e-004,-1.33104e-004,,,,,,
-2.47913e-004,-2.72755e-004,,,,,,
-3.67590e-004,-3.92599e-004,,,,,,
-2.82155e-004,-3.53658e-004,,,,,,
-7.06645e-005,-2.64866e-004,,,,,,
3.81018e-005,-1.36461e-004,,,,,,
1.35454e-004,2.40024e-005,,,,,,
3.30159e-004,1.86313e-004,,,,,,
4.62257e-004,4.16434e-004,,,,,,
3.58694e-004,4.56382e-004,,,,,,
2.02426e-004,3.44762e-004,,,,,,
1.13298e-004,1.01213e-004,,,,,,
1.06249e-004,-5.48867e-005,,,,,,
5.74044e-005,-7.93927e-005,,,,,,
-3.34020e-005,-4.04517e-005,,,,,,
-1.43847e-004,-5.01869e-005,,,,,,
-1.45190e-004,-4.31373e-005,,,,,,
-2.90379e-005,-9.51705e-005,,,,,,
1.17494e-006,-1.70199e-004,,,,,,
-2.03098e-005,1.08934e-004,,,,,,
-6.17685e-005,2.10987e-004,,,,,,
-1.48379e-004,-3.84375e-005,,,,,,
-3.60876e-005,-8.10712e-005,,,,,,
8.44282e-005,-4.86763e-005,,,,,,
1.67849e-004,-9.21492e-005,,,,,,
6.39506e-005,-8.82887e-005,,,,,,
-5.85794e-005,-4.38087e-005,,,,,,
-2.03265e-004,-2.51774e-006,,,,,,
-2.35157e-004,8.39246e-006,,,,,,
-1.09606e-004,-3.07164e-005,,,,,,
5.92508e-005,-1.71206e-005,,,,,,
1.28069e-004,-1.96384e-005,,,,,,
9.50027e-005,-4.81727e-005,,,,,,
3.54162e-005,-1.15816e-005,,,,,,
-1.03899e-004,2.85344e-006,,,,,,
-2.38849e-004,1.24208e-005,,,,,,
-2.51942e-004,1.11788e-004,,,,,,
-2.03265e-004,1.48882e-004,,,,,,
-1.34615e-004,3.35698e-005,,,,,,
-1.02556e-004,-4.19623e-006,,,,,,
-1.21355e-004,-4.11231e-005,,,,,,
-2.19043e-004,-6.56291e-005,,,,,,
-2.18372e-004,-4.51514e-005,,,,,,
-1.59960e-004,-4.01160e-005,,,,,,
-5.20333e-005,-4.81727e-005,,,,,,
6.96574e-005,-3.25628e-005,,,,,,
2.74434e-004,-2.16526e-005,,,,,,
3.01961e-004,4.46479e-005,,,,,,
2.24414e-004,9.34920e-005,,,,,,
2.07630e-004,4.02838e-005,,,,,,
1.26726e-004,-1.64492e-005,,,,,,
7.93927e-005,-1.66171e-005,,,,,,
1.09270e-004,-3.37377e-005,,,,,,
4.44800e-005,-5.15297e-005,,,,,,
1.09102e-005,-3.57519e-005,,,,,,
-1.57778e-005,-6.88182e-006,,,,,,
-3.05486e-005,1.09102e-005,,,,,,
-1.29915e-004,6.76432e-005,,,,,,
-2.19043e-004,7.16716e-005,,,,,,
-1.54925e-004,1.94705e-005,,,,,,
-1.27398e-004,-2.85344e-006,,,,,,
-1.14305e-004,7.04967e-006,,,,,,
-5.43832e-005,-1.35958e-005,,,,,,
4.02838e-006,-1.99741e-005,,,,,,
2.98772e-005,-1.59457e-005,,,,,,
2.19883e-005,6.37827e-006,,,,,,
1.29244e-005,3.57519e-005,,,,,,
1.17494e-006,4.48157e-005,,,,,,
-5.87472e-006,3.81018e-005,,,,,,
-1.44350e-005,1.66171e-005,,,,,,
-1.42672e-005,6.37827e-006,,,,,,
-2.83665e-005,-2.85344e-006,,,,,,
-3.84375e-005,-1.02388e-005,,,,,,
-1.27565e-005,-4.34730e-005,,,,,,
-7.72107e-006,-6.39506e-005,,,,,,
-2.26596e-005,-6.73075e-005,,,,,,
-8.22461e-006,-2.76951e-005,,,,,,
1.69528e-005,2.73594e-005,,,,,,
2.85344e-005,4.01160e-005,,,,,,
3.23949e-005,2.53452e-005,,,,,,
1.72885e-005,-1.42672e-005,,,,,,
-2.34989e-006,-2.83665e-005,,,,,,
-1.67849e-006,-3.23949e-005,,,,,,
3.13878e-005,-4.21302e-005,,,,,,
1.79599e-005,-3.37377e-005,,,,,,
-2.70237e-005,-9.56741e-006,,,,,,
-2.40024e-005,3.57519e-005,,,,,,
-1.19173e-005,8.82887e-005,,,,,,
-3.81018e-005,6.74754e-005,,,,,,
-5.27047e-005,2.65202e-005,,,,,,
-3.18914e-005,2.23239e-005,,,,,,
2.34989e-006,2.23239e-005,,,,,,
-4.85084e-005,7.04967e-006,,,,,,
-9.14778e-005,1.49386e-005,,,,,,
-5.69009e-005,2.19883e-005,,,,,,
-3.87732e-005,1.29244e-005,,,,,,
-1.93027e-005,1.04067e-005,,,,,,
-6.21042e-006,-1.67849e-007,,,,,,
-1.27565e-005,-2.01419e-006,,,,,,
-1.10781e-005,-2.36667e-005,,,,,,
-9.06386e-006,-2.16526e-005,,,,,,
-1.15816e-005,-6.21042e-006,,,,,,
-9.56741e-006,3.35698e-007,,,,,,
-1.25887e-005,5.70687e-006,,,,,,
-1.64492e-005,-1.05745e-005,,,,,,
-2.06455e-005,-1.02388e-005,,,,,,
-1.99741e-005,-2.18204e-006,,,,,,
-1.49386e-005,-2.90379e-005,,,,,,
-1.86313e-005,-1.76242e-005,,,,,,
-2.31632e-005,9.90310e-006,,,,,,
-6.21042e-006,-2.18204e-006,,,,,,
2.38346e-005,1.19173e-005,,,,,,
5.22011e-005,2.78630e-005,,,,,,
4.28016e-005,2.63523e-005,,,,,,
2.03098e-005,9.23171e-006,,,,,,
7.21752e-006,-8.39246e-007,,,,,,
7.55322e-006,9.06386e-006,,,,,,
1.37636e-005,-2.04776e-005,,,,,,
1.17494e-005,1.00710e-006,,,,,,
1.72885e-005,1.00710e-006,,,,,,
6.21042e-006,-1.62814e-005,,,,,,
-1.71206e-005,-1.69528e-005,,,,,,
-2.43381e-005,-9.56741e-006,,,,,,
-3.64233e-005,-4.19623e-006,,,,,,
-2.90379e-005,1.32601e-005,,,,,,
-2.58488e-005,1.29244e-005,,,,,,
-2.87022e-005,-3.23949e-005,,,,,,
-3.02129e-005,-1.49386e-005,,,,,,
-2.76951e-005,-2.34989e-006,,,,,,
-4.01160e-005,-7.88891e-006,,,,,,
-4.61585e-005,-8.56031e-006,,,,,,
-4.48157e-005,-1.76242e-005,,,,,,
-4.81727e-005,-1.29244e-005,,,,,,
-4.71656e-005,7.55322e-006,,,,,,
-4.21302e-005,3.37377e-005,,,,,,
-3.97803e-005,4.51514e-005,,,,,,
-3.47448e-005,7.40215e-005,,,,,,
-3.52483e-005,7.60357e-005,,,,,,
-3.77661e-005,5.58938e-005,,,,,,
-2.92058e-005,3.17235e-005,,,,,,
-7.55322e-006,-2.34989e-006,,,,,,
-7.88891e-006,-1.22530e-005,,,,,,
2.18204e-006,-2.66880e-005,,,,,,
3.20592e-005,-8.44282e-005,,,,,,
4.04517e-005,-8.56031e-005,,,,,,
2.06455e-005,-4.21302e-005,,,,,,
-8.22461e-006,-2.50095e-005,,,,,,
-3.13878e-005,4.53193e-006,,,,,,
-3.77661e-005,5.18654e-005,,,,,,
-3.72625e-005,6.02579e-005,,,,,,
-3.92767e-005,4.61585e-005,,,,,,
-5.18654e-005,2.87022e-005,,,,,,
-2.29953e-005,-3.34020e-005,,,,,,
-2.18204e-006,-7.50286e-005,,,,,,
-2.83665e-005,-3.57519e-005,,,,,,
-6.05936e-005,1.19173e-005,,,,,,
-7.50286e-005,5.60616e-005,,,,,,
-6.32792e-005,1.14473e-004,,,,,,
-2.83665e-005,5.79080e-005,,,,,,
3.86053e-006,2.85344e-005,,,,,,
3.13878e-005,6.66362e-005,,,,,,
6.19364e-005,2.95415e-005,,,,,,
7.77142e-005,-6.21042e-006,,,,,,
6.79789e-005,-1.29244e-005,,,,,,
2.66880e-005,-2.16526e-005,,,,,,
-2.18204e-006,-4.38087e-005,,,,,,
-5.03548e-007,-2.83665e-005,,,,,,
3.02129e-005,-4.28016e-005,,,,,,
1.30922e-005,-7.48608e-005,,,,,,
-3.50805e-005,-8.30854e-005,,,,,,
-1.84634e-005,-1.35958e-004,,,,,,
2.36667e-005,-1.64324e-004,,,,,,
4.68299e-005,-9.65133e-005,,,,,,
2.63523e-005,-3.72625e-005,,,,,,
2.51774e-006,-5.43832e-005,,,,,,
-1.52743e-005,-2.90379e-005,,,,,,
-1.89670e-005,3.27306e-005,,,,,,
-5.52224e-005,8.20783e-005,,,,,,
-1.04906e-004,2.13672e-004,,,,,,
-1.14809e-004,2.93400e-004,,,,,,
-9.26528e-005,6.96574e-005,,,,,,
-7.40215e-005,5.89151e-005,,,,,,
-6.05936e-005,1.96216e-004,,,,,,
-4.51514e-005,1.34112e-004,,,,,,
-5.69009e-005,-4.04517e-005,,,,,,
-7.80499e-005,-1.77417e-004,,,,,,
-8.32532e-005,-2.16526e-005,,,,,,
-5.53903e-005,1.38140e-004,,,,,,
7.88891e-006,-1.67849e-006,,,,,,
5.25368e-005,3.60876e-005,,,,,,
5.65652e-005,1.03731e-004,,,,,,
6.69719e-005,-1.67849e-007,,,,,,
7.97284e-005,-9.21492e-005,,,,,,
7.03288e-005,-1.43847e-004,,,,,,
2.38346e-005,-1.99405e-004,,,,,,
-1.29244e-005,-2.32471e-004,,,,,,
-1.96384e-005,-2.35492e-004,,,,,,
-2.60166e-005,-2.01251e-004,,,,,,
-3.20592e-005,-1.19677e-004,,,,,,
-2.51774e-006,-9.33242e-005,,,,,,
2.60166e-005,-9.48348e-005,,,,,,
3.94446e-005,-6.59647e-005,,,,,,
4.49836e-005,-5.92508e-005,,,,,,
3.65911e-005,-6.73075e-005,,,,,,
3.18914e-006,-3.25628e-005,,,,,,
-3.44091e-005,1.67849e-007,,,,,,
-4.04517e-005,1.66171e-005,,,,,,
-2.24918e-005,-1.52743e-005,,,,,,
-3.92767e-005,-7.35180e-005,,,,,,
-6.93217e-005,-4.01160e-005,,,,,,
-2.78630e-005,3.97803e-005,,,,,,
2.73594e-005,1.15816e-005,,,,,,
1.25887e-005,3.97803e-005,,,,,,
-1.10781e-005,7.31823e-005,,,,,,
-1.67849e-005,3.60876e-005,,,,,,
-1.89670e-005,-5.77401e-005,,,,,,
-7.67071e-005,-6.66362e-005,,,,,,
-1.08263e-004,3.57519e-005,,,,,,
-1.13298e-004,7.75463e-005,,,,,,
-1.05241e-004,9.04707e-005,,,,,,
-5.85794e-005,1.50729e-004,,,,,,
-7.88891e-006,1.90845e-004,,,,,,
2.80308e-005,9.78561e-005,,,,,,
2.85344e-005,4.71656e-005,,,,,,
1.46029e-005,6.07614e-005,,,,,,
8.89601e-006,5.42153e-005,,,,,,
-2.51774e-006,3.13878e-005,,,,,,
-2.56809e-005,1.72885e-005,,,,,,
-2.53452e-005,-1.51064e-006,,,,,,
-5.03548e-006,-1.77920e-005,,,,,,
5.70687e-005,-4.17945e-005,,,,,,
1.41161e-004,-4.24659e-005,,,,,,
1.50225e-004,-3.50805e-005,,,,,,
7.75463e-005,1.39315e-005,,,,,,
1.39315e-005,1.29244e-005,,,,,,
-1.66171e-005,-1.29244e-005,,,,,,
-4.21302e-005,3.30663e-005,,,,,,
-8.69459e-005,3.07164e-005,,,,,,
-1.28740e-004,-1.57778e-005,,,,,,
-1.14641e-004,-1.52743e-005,,,,,,
-7.26787e-005,-9.90310e-006,,,,,,
-6.26078e-005,-4.85084e-005,,,,,,
-8.54353e-005,-4.44800e-005,,,,,,
-9.97024e-005,4.86763e-006,,,,,,
-9.65133e-005,4.53193e-005,,,,,,
-6.16007e-005,6.56291e-005,,,,,,
-2.24918e-005,8.47639e-005,,,,,,
1.84634e-006,4.86763e-005,,,,,,
2.87022e-005,-2.13169e-005,,,,,,
8.17426e-005,-5.72366e-005,,,,,,
1.47372e-004,-1.00206e-004,,,,,,
1.43847e-004,-1.21691e-004,,,,,,
9.03029e-005,-8.25818e-005,,,,,,
6.49577e-005,-3.00450e-005,,,,,,
3.40734e-005,9.38277e-005,,,,,,
-8.74495e-005,1.96887e-004,,,,,,
-1.75402e-004,1.34112e-004,,,,,,
-2.13840e-004,5.18654e-005,,,,,,
-2.20386e-004,4.93477e-005,,,,,,
-1.47204e-004,8.17426e-005,,,,,,
-4.78370e-005,7.50286e-005,,,,,,
2.01419e-005,5.15297e-005,,,,,,
2.98772e-005,2.09812e-005,,,,,,
4.81727e-005,-9.23171e-006,,,,,,
2.92058e-005,9.56741e-006,,,,,,
-1.14137e-005,1.94705e-005,,,,,,
-4.17945e-005,1.77920e-005,,,,,,
-6.05936e-005,-5.03548e-006,,,,,,
1.29244e-005,-8.22461e-005,,,,,,
1.62310e-004,-1.58282e-004,,,,,,
1.81445e-004,-1.70199e-004,,,,,,
8.17426e-005,-1.42504e-004,,,,,,
1.77920e-005,-1.25887e-004,,,,,,
-1.52743e-005,-8.91279e-005,,,,,,
-3.10521e-005,2.41703e-005,,,,,,
-5.13619e-005,1.21691e-004,,,,,,
-5.53903e-005,9.58419e-005,,,,,,
-6.59647e-005,4.81727e-005,,,,,,
-2.76951e-005,2.40024e-005,,,,,,
7.72107e-006,1.10781e-005,,,,,,
-1.84634e-006,1.25887e-005,,,,,,
-1.79599e-005,-7.88891e-006,,,,,,
-5.70687e-006,-2.36667e-005,,,,,,
9.06386e-006,-2.85344e-005,,,,,,
1.05745e-005,-3.74304e-005,,,,,,
-2.71916e-005,-4.22980e-005,,,,,,
-7.82177e-005,-4.41444e-005,,,,,,
-7.70428e-005,-5.35439e-005,,,,,,
-5.45510e-005,-7.80499e-005,,,,,,
-2.45060e-005,-8.37568e-005,,,,,,
1.84634e-006,-7.73785e-005,,,,,,
3.84375e-005,-5.11940e-005,,,,,,
6.36149e-005,-2.43381e-005,,,,,,
4.91798e-005,-1.25887e-005,,,,,,
4.58228e-005,1.44350e-005,,,,,,
9.73526e-006,7.23430e-005,,,,,,
-7.01610e-005,1.66003e-004,,,,,,
-1.05913e-004,1.57946e-004,,,,,,
-9.61776e-005,7.90570e-005,,,,,,
-9.03029e-005,6.32792e-005,,,,,,
-6.07614e-005,6.94896e-005,,,,,,
-1.39315e-005,5.25368e-005,,,,,,
1.22530e-005,4.24659e-005,,,,,,
1.96384e-005,1.52743e-005,,,,,,
-7.55322e-006,-1.62814e-005,,,,,,
-3.30663e-005,-3.64233e-005,,,,,,
-4.46479e-005,-6.59647e-005,,,,,,
-2.13169e-005,-9.70169e-005,,,,,,
1.29244e-005,-1.14305e-004,,,,,,
-1.52743e-005,-8.57710e-005,,,,,,
-4.71656e-005,-5.75723e-005,,,,,,
-4.11231e-005,-5.38796e-005,,,,,,
-1.62814e-005,-3.74304e-005,,,,,,
1.37636e-005,2.68559e-006,,,,,,
1.02388e-005,3.03807e-005,,,,,,
-1.51064e-006,3.52483e-006,,,,,,
2.18204e-006,-2.56809e-005,,,,,,
6.54612e-006,-3.54162e-005,,,,,,
2.85344e-006,-3.64233e-005,,,,,,
4.86763e-006,-4.02838e-005,,,,,,
1.05745e-005,-5.62295e-005,,,,,,
4.44800e-005,-7.01610e-005,,,,,,
2.11490e-005,-7.67071e-005,,,,,,
-3.10521e-005,-4.96834e-005,,,,,,
-4.02838e-005,-7.21752e-006,,,,,,
-4.90120e-005,2.51774e-005,,,,,,
-6.32792e-005,3.18914e-006,,,,,,
-4.31373e-005,-3.22271e-005,,,,,,
-1.42672e-005,-3.91089e-005,,,,,,
-3.86053e-006,-5.18654e-005,,,,,,
1.10781e-005,-7.83856e-005,,,,,,
2.45060e-005,-7.33501e-005,,,,,,
2.66880e-005,-6.86503e-005,,,,,,
-7.21752e-006,-5.52224e-005,,,,,,
-2.88701e-005,-4.43122e-005,,,,,,
-5.32082e-005,-3.40734e-005,,,,,,
-8.45960e-005,-3.03807e-005,,,,,,
-8.79530e-005,-5.84115e-005,,,,,,
-6.86503e-005,-6.74754e-005,,,,,,
-4.85084e-005,-5.67330e-005,,,,,,
-6.83146e-005,-5.25368e-005,,,,,,
-1.15648e-004,-1.15816e-005,,,,,,
-4.66621e-005,3.99481e-005,,,,,,
7.04967e-005,5.70687e-005,,,,,,
9.61776e-005,3.40734e-005,,,,,,
1.01549e-004,2.56809e-005,,,,,,
5.92508e-005,2.80308e-005,,,,,,
2.56809e-005,5.30404e-005,,,,,,
2.18204e-005,5.11940e-005,,,,,,
2.16526e-005,9.06386e-006,,,,,,
1.12459e-005,2.19883e-005,,,,,,
1.51064e-006,4.14588e-005,,,,,,
-3.69268e-006,3.30663e-005,,,,,,
-9.90310e-006,2.65202e-005,,,,,,
-2.03098e-005,4.66621e-005,,,,,,
-1.82956e-005,2.06455e-005,,,,,,
-1.46029e-005,2.03098e-005,,,,,,
-1.34279e-005,7.88891e-006,,,,,,
-2.13169e-005,3.18914e-006,,,,,,
-2.53452e-005,1.86313e-005,,,,,,
-2.13169e-005,2.56809e-005,,,,,,
-2.06455e-005,2.53452e-005,,,,,,
-2.18204e-005,2.65202e-005,,,,,,
-3.12200e-005,2.66880e-005,,,,,,
-3.10521e-005,2.36667e-005,,,,,,
-3.00450e-005,2.38346e-005,,,,,,
-3.03807e-005,2.43381e-005,,,,,,
-2.40024e-005,1.98062e-005,,,,,,
-1.82956e-005,2.60166e-005,,,,,,
-2.43381e-005,3.50805e-005,,,,,,
-3.03807e-005,3.18914e-005,,,,,,
-2.83665e-005,2.56809e-005,,,,,,
-4.59907e-005,1.02388e-005,,,,,,
-5.18654e-005,-1.37636e-005,,,,,,
-3.97803e-005,5.03548e-007,,,,,,
-1.27565e-005,1.69528e-005,,,,,,
2.23239e-005,2.11490e-005,,,,,,
2.46738e-005,2.50095e-005,,,,,,
1.79599e-005,1.74563e-005,,,,,,
1.12459e-005,9.56741e-006,,,,,,
1.84634e-006,-2.18204e-006,,,,,,
-5.53903e-006,-1.96384e-005,,,,,,
-8.56031e-006,-3.91089e-005,,,,,,
-7.55322e-006,-4.01160e-005,,,,,,
-1.02388e-005,2.78630e-005,,,,,,
-1.46029e-005,3.65911e-005,,,,,,
-1.96384e-005,3.92767e-005,,,,,,
-2.93736e-005,2.71916e-005,,,,,,
-4.41444e-005,1.17494e-006,,,,,,
-6.12650e-005,-2.78630e-005,,,,,,
-6.42863e-005,-4.09552e-005,,,,,,
-2.13169e-005,-2.71916e-005,,,,,,
3.50805e-005,-2.63523e-005,,,,,,
5.89151e-005,-3.45769e-005,,,,,,
8.30854e-005,-5.30404e-005,,,,,,
1.05913e-004,-7.15038e-005,,,,,,
1.59625e-004,-6.19364e-005,,,,,,
1.89166e-004,-4.28016e-005,,,,,,
1.59289e-004,-4.21302e-005,,,,,,
9.66812e-005,-3.82696e-005,,,,,,
-3.57519e-005,-5.75723e-005,,,,,,
-2.42039e-004,-1.97055e-004,,,,,,
-3.13542e-004,-7.73785e-005,,,,,,
-2.70909e-004,1.14977e-004,,,,,,
-1.96384e-004,1.99908e-004,,,,,,
-1.15480e-004,6.66362e-005,,,,,,
1.12459e-005,-2.34989e-006,,,,,,
9.23171e-005,1.07424e-005,,,,,,
1.18334e-004,-8.97993e-005,,,,,,
1.06249e-004,-1.65331e-004,,,,,,
3.57519e-005,-1.48379e-004,,,,,,
-6.36149e-005,-1.00542e-004,,,,,,
-1.39147e-004,-2.19883e-005,,,,,,
-9.91989e-005,2.16022e-004,,,,,,
-5.40475e-005,4.04685e-004,,,,,,
-1.51064e-006,1.93866e-004,,,,,,
8.54353e-005,-1.23873e-004,,,,,,
1.52071e-004,-4.98512e-005,,,,,,
9.56741e-005,1.01884e-004,,,,,,
-7.70428e-005,9.90311e-005,,,,,,
-1.84466e-004,8.57710e-005,,,,,,
-1.15816e-004,1.27733e-004,,,,,,
8.24140e-005,9.76883e-005,,,,,,
2.13169e-004,-2.93736e-005,,,,,,
1.97223e-004,-1.77417e-004,,,,,,
1.75738e-004,-2.34821e-004,,,,,,
9.98703e-005,-1.02388e-004,,,,,,
-8.22461e-006,-8.20783e-005,,,,,,
-9.55062e-005,-1.96887e-004,,,,,,
-2.60334e-004,-3.37377e-005,,,,,,
-5.36278e-004,2.14679e-004,,,,,,
-4.50507e-004,1.94202e-004,,,,,,
-3.01289e-004,9.55062e-005,,,,,,
-2.56641e-004,9.91989e-005,,,,,,
-2.17029e-004,1.15816e-004,,,,,,
-2.83665e-005,2.42878e-004,,,,,,
8.14069e-005,2.32471e-004,,,,,,
3.18914e-006,7.28466e-005,,,,,,
-4.91798e-005,4.11231e-005,,,,,,
1.82956e-005,4.07874e-005,,,,,,
3.34020e-005,-4.04517e-005,,,,,,
-6.83146e-005,-1.35454e-004,,,,,,
-5.15297e-005,-1.89166e-004,,,,,,
4.46479e-005,-7.77142e-005,,,,,,
1.26894e-004,2.57313e-004,,,,,,
2.82490e-004,2.08637e-004,,,,,,
3.64401e-004,-2.30289e-004,,,,,,
4.15427e-004,-3.50805e-004,,,,,,
3.73632e-004,-2.41871e-004,,,,,,
2.92561e-004,-1.14305e-004,,,,,,
3.49462e-004,9.18135e-005,,,,,,
4.08713e-004,9.04707e-005,,,,,,
3.06661e-004,6.34470e-005,,,,,,
1.45525e-004,3.00786e-004,,,,,,
-3.01961e-004,4.17441e-004,,,,,,
-8.29343e-004,3.66415e-004,,,,,,
-8.96483e-004,1.56603e-004,,,,,,
-8.76844e-004,9.03029e-005,,,,,,
-6.78950e-004,2.56977e-004,,,,,,
-4.05524e-004,1.85809e-004,,,,,,
-2.17029e-004,1.86313e-005,,,,,,
-1.42168e-004,1.82956e-005,,,,,,
-1.37469e-004,-9.98703e-005,,,,,,
2.31632e-005,-1.86481e-004,,,,,,
2.07797e-004,-2.28443e-004,,,,,,
2.09979e-004,-2.63691e-004,,,,,,
1.77417e-004,-2.21729e-004,,,,,,
8.49317e-005,-8.34211e-005,,,,,,
5.62295e-005,-8.84566e-005,,,,,,
7.95605e-005,-1.26055e-004,,,,,,
1.09270e-004,-1.76242e-005,,,,,,
3.00282e-004,-1.04906e-004,,,,,,
5.90494e-004,-2.35828e-004,,,,,,
7.09667e-004,-4.64942e-005,,,,,,
5.15129e-004,6.71397e-006,,,,,,
2.65705e-004,2.48417e-005,,,,,,
7.57000e-005,8.19104e-005,,,,,,
-8.37568e-005,1.99741e-005,,,,,,
-2.77791e-004,-6.39506e-005,,,,,,
-4.21973e-004,-1.67849e-007,,,,,,
-2.76112e-004,1.14641e-004,,,,,,
5.20333e-005,1.23033e-004,,,,,,
2.57649e-004,-1.71206e-005,,,,,,
3.71115e-004,-4.98512e-005,,,,,,
5.09926e-004,-1.03563e-004,,,,,,
3.94949e-004,-1.08934e-004,,,,,,
7.57000e-005,4.11231e-005,,,,,,
-2.64698e-004,1.25048e-004,,,,,,
-4.21805e-004,9.23171e-006,,,,,,
-6.43366e-004,-9.28206e-005,,,,,,
-7.06142e-004,-3.78836e-004,,,,,,
-3.86892e-004,-3.66583e-004,,,,,,
-1.15312e-004,9.98703e-005,,,,,,
-6.56291e-005,1.74731e-004,,,,,,
-1.76242e-005,1.89670e-004,,,,,,
1.64492e-005,1.48882e-004,,,,,,
-1.00877e-004,4.75013e-005,,,,,,
-1.62646e-004,-1.35958e-005,,,,,,
-1.36461e-004,-1.18669e-004,,,,,,
-6.32792e-005,-1.40826e-004,,,,,,
-7.55322e-006,-1.81109e-004,,,,,,
2.43381e-005,-1.79599e-004,,,,,,
9.97024e-005,2.21057e-004,,,,,,
7.95605e-005,3.77997e-004,,,,,,
-6.29435e-005,5.72366e-005,,,,,,
-1.06584e-004,1.31426e-004,,,,,,
6.41184e-005,2.99611e-004,,,,,,
1.54253e-004,2.33143e-004,,,,,,
1.42168e-004,1.57610e-004,,,,,,
1.23369e-004,1.46029e-005,,,,,,
7.20073e-005,-2.51774e-004,,,,,,
-5.20333e-005,-3.95789e-004,,,,,,
-2.66880e-005,-3.57015e-004,,,,,,
1.50225e-004,-2.68391e-004,,,,,,
3.75814e-004,-1.95041e-004,,,,,,
4.22477e-004,-2.26764e-004,,,,,,
3.12367e-004,-2.17197e-004,,,,,,
1.95880e-004,-1.89837e-004,,,,,,
-1.10781e-004,-2.01923e-004,,,,,,
-4.70146e-004,-1.57275e-004,,,,,,
-6.25406e-004,-1.55764e-004,,,,,,
-4.62760e-004,-3.57519e-005,,,,,,
-2.25086e-004,4.23484e-004,,,,,,
3.47448e-005,4.85588e-004,,,,,,
1.78759e-004,2.29618e-004,,,,,,
2.38010e-004,1.62814e-005,,,,,,
2.70909e-004,-2.06455e-005,,,,,,
1.63317e-004,4.28016e-005,,,,,,
-1.93027e-005,3.40734e-005,,,,,,
-1.93194e-004,7.77142e-005,,,,,,
-3.23781e-004,1.95544e-004,,,,,,
-2.75944e-004,2.81147e-004,,,,,,
-1.81445e-004,3.45266e-004,,,,,,
-6.34470e-005,2.02594e-004,,,,,,
-2.24918e-005,-6.41184e-005,,,,,,
-5.28725e-005,-1.82116e-004,,,,,,
-1.86816e-004,-3.78836e-004,,,,,,
-2.67887e-004,-3.33852e-004,,,,,,
-2.38682e-004,-2.37171e-004,,,,,,
-6.42863e-005,-5.38796e-005,,,,,,
1.23369e-004,9.41634e-005,,,,,,
2.00580e-004,1.32937e-004,,,,,,
2.63020e-004,1.21523e-004,,,,,,
2.57649e-004,7.25109e-005,,,,,,
2.14176e-004,-1.91348e-005,,,,,,
2.77119e-004,-2.56809e-005,,,,,,
3.28481e-004,-5.37118e-006,,,,,,
2.15854e-004,-2.70237e-005,,,,,,
1.73724e-004,-8.44282e-005,,,,,,
2.07294e-004,-1.72045e-004,,,,,,
2.08301e-004,-1.75402e-004,,,,,,
-3.52483e-005,-9.83597e-005,,,,,,
-1.57275e-004,-1.49386e-005,,,,,,
-1.99237e-004,7.16716e-005,,,,,,
-4.13413e-004,1.82788e-004,,,,,,
-5.16304e-004,1.73892e-004,,,,,,
-4.00320e-004,-3.77661e-005,,,,,,
-2.32471e-004,-1.87152e-004,,,,,,
-1.14305e-004,-2.12329e-004,,,,,,
-9.60098e-005,-1.16991e-004,,,,,,
1.99741e-005,-6.86503e-005,,,,,,
1.30083e-004,-9.06386e-005,,,,,,
1.83291e-004,-6.71397e-007,,,,,,
1.85473e-004,-4.19623e-006,,,,,,
1.96551e-004,-4.31373e-005,,,,,,
1.88159e-004,-4.98512e-005,,,,,,
8.20783e-005,-4.91798e-005,,,,,,
3.39055e-005,-2.53452e-005,,,,,,
-2.68559e-006,-2.50095e-005,,,,,,
-1.12963e-004,-3.77661e-005,,,,,,
-1.85138e-004,-1.35958e-005,,,,,,
-9.09743e-005,-7.21752e-006,,,,,,
3.86053e-006,1.29244e-005,,,,,,
5.48867e-005,1.69528e-005,,,,,,
1.13802e-004,1.32601e-005,,,,,,
1.17998e-004,6.54612e-006,,,,,,
3.86053e-006,2.43381e-005,,,,,,
-2.18708e-004,1.08095e-004,,,,,,
-3.56344e-004,1.69360e-004,,,,,,
-2.52781e-004,1.39651e-004,,,,,,
-9.03029e-005,1.29412e-004,,,,,,
-1.89670e-005,1.24376e-004,,,,,,
-9.90310e-006,5.08583e-005,,,,,,
-6.71397e-007,-4.24659e-005,,,,,,
1.66171e-005,-8.82887e-005,,,,,,
2.03098e-005,-2.46738e-005,,,,,,
3.81018e-005,1.67849e-007,,,,,,
3.27306e-005,-4.31373e-005,,,,,,
-4.19623e-006,-5.72366e-005,,,,,,
-2.08133e-005,-6.00900e-005,,,,,,
-1.40993e-005,-3.20592e-005,,,,,,
5.13619e-005,3.18914e-006,,,,,,
1.38140e-004,1.17494e-005,,,,,,
7.90570e-005,1.04067e-005,,,,,,
7.90570e-005,-4.36408e-006,,,,,,
8.64424e-005,-2.36667e-005,,,,,,
-1.07591e-004,-1.79599e-005,,,,,,
-1.83459e-004,-1.82956e-005,,,,,,
-2.04273e-004,-3.52483e-006,,,,,,
-3.51308e-004,9.56741e-006,,,,,,
-7.77142e-005,-1.42672e-005,,,,,,
1.32769e-004,-3.70947e-005,,,,,,
1.10948e-004,-3.94446e-005,,,,,,
3.57519e-005,-4.14588e-005,,,,,,
7.87213e-005,-3.37377e-005,,,,,,
9.24849e-005,-9.90310e-006,,,,,,
2.56809e-005,-2.85344e-005,,,,,,
-2.33310e-005,-5.18654e-005,,,,,,
-6.63004e-005,-3.03807e-005,,,,,,
-1.52071e-004,1.14137e-005,,,,,,
-1.74731e-004,3.40734e-005,,,,,,
-5.18654e-005,4.41444e-005,,,,,,
5.15297e-005,3.97803e-005,,,,,,
9.44991e-005,1.98062e-005,,,,,,
1.20684e-004,2.34989e-006,,,,,,
5.01869e-005,-3.97803e-005,,,,,,
5.87472e-006,-6.49577e-005,,,,,,
-8.66102e-005,-7.43572e-005,,,,,,
-1.95209e-004,-8.91279e-005,,,,,,
-1.64492e-004,-6.26078e-005,,,,,,
-5.27047e-005,-1.67849e-007,,,,,,
-4.93477e-005,4.51514e-005,,,,,,
-7.04967e-006,3.55840e-005,,,,,,
-1.47707e-005,4.22980e-005,,,,,,
-4.28016e-005,4.66621e-005,,,,,,
-4.71656e-005,-2.51774e-006,,,,,,
-5.85794e-005,-3.77661e-005,,,,,,
-1.76242e-005,-3.57519e-005,,,,,,
3.77661e-005,1.91348e-005,,,,,,
4.64942e-005,6.83146e-005,,,,,,
3.74304e-005,6.02579e-005,,,,,,
4.98512e-005,1.29244e-005,,,,,,
3.64233e-005,-1.96384e-005,,,,,,
3.34020e-005,-2.43381e-005,,,,,,
2.48417e-005,-4.86763e-006,,,,,,
1.59457e-005,1.74563e-005,,,,,,
2.04776e-005,2.63523e-005,,,,,,
1.72885e-005,1.35958e-005,,,,,,
2.13169e-005,7.88891e-006,,,,,,
3.84375e-005,1.25887e-005,,,,,,
3.13878e-005,1.19173e-005,,,,,,
1.96384e-005,3.86053e-006,,,,,,
7.21752e-006,-8.56031e-006,,,,,,
-1.02388e-005,-1.12459e-005,,,,,,
-1.05745e-004,-7.55322e-006,,,,,,
-1.69696e-004,-8.39246e-007,,,,,,
-1.06249e-004,2.85344e-006,,,,,,
4.86763e-006,6.54612e-006,,,,,,
8.74495e-005,3.60876e-005,,,,,,
1.27398e-004,6.91539e-005,,,,,,
9.75204e-005,4.11231e-005,,,,,,
2.56809e-005,3.92767e-005,,,,,,
-4.85084e-005,2.78630e-005,,,,,,
-7.40215e-005,8.56031e-006,,,,,,
-4.86763e-005,3.18914e-006,,,,,,
-1.22530e-005,-1.67849e-007,,,,,,
2.80308e-005,1.87991e-005,,,,,,
9.11421e-005,1.66171e-005,,,,,,
8.81209e-005,2.36667e-005,,,,,,
3.65911e-005,3.05486e-005,,,,,,
-2.16526e-005,2.13169e-005,,,,,,
-7.98962e-005,6.37827e-006,,,,,,
-1.12963e-004,2.04776e-005,,,,,,
-1.09606e-004,-8.89601e-006,,,,,,
-1.05409e-004,6.21042e-006,,,,,,
-1.04570e-004,3.07164e-005,,,,,,
-9.78561e-005,4.04517e-005,,,,,,
-7.83856e-005,-1.49386e-005,,,,,,
-5.52224e-005,-2.08133e-005,,,,,,
-1.89670e-005,5.87472e-006,,,,,,
-1.67849e-005,9.73526e-006,,,,,,
-2.65202e-005,1.66171e-005,,,,,,
-2.18204e-005,8.39246e-007,,,,,,
-1.72885e-005,-2.36667e-005,,,,,,
-1.96384e-005,-1.42672e-005,,,,,,
-1.72885e-005,-1.99741e-005,,,,,,
1.51064e-006,-2.75273e-005,,,,,,
4.68299e-005,-5.48867e-005,,,,,,
5.94186e-005,-7.13359e-005,,,,,,
4.73335e-005,-5.70687e-005,,,,,,
5.13619e-005,-1.19173e-005,,,,,,
4.81727e-005,-1.59457e-005,,,,,,
1.81277e-005,-3.05486e-005,,,,,,
1.37636e-005,-2.83665e-005,,,,,,
2.19883e-005,-1.49386e-005,,,,,,
1.51064e-006,2.11490e-005,,,,,,
-7.88891e-006,2.23239e-005,,,,,,
-1.42672e-005,3.45769e-005,,,,,,
-4.31373e-005,5.01869e-005,,,,,,
-7.28466e-005,4.93477e-005,,,,,,
-9.28206e-005,4.33051e-005,,,,,,
-9.08064e-005,3.87732e-005,,,,,,
-7.53643e-005,8.25818e-005,,,,,,
-8.10712e-005,1.14809e-004,,,,,,
-9.03029e-005,1.27062e-004,,,,,,
-7.62036e-005,1.76745e-004,,,,,,
-5.45510e-005,2.05280e-004,,,,,,
-2.66880e-005,1.38140e-004,,,,,,
-5.03548e-007,1.16487e-004,,,,,,
1.51064e-006,3.70947e-005,,,,,,
-1.71206e-005,-7.50286e-005,,,,,,
-4.49836e-005,-8.25818e-005,,,,,,
-4.44800e-005,-5.35439e-005,,,,,,
-7.21752e-006,1.86313e-005,,,,,,
3.07164e-005,3.39055e-005,,,,,,
7.20073e-005,-2.46738e-005,,,,,,
1.00542e-004,-1.19005e-004,,,,,,
7.90570e-005,-2.03098e-004,,,,,,
4.21302e-005,-2.99611e-004,,,,,,
1.93027e-005,-3.00786e-004,,,,,,
6.54612e-006,-4.48157e-005,,,,,,
-1.52743e-005,1.09606e-004,,,,,,
-5.15297e-005,1.09606e-004,,,,,,
-7.90570e-005,-3.52483e-006,,,,,,
-6.52934e-005,-1.14977e-004,,,,,,
-3.23949e-005,-8.57710e-005,,,,,,
-1.29244e-005,7.35180e-005,,,,,,
2.68559e-006,2.33310e-005,,,,,,
1.86313e-005,2.85344e-005,,,,,,
9.23171e-006,1.62310e-004,,,,,,
-9.56741e-006,1.49386e-004,,,,,,
9.23171e-006,1.36461e-004,,,,,,
3.92767e-005,7.23430e-005,,,,,,
3.59197e-005,1.66171e-005,,,,,,
-1.02388e-005,-2.85344e-006,,,,,,
-5.69009e-005,-5.55581e-005,,,,,,
-6.89860e-005,-1.60632e-004,,,,,,
-6.46220e-005,-1.84970e-004,,,,,,
-1.89670e-005,-1.04906e-004,,,,,,
-1.35958e-005,-2.21561e-005,,,,,,
-1.89670e-005,-6.71397e-005,,,,,,
-2.76951e-005,-1.02724e-004,,,,,,
-5.25368e-005,-8.09033e-005,,,,,,
-2.50095e-005,-9.38277e-005,,,,,,
-1.35958e-005,-3.30663e-005,,,,,,
-1.79599e-005,-4.85084e-005,,,,,,
2.51774e-006,-1.30083e-004,,,,,,
1.07424e-005,-8.15747e-005,,,,,,
2.85344e-006,-3.20592e-005,,,,,,
-4.19623e-006,4.36408e-006,,,,,,
-3.39055e-005,-1.66171e-005,,,,,,
-5.48867e-005,1.12795e-004,,,,,,
-5.89151e-005,2.09812e-005,,,,,,
-6.16007e-005,-1.12963e-004,,,,,,
3.86053e-006,5.65652e-005,,,,,,
7.01610e-005,1.57610e-004,,,,,,
6.22721e-005,6.73075e-005,,,,,,
3.39055e-005,-5.18654e-005,,,,,,
-1.67849e-007,-8.79530e-005,,,,,,
-2.75273e-005,-1.84634e-006,,,,,,
-5.53903e-005,1.13970e-004,,,,,,
-6.02579e-005,1.16487e-004,,,,,,
-6.66362e-005,6.69719e-005,,,,,,
-8.10712e-005,4.95155e-005,,,,,,
-5.89151e-005,6.47898e-005,,,,,,
-2.88701e-005,5.01869e-005,,,,,,
-5.37118e-006,-1.34279e-005,,,,,,
-1.24208e-005,-1.76242e-005,,,,,,
5.87472e-006,-1.30922e-005,,,,,,
5.05226e-005,-4.19623e-006,,,,,,
2.23239e-005,-9.56741e-006,,,,,,
2.06455e-005,-1.09102e-005,,,,,,
1.05074e-004,-1.09102e-005,,,,,,
1.88830e-004,-3.20592e-005,,,,,,
1.88830e-004,-6.52934e-005,,,,,,
1.70871e-004,-9.01350e-005,,,,,,
1.20684e-004,-8.79530e-005,,,,,,
2.93736e-005,-7.01610e-005,,,,,,
-4.36408e-005,-6.42863e-005,,,,,,
-1.03899e-004,-4.58228e-005,,,,,,
-1.55261e-004,-2.16526e-005,,,,,,
-1.68017e-004,-1.71206e-005,,,,,,
-1.64157e-004,5.20333e-006,,,,,,
-1.33944e-004,1.57778e-005,,,,,,
-1.00206e-004,5.74044e-005,,,,,,
-1.23705e-004,1.45190e-004,,,,,,
-1.26558e-004,1.18502e-004,,,,,,
-9.68490e-005,1.04402e-004,,,,,,
-7.90570e-005,1.35119e-004,,,,,,
-4.76692e-005,8.37568e-005,,,,,,
-7.21752e-006,1.84634e-006,,,,,,
-5.03548e-006,-5.94186e-005,,,,,,
1.49386e-005,-1.07591e-004,,,,,,
3.77661e-005,-2.45731e-004,,,,,,
5.00191e-005,-2.74769e-004,,,,,,
4.56550e-005,-1.25383e-004,,,,,,
4.04517e-005,-7.26787e-005,,,,,,
3.05486e-005,-1.51064e-006,,,,,,
2.80308e-005,9.58419e-005,,,,,,
-1.89670e-005,1.38643e-004,,,,,,
-3.74304e-005,1.28069e-004,,,,,,
3.74304e-005,7.35180e-005,,,,,,
1.12459e-004,3.60876e-005,,,,,,
9.41634e-005,4.14588e-005,,,,,,
2.23239e-005,1.71206e-005,,,,,,
-5.20333e-006,-3.75982e-005,,,,,,
-2.53452e-005,-2.97093e-005,,,,,,
-5.01869e-005,9.56741e-006,,,,,,
-6.83146e-005,3.18914e-006,,,,,,
-1.11955e-004,-3.18914e-006,,,,,,
-1.59960e-004,2.66880e-005,,,,,,
-1.37972e-004,6.02579e-005,,,,,,
-4.91798e-005,7.23430e-005,,,,,,
1.59457e-005,-2.34989e-005,,,,,,
1.84634e-006,-6.46220e-005,,,,,,
-5.08583e-005,-6.29435e-005,,,,,,
-4.78370e-005,-7.26787e-005,,,,,,
-2.13169e-005,-5.77401e-005,,,,,,
-6.21042e-006,-3.02129e-005,,,,,,
1.09102e-005,-6.02579e-005,,,,,,
1.52743e-005,-6.99931e-005,,,,,,
5.53903e-005,-7.67071e-005,,,,,,
1.04234e-004,-8.07355e-005,,,,,,
5.69009e-005,-7.53643e-005,,,,,,
3.86053e-006,-4.17945e-005,,,,,,
3.18914e-006,3.67590e-005,,,,,,
-2.46738e-005,1.29747e-004,,,,,,
-3.60876e-005,1.57275e-004,,,,,,
-2.29953e-005,1.09270e-004,,,,,,
-4.44800e-005,4.64942e-005,,,,,,
-4.98512e-005,1.05745e-005,,,,,,
-2.93736e-005,-1.10781e-005,,,,,,
-1.89670e-005,-2.76951e-005,,,,,,
1.32601e-005,-1.59457e-005,,,,,,
3.50805e-005,-1.04067e-005,,,,,,
2.93736e-005,-1.69528e-005,,,,,,
-2.50095e-005,-1.02388e-005,,,,,,
-9.70169e-005,-2.18204e-006,,,,,,
-9.91989e-005,-2.60166e-005,,,,,,
-9.98703e-005,-1.16991e-004,,,,,,
-7.55322e-005,-1.59625e-004,,,,,,
9.73526e-006,-1.20180e-004,,,,,,
5.55581e-005,-8.03998e-005,,,,,,
4.71656e-005,1.09102e-005,,,,,,
1.54421e-005,7.60357e-005,,,,,,
-1.22530e-005,1.46868e-004,,,,,,
-3.87732e-005,2.24414e-004,,,,,,
-5.79080e-005,1.80438e-004,,,,,,
-6.52934e-005,9.91989e-005,,,,,,
-6.63004e-005,4.68299e-005,,,,,,
-6.99931e-005,4.75013e-005,,,,,,
-3.67590e-005,2.93736e-005,,,,,,
4.88441e-005,1.32601e-005,,,,,,
7.73785e-005,2.50095e-005,,,,,,
4.53193e-005,8.39246e-006,,,,,,
2.73594e-005,-9.56741e-006,,,,,,
3.86053e-006,-1.51064e-006,,,,,,
-3.35698e-007,-1.67849e-006,,,,,,
-1.51064e-006,-1.02388e-005,,,,,,
-2.40024e-005,-9.90310e-006,,,,,,
-5.32082e-005,-3.27306e-005,,,,,,
-5.45510e-005,-6.73075e-005,,,,,,
-3.54162e-005,-5.28725e-005,,,,,,
2.04776e-005,-2.58488e-005,,,,,,
5.28725e-005,-2.18204e-005,,,,,,
1.71206e-005,-3.13878e-005,,,,,,
-4.04517e-005,-4.53193e-006,,,,,,
-8.74495e-005,-6.21042e-006,,,,,,
-7.73785e-005,-3.30663e-005,,,,,,
-1.32601e-005,-7.26787e-005,,,,,,
3.49126e-005,-1.23705e-004,,,,,,
3.79339e-005,-1.37301e-004,,,,,,
5.30404e-005,-6.46220e-005,,,,,,
6.31113e-005,1.24208e-005,,,,,,
5.85794e-005,3.77661e-005,,,,,,
1.93027e-005,6.36149e-005,,,,,,
-5.42153e-005,9.75204e-005,,,,,,
-9.55062e-005,9.08064e-005,,,,,,
-1.21019e-004,3.42412e-005,,,,,,
-1.20684e-004,-3.70947e-005,,,,,,
-9.68490e-005,-6.63004e-005,,,,,,
-6.02579e-005,-2.29953e-005,,,,,,
-2.78630e-005,-5.03548e-007,,,,,,
-2.56809e-005,6.54612e-006,,,,,,
-2.03098e-005,2.16526e-005,,,,,,
-7.88891e-006,3.84375e-005,,,,,,
1.59457e-005,-1.05745e-005,,,,,,
2.19883e-005,-3.94446e-005,,,,,,
1.99741e-005,-3.84375e-005,,,,,,
2.70237e-005,-6.09293e-005,,,,,,
3.13878e-005,-7.60357e-005,,,,,,
4.31373e-005,-8.37568e-005,,,,,,
4.98512e-005,-1.00877e-004,,,,,,
3.03807e-005,-9.26528e-005,,,,,,
8.89601e-006,-9.38277e-005,,,,,,
4.53193e-006,-8.24140e-005,,,,,,
3.52483e-006,-5.08583e-005,,,,,,
-1.24208e-005,-3.64233e-005,,,,,,
-4.48157e-005,-3.82696e-005,,,,,,
-6.88182e-005,-3.47448e-005,,,,,,
-7.53643e-005,-2.38346e-005,,,,,,
-3.39055e-005,-3.52483e-005,,,,,,
2.98772e-005,-5.60616e-005,,,,,,
5.27047e-005,-5.80758e-005,,,,,,
3.77661e-005,-4.91798e-005,,,,,,
3.07164e-005,-2.46738e-005,,,,,,
3.27306e-005,-4.19623e-006,,,,,,
5.87472e-006,1.59457e-005,,,,,,
-6.83146e-005,3.37377e-005,,,,,,
-9.90311e-005,1.59457e-005,,,,,,
-8.81209e-005,1.32601e-005,,,,,,
-5.63973e-005,1.62814e-005,,,,,,
-3.77661e-005,1.62814e-005,,,,,,
-3.65911e-005,1.15816e-005,,,,,,
-2.26596e-005,1.64492e-005,,,,,,
-1.82956e-005,1.77920e-005,,,,,,
-1.69528e-005,1.27565e-005,,,,,,
-1.64492e-005,2.71916e-005,,,,,,
-1.29244e-005,1.46029e-005,,,,,,
-1.49386e-005,7.04967e-006,,,,,,
-1.82956e-005,2.06455e-005,,,,,,
-1.79599e-005,2.90379e-005,,,,,,
-1.54421e-005,3.12200e-005,,,,,,
-1.76242e-005,1.05745e-005,,,,,,
-1.69528e-005,1.49386e-005,,,,,,
-1.35958e-005,2.43381e-005,,,,,,
-1.22530e-005,2.45060e-005,,,,,,
-2.01419e-006,1.84634e-005,,,,,,
3.69268e-006,2.73594e-005,,,,,,
4.53193e-006,3.25628e-005,,,,,,
-5.70687e-006,2.88701e-005,,,,,,
-9.23171e-006,3.03807e-005,,,,,,
-1.74563e-005,3.44091e-005,,,,,,
-1.93027e-005,1.76242e-005,,,,,,
-7.21752e-006,1.30922e-005,,,,,,
1.84634e-006,1.69528e-005,,,,,,
-1.17494e-006,2.43381e-005,,,,,,
-7.21752e-006,3.13878e-005,,,,,,
-1.02388e-005,3.07164e-005,,,,,,
-1.09102e-005,1.59457e-005,,,,,,
-8.89601e-006,-4.53193e-006,,,,,,
-1.44350e-005,1.10781e-005,,,,,,
-1.14137e-005,2.26596e-005,,,,,,
-8.56031e-006,2.48417e-005,,,,,,
-1.35958e-005,-1.17494e-006,,,,,,
-1.14137e-005,-8.56031e-006,,,,,,
-8.22461e-006,5.70687e-006,,,,,,
-9.90310e-006,1.05745e-005,,,,,,
-9.90310e-006,3.30663e-005,,,,,,
-1.12459e-005,3.08843e-005,,,,,,
-1.59457e-005,1.29244e-005,,,,,,
-2.16526e-005,1.62814e-005,,,,,,
-2.06455e-005,1.46029e-005,,,,,,
-1.25887e-005,6.04257e-006,,,,,,
-1.09102e-005,3.52483e-006,,,,,,
-1.05745e-005,1.25887e-005,,,,,,
-1.29244e-005,2.03098e-005,,,,,,
-1.35958e-005,2.51774e-006,,,,,,
-1.59457e-005,-2.85344e-006,,,,,,
-2.09812e-005,-1.52743e-005,,,,,,
-2.76951e-005,-1.91348e-005,,,,,,
-2.06455e-005,-1.84634e-006,,,,,,
-2.34989e-006,3.45769e-005,,,,,,
6.71397e-007,6.29435e-005,,,,,,
-6.21042e-006,5.20333e-006,,,,,,
-1.02388e-005,-7.63714e-005,,,,,,
1.29244e-005,-3.70947e-005,,,,,,
9.80240e-005,1.24208e-004,,,,,,
1.72381e-004,1.03227e-004,,,,,,
2.11658e-004,-8.56031e-006,,,,,,
1.93866e-004,-3.20592e-005,,,,,,
1.33104e-004,2.50095e-005,,,,,,
-4.61585e-005,1.49386e-005,,,,,,
-2.69734e-004,-9.44991e-005,,,,,,
-3.54665e-004,-1.47707e-004,,,,,,
-2.75776e-004,-1.06920e-004,,,,,,
-2.63523e-005,-2.21561e-005,,,,,,
1.86816e-004,2.07797e-004,,,,,,
2.41535e-004,1.47539e-004,,,,,,
2.15518e-004,-3.77661e-005,,,,,,
9.38277e-005,-9.29885e-005,,,,,,
-2.15015e-004,-9.08064e-005,,,,,,
-4.74342e-004,-6.86503e-005,,,,,,
-5.68170e-004,3.18914e-006,,,,,,
-4.27848e-004,6.21042e-005,,,,,,
-2.00244e-004,-9.73526e-006,,,,,,
-6.49577e-005,-1.06752e-004,,,,,,
-7.55322e-006,3.86053e-006,,,,,,
9.78561e-005,7.43572e-005,,,,,,
2.01251e-004,-5.13619e-005,,,,,,
2.04273e-004,-1.21019e-004,,,,,,
1.68017e-004,-1.07927e-004,,,,,,
1.80438e-004,3.64233e-005,,,,,,
2.96590e-004,2.58320e-004,,,,,,
4.55543e-004,3.13375e-004,,,,,,
4.79545e-004,2.27268e-004,,,,,,
4.41443e-004,3.13039e-004,,,,,,
5.22850e-004,2.53620e-004,,,,,,
2.93065e-004,-2.76951e-005,,,,,,
-2.64027e-004,-1.93194e-004,,,,,,
-7.73953e-004,-2.56641e-004,,,,,,
-9.24178e-004,-2.89876e-004,,,,,,
-7.48272e-004,-1.62646e-004,,,,,,
-6.57465e-004,-3.84375e-005,,,,,,
-6.45045e-004,-4.53193e-006,,,,,,
-4.84581e-004,9.98703e-005,,,,,,
-2.07630e-004,1.55428e-004,,,,,,
-4.21302e-005,2.01083e-004,,,,,,
3.42412e-005,9.98703e-005,,,,,,
1.13634e-004,-4.85084e-005,,,,,,
1.71374e-004,-1.42504e-004,,,,,,
1.73724e-004,-1.37133e-004,,,,,,
1.75067e-004,-1.01381e-004,,,,,,
3.00450e-004,-8.50996e-005,,,,,,
4.03677e-004,-6.52934e-005,,,,,,
4.08041e-004,-2.03098e-005,,,,,,
4.63767e-004,-2.13169e-005,,,,,,
5.16808e-004,1.71206e-005,,,,,,
3.91257e-004,2.36164e-004,,,,,,
1.31090e-004,2.67720e-004,,,,,,
-1.31426e-004,5.35439e-005,,,,,,
-2.13840e-004,-1.35958e-004,,,,,,
-2.04608e-004,-2.95583e-004,,,,,,
-1.46532e-004,-3.63058e-004,,,,,,
1.11955e-004,-2.18875e-004,,,,,,
2.71077e-004,-4.51514e-005,,,,,,
9.14778e-005,2.32807e-004,,,,,,
-1.07591e-004,3.64065e-004,,,,,,
-2.65705e-004,2.05615e-004,,,,,,
-5.07744e-004,1.10277e-004,,,,,,
-7.54482e-004,5.52224e-005,,,,,,
-7.67575e-004,1.82956e-005,,,,,,
-5.13115e-004,1.96384e-005,,,,,,
-2.60334e-004,1.12459e-005,,,,,,
-8.49317e-005,-8.17426e-005,,,,,,
5.85794e-005,-2.42206e-004,,,,,,
1.81781e-004,-2.55634e-004,,,,,,
3.92599e-004,-1.27398e-004,,,,,,
5.69848e-004,-9.09743e-005,,,,,,
4.91966e-004,-1.18837e-004,,,,,,
2.65705e-004,-1.05745e-004,,,,,,
8.62745e-005,2.63523e-005,,,,,,
-6.81468e-005,8.39246e-006,,,,,,
-2.34653e-004,-2.45060e-005,,,,,,
-3.07668e-004,-1.44350e-005,,,,,,
-2.37842e-004,2.73426e-004,,,,,,
-9.50027e-005,4.90959e-004,,,,,,
8.12390e-005,2.97093e-004,,,,,,
1.08095e-004,1.25719e-004,,,,,,
1.01549e-004,2.31632e-005,,,,,,
5.32082e-005,-1.98062e-005,,,,,,
1.81277e-005,5.11940e-005,,,,,,
-1.52743e-005,4.19623e-005,,,,,,
-3.50805e-005,-1.60632e-004,,,,,,
1.51904e-004,-1.00877e-004,,,,,,
5.07744e-004,9.56741e-006,,,,,,
6.06439e-004,-1.37804e-004,,,,,,
3.74807e-004,-3.52987e-004,,,,,,
2.31128e-004,-1.92859e-004,,,,,,
1.67849e-004,1.49889e-004,,,,,,
-1.21859e-004,2.37842e-004,,,,,,
-3.86892e-004,1.31090e-004,,,,,,
-5.12444e-004,9.97024e-005,,,,,,
-5.03716e-004,1.30083e-004,,,,,,
-3.89410e-004,5.75723e-005,,,,,,
-1.97055e-004,-9.95346e-005,,,,,,
-4.19623e-006,-1.56603e-004,,,,,,
1.45861e-004,-1.48714e-004,,,,,,
2.09644e-004,-1.33272e-004,,,,,,
9.23171e-005,-1.47204e-004,,,,,,
-7.10002e-005,-8.67781e-005,,,,,,
-2.20050e-004,-3.67590e-005,,,,,,
-2.91218e-004,-1.38140e-004,,,,,,
-2.62348e-004,-1.31426e-004,,,,,,
-2.26764e-004,1.81109e-004,,,,,,
-1.09102e-004,5.08751e-004,,,,,,
1.00710e-005,3.55673e-004,,,,,,
5.87472e-005,1.09438e-004,,,,,,
8.49317e-005,-8.07355e-005,,,,,,
9.85275e-005,-3.37209e-004,,,,,,
8.42603e-005,-3.28649e-004,,,,,,
7.83856e-005,-1.00374e-004,,,,,,
1.13802e-004,1.15984e-004,,,,,,
8.67781e-005,1.91180e-004,,,,,,
4.88441e-005,7.97284e-005,,,,,,
3.17235e-005,-4.68299e-005,,,,,,
4.12909e-005,-1.65667e-004,,,,,,
1.60128e-004,-2.35828e-004,,,,,,
1.44686e-004,-2.39353e-004,,,,,,
6.16007e-005,-1.69528e-004,,,,,,
-2.50095e-005,-1.01549e-004,,,,,,
-9.81918e-005,-7.50286e-005,,,,,,
-1.24376e-004,9.90310e-006,,,,,,
-7.70428e-005,2.23743e-004,,,,,,
1.71038e-004,4.71824e-004,,,,,,
3.94949e-004,2.77791e-004,,,,,,
3.88907e-004,-2.02930e-004,,,,,,
2.90883e-004,-3.07164e-004,,,,,,
4.33051e-005,-1.66674e-004,,,,,,
-2.83833e-004,-2.97093e-005,,,,,,
-5.64141e-004,4.53193e-005,,,,,,
-6.28931e-004,4.73335e-005,,,,,,
-4.97841e-004,9.65133e-005,,,,,,
-3.33181e-004,1.16991e-004,,,,,,
6.54612e-006,5.48867e-005,,,,,,
2.62348e-004,-5.92508e-005,,,,,,
2.76448e-004,-2.11490e-005,,,,,,
1.98230e-004,-4.91798e-005,,,,,,
4.12909e-005,-1.87488e-004,,,,,,
-1.42504e-004,-2.48585e-004,,,,,,
-2.76783e-004,-2.69734e-004,,,,,,
-2.87190e-004,-2.30121e-004,,,,,,
-2.20386e-004,-5.37118e-005,,,,,,
-1.96887e-004,5.42153e-005,,,,,,
-1.03563e-004,2.44892e-004,,,,,,
5.08583e-005,2.87861e-004,,,,,,
1.20684e-004,1.59960e-004,,,,,,
9.78561e-005,4.98512e-005,,,,,,
8.07355e-005,-6.54612e-006,,,,,,
9.11421e-005,-3.99481e-005,,,,,,
6.96574e-005,-3.97803e-005,,,,,,
1.94705e-005,-3.27306e-005,,,,,,
-8.22461e-006,-1.87991e-005,,,,,,
-2.13169e-005,-1.00710e-006,,,,,,
-3.69268e-006,-1.59457e-005,,,,,,
4.31373e-005,-4.91798e-005,,,,,,
1.06584e-004,-7.43572e-005,,,,,,
2.43214e-004,-6.73075e-005,,,,,,
2.87861e-004,-3.27306e-005,,,,,,
2.31464e-004,-1.76242e-005,,,,,,
9.41634e-005,-3.18914e-006,,,,,,
-1.88159e-004,3.18914e-006,,,,,,
-3.21767e-004,-1.67849e-007,,,,,,
-3.17235e-004,-2.11490e-005,,,,,,
-2.43046e-004,-1.17494e-006,,,,,,
-9.81918e-005,2.78630e-005,,,,,,
-1.89670e-005,-2.04776e-005,,,,,,
2.46738e-005,-6.26078e-005,,,,,,
8.12390e-005,-4.95155e-005,,,,,,
7.06645e-005,-1.93027e-005,,,,,,
3.52483e-006,-2.24918e-005,,,,,,
-4.24659e-005,-4.78370e-005,,,,,,
-1.76242e-005,-3.10521e-005,,,,,,
1.30922e-005,2.97093e-005,,,,,,
1.93027e-005,8.61067e-005,,,,,,
4.85084e-005,7.75463e-005,,,,,,
4.78370e-005,1.30922e-005,,,,,,
3.07164e-005,-5.45510e-005,,,,,,
2.13169e-005,-5.33761e-005,,,,,,
-2.09812e-005,-2.09812e-005,,,,,,
-6.22721e-005,-9.90310e-006,,,,,,
-5.90829e-005,-7.55322e-006,,,,,,
-2.60166e-005,1.04906e-004,,,,,,
-2.24918e-005,1.30755e-004,,,,,,
-3.40734e-005,4.54871e-005,,,,,,
4.66621e-005,-3.35698e-006,,,,,,
1.22866e-004,-6.76432e-005,,,,,,
1.98566e-004,-1.16991e-004,,,,,,
1.75738e-004,-8.86244e-005,,,,,,
1.46029e-005,-3.77661e-005,,,,,,
-1.26726e-004,-8.56031e-006,,,,,,
-2.87022e-004,-3.69268e-006,,,,,,
-2.26764e-004,4.36408e-006,,,,,,
-1.08263e-004,3.86053e-006,,,,,,
-3.44091e-005,-1.17494e-005,,,,,,
8.39246e-006,-2.26596e-005,,,,,,
1.84634e-006,1.02388e-005,,,,,,
-2.36667e-005,3.13878e-005,,,,,,
-6.54612e-006,2.33310e-005,,,,,,
1.71206e-005,2.93736e-005,,,,,,
-1.10781e-005,4.49836e-005,,,,,,
-4.31373e-005,4.21302e-005,,,,,,
-2.83665e-005,4.04517e-005,,,,,,
-1.52743e-005,2.33310e-005,,,,,,
9.34920e-005,-2.85344e-006,,,,,,
2.00580e-004,1.00710e-006,,,,,,
1.07591e-004,-5.87472e-006,,,,,,
2.80308e-005,-3.70947e-005,,,,,,
-1.12459e-005,-4.71656e-005,,,,,,
-1.33104e-004,-2.78630e-005,,,,,,
-2.42542e-004,-1.84634e-006,,,,,,
-1.91180e-004,2.08133e-005,,,,,,
-1.04906e-004,7.58679e-005,,,,,,
-5.47189e-005,6.73075e-005,,,,,,
-3.30663e-005,0.00000e+000,,,,,,
-1.12459e-005,-6.71397e-007,,,,,,
1.67849e-007,5.53903e-006,,,,,,
9.23171e-006,1.29244e-005,,,,,,
6.37827e-006,3.74304e-005,,,,,,
-6.04257e-006,2.63523e-005,,,,,,
-7.04967e-006,1.86313e-005,,,,,,
3.18914e-006,6.84825e-005,,,,,,
4.19623e-006,5.95865e-005,,,,,,
-3.86053e-006,8.89601e-006,,,,,,
-2.85344e-006,-1.56100e-005,,,,,,
-1.67849e-007,-4.31373e-005,,,,,,
-1.44350e-005,-4.14588e-005,,,,,,
-2.21561e-005,-2.24918e-005,,,,,,
-1.40993e-005,-2.85344e-006,,,,,,
1.09102e-005,6.54612e-006,,,,,,
3.20592e-005,-4.86763e-006,,,,,,
3.34020e-005,-7.21752e-006,,,,,,
3.94446e-005,-1.51064e-006,,,,,,
4.68299e-005,-8.56031e-006,,,,,,
1.11955e-004,-4.19623e-005,,,,,,
1.29915e-004,-3.94446e-005,,,,,,
-5.37118e-006,-3.00450e-005,,,,,,
-7.33501e-005,-3.57519e-005,,,,,,
-1.25383e-004,-2.83665e-005,,,,,,
-1.62646e-004,-2.40024e-005,,,,,,
-1.59289e-004,-2.70237e-005,,,,,,
-1.15312e-004,6.21042e-006,,,,,,
-7.25109e-005,1.08263e-004,,,,,,
-4.04517e-005,5.99222e-005,,,,,,
-2.19883e-005,-1.03563e-004,,,,,,
-8.22461e-006,-9.88632e-005,,,,,,
-6.88182e-006,-6.09293e-005,,,,,,
-6.21042e-006,2.40024e-005,,,,,,
-9.90310e-006,1.24544e-004,,,,,,
-6.88182e-006,-1.67849e-007,,,,,,
1.12459e-005,-1.48547e-004,,,,,,
1.14137e-005,-1.96384e-005,,,,,,
-6.88182e-006,1.27398e-004,,,,,,
-1.27565e-005,1.21691e-004,,,,,,
-1.93027e-005,4.66621e-005,,,,,,
-3.00450e-005,2.09812e-005,,,,,,
-2.31632e-005,1.67849e-007,,,,,,
5.20333e-006,-5.52224e-005,,,,,,
3.92767e-005,-5.75723e-005,,,,,,
5.08583e-005,-4.81727e-005,,,,,,
4.61585e-005,-6.93217e-005,,,,,,
3.87732e-005,-2.87022e-005,,,,,,
2.43381e-005,5.69009e-005,,,,,,
1.05745e-005,6.79789e-005,,,,,,
-1.84634e-006,4.28016e-005,,,,,,
-2.63523e-005,4.07874e-005,,,,,,
-2.38346e-005,-6.88182e-006,,,,,,
-2.38346e-005,-2.43381e-005,,,,,,
-4.88441e-005,-6.88182e-006,,,,,,
-6.49577e-005,-2.85344e-006,,,,,,
-7.03288e-005,-1.09102e-005,,,,,,
-6.32792e-005,-3.03807e-005,,,,,,
-5.82437e-005,-2.60166e-005,,,,,,
-5.85794e-005,-1.69528e-005,,,,,,
-5.32082e-005,-3.37377e-005,,,,,,
-6.05936e-005,-2.40024e-005,,,,,,
-6.46220e-005,-5.03548e-007,,,,,,
-5.06905e-005,3.86053e-006,,,,,,
-3.23949e-005,2.26596e-005,,,,,,
-1.29244e-005,3.42412e-005,,,,,,
3.86053e-006,2.66880e-005,,,,,,
1.32601e-005,4.14588e-005,,,,,,
2.85344e-005,2.09812e-005,,,,,,
5.06905e-005,-7.23430e-005,,,,,,
6.41184e-005,-9.55062e-005,,,,,,
6.39506e-005,-4.38087e-005,,,,,,
5.97543e-005,-3.39055e-005,,,,,,
5.99222e-005,-4.04517e-005,,,,,,
4.38087e-005,-5.30404e-005,,,,,,
1.32601e-005,-5.01869e-005,,,,,,
-2.76951e-005,-3.20592e-005,,,,,,
-5.35439e-005,-5.03548e-007,,,,,,
-4.64942e-005,3.57519e-005,,,,,,
-3.64233e-005,4.61585e-005,,,,,,
-2.78630e-005,6.99931e-005,,,,,,
-2.24918e-005,1.47372e-004,,,,,,
-1.46029e-005,1.75906e-004,,,,,,
-2.18204e-005,1.93194e-004,,,,,,
-3.13878e-005,1.44518e-004,,,,,,
-3.44091e-005,4.80049e-005,,,,,,
-3.17235e-005,-1.23705e-004,,,,,,
-3.54162e-005,-2.12833e-004,,,,,,
-4.96834e-005,-1.66674e-004,,,,,,
-6.09293e-005,-8.40925e-005,,,,,,
-5.38796e-005,-2.66880e-005,,,,,,
-1.12459e-005,-3.13878e-005,,,,,,
2.73594e-005,-9.73526e-006,,,,,,
2.16526e-005,3.18914e-005,,,,,,
2.51774e-006,5.89151e-005,,,,,,
-1.29244e-005,4.81727e-005,,,,,,
-1.44350e-005,6.71397e-006,,,,,,
-2.51774e-006,-6.56291e-005,,,,,,
-6.37827e-006,-1.10948e-004,,,,,,
-4.17945e-005,-4.34730e-005,,,,,,
-8.24140e-005,5.87472e-006,,,,,,
-6.73075e-005,-1.25887e-005,,,,,,
-1.52743e-005,-2.29953e-005,,,,,,
1.17494e-006,8.22461e-006,,,,,,
-6.37827e-006,3.34020e-005,,,,,,
-1.07424e-005,4.04517e-005,,,,,,
-2.13169e-005,6.16007e-005,,,,,,
-1.87991e-005,4.06195e-005,,,,,,
1.56100e-005,-8.89601e-006,,,,,,
2.66880e-005,3.65911e-005,,,,,,
1.91348e-005,8.05676e-006,,,,,,
2.40024e-005,-4.07874e-005,,,,,,
2.03098e-005,-8.00641e-005,,,,,,
1.52743e-005,-8.07355e-005,,,,,,
-3.69268e-006,-2.33310e-005,,,,,,
-5.40475e-005,3.79339e-005,,,,,,
-6.69719e-005,1.05241e-004,,,,,,
-5.27047e-005,5.95865e-005,,,,,,
-6.99931e-005,4.49836e-005,,,,,,
-8.84566e-005,8.42603e-005,,,,,,
-5.35439e-005,-5.01869e-005,,,,,,
6.21042e-006,-1.17327e-004,,,,,,
2.34989e-005,-1.13466e-004,,,,,,
2.53452e-005,-1.18502e-004,,,,,,
3.47448e-005,-1.24208e-004,,,,,,
7.21752e-006,-9.76883e-005,,,,,,
-1.66171e-005,-3.30663e-005,,,,,,
1.71206e-005,7.90570e-005,,,,,,
4.01160e-005,1.72045e-004,,,,,,
3.13878e-005,1.19005e-004,,,,,,
9.56741e-006,3.97803e-005,,,,,,
-1.10781e-005,7.48608e-005,,,,,,
3.69268e-006,1.19173e-005,,,,,,
7.72107e-006,-3.30663e-005,,,,,,
-1.30922e-005,-3.70947e-005,,,,,,
-4.38087e-005,-2.83665e-005,,,,,,
-4.17945e-005,-3.20592e-005,,,,,,
-1.66171e-005,-1.84634e-006,,,,,,
-6.54612e-006,5.82437e-005,,,,,,
-3.84375e-005,2.50095e-005,,,,,,
-2.56809e-005,-4.85084e-005,,,,,,
2.36667e-005,-8.74495e-005,,,,,,
5.95865e-005,-1.11955e-004,,,,,,
4.96834e-005,-1.40490e-004,,,,,,
9.90310e-006,-1.57778e-004,,,,,,
-3.00450e-005,-8.54353e-005,,,,,,
-4.95155e-005,1.02220e-004,,,,,,
-8.00641e-005,3.50973e-004,,,,,,
-1.01549e-004,3.91257e-004,,,,,,
-9.48348e-005,2.40528e-004,,,,,,
-8.76173e-005,1.82956e-004,,,,,,
-6.63004e-005,8.24140e-005,,,,,,
-1.51064e-006,-1.39315e-005,,,,,,
3.37377e-005,-1.76242e-005,,,,,,
3.34020e-005,-1.49386e-005,,,,,,
1.05745e-005,-1.37636e-005,,,,,,
-3.69268e-006,-3.37377e-005,,,,,,
-8.05676e-006,-4.91798e-005,,,,,,
-2.71916e-005,-4.73335e-005,,,,,,
-3.67590e-005,-6.79789e-005,,,,,,
-9.56741e-006,-9.21492e-005,,,,,,
1.22530e-005,-1.03563e-004,,,,,,
2.40024e-005,-1.08095e-004,,,,,,
3.50805e-005,-1.12627e-004,,,,,,
2.45060e-005,-1.17830e-004,,,,,,
-1.67849e-007,-8.54353e-005,,,,,,
-1.42672e-005,-2.97093e-005,,,,,,
-1.72885e-005,5.70687e-006,,,,,,
-2.70237e-005,-1.51064e-006,,,,,,
-7.88891e-006,2.34989e-006,,,,,,
4.81727e-005,7.46929e-005,,,,,,
6.09293e-005,1.32769e-004,,,,,,
9.23171e-006,7.53643e-005,,,,,,
-4.93477e-005,-3.18914e-006,,,,,,
-8.20783e-005,-4.53193e-006,,,,,,
-7.06645e-005,5.89151e-005,,,,,,
-4.48157e-005,7.77142e-005,,,,,,
-3.77661e-005,2.61845e-005,,,,,,
-4.38087e-005,-2.63523e-005,,,,,,
-5.28725e-005,-5.82437e-005,,,,,,
-1.79599e-005,-8.24140e-005,,,,,,
1.32601e-005,-7.35180e-005,,,,,,
2.31632e-005,-2.18204e-005,,,,,,
3.74304e-005,1.39315e-005,,,,,,
1.04067e-005,2.76951e-005,,,,,,
-3.60876e-005,7.08324e-005,,,,,,
-8.77852e-005,1.23705e-004,,,,,,
-1.23705e-004,1.29580e-004,,,,,,
-1.11620e-004,9.83597e-005,,,,,,
-4.73335e-005,5.95865e-005,,,,,,
1.86313e-005,-6.37827e-006,,,,,,
4.68299e-005,-5.01869e-005,,,,,,
3.91089e-005,-5.62295e-005,,,,,,
1.52743e-005,-7.77142e-005,,,,,,
4.33051e-005,-1.29580e-004,,,,,,
3.72625e-005,-1.09438e-004,,,,,,
-1.42672e-005,-6.44541e-005,,,,,,
-4.22980e-005,-3.05486e-005,,,,,,
-1.96384e-005,-2.43381e-005,,,,,,
-1.05745e-005,-5.53903e-006,,,,,,
-2.01419e-006,8.34211e-005,,,,,,
2.06455e-005,1.20348e-004,,,,,,
1.29244e-005,6.76432e-005,,,,,,
2.68559e-006,2.26596e-005,,,,,,
-3.69268e-005,2.03098e-005,,,,,,
-1.02220e-004,1.57778e-005,,,,,,
-1.14305e-004,3.86053e-006,,,,,,
-6.05936e-005,-3.37377e-005,,,,,,
-1.09102e-005,-6.24399e-005,,,,,,
1.42672e-005,-1.08431e-004,,,,,,
1.64492e-005,-1.31090e-004,,,,,,
5.01869e-005,-1.09270e-004,,,,,,
4.28016e-005,-7.16716e-005,,,,,,
2.21561e-005,-6.59647e-005,,,,,,
1.98062e-005,-1.99741e-005,,,,,,
-2.46738e-005,9.36599e-005,,,,,,
-3.97803e-005,1.12627e-004,,,,,,
-6.98253e-005,5.42153e-005,,,,,,
-1.11284e-004,2.46738e-005,,,,,,
-7.70428e-005,8.56031e-006,,,,,,
-2.31632e-005,-2.83665e-005,,,,,,
1.72885e-005,-4.14588e-005,,,,,,
2.97093e-005,-1.27565e-005,,,,,,
1.32601e-005,-2.26596e-005,,,,,,
3.10521e-005,-5.06905e-005,,,,,,
3.40734e-005,-6.21042e-005,,,,,,
-1.30922e-005,-2.23239e-005,,,,,,
-4.58228e-005,1.42672e-005,,,,,,
-4.68299e-005,1.52743e-005,,,,,,
-4.58228e-005,-1.51064e-006,,,,,,
-4.17945e-005,-3.37377e-005,,,,,,
-4.44800e-005,-4.17945e-005,,,,,,
-2.73594e-005,-3.57519e-005,,,,,,
-4.69978e-006,-5.74044e-005,,,,,,
3.86053e-006,-7.20073e-005,,,,,,
-7.55322e-006,-4.98512e-005,,,,,,
1.51064e-006,-6.73075e-005,,,,,,
3.18914e-006,-1.08431e-004,,,,,,
1.17494e-006,-1.11116e-004,,,,,,
8.22461e-006,-1.28069e-004,,,,,,
8.72816e-006,-1.01213e-004,,,,,,
2.85344e-006,-6.64683e-005,,,,,,
1.05745e-005,-3.27306e-005,,,,,,
3.47448e-005,3.86053e-006,,,,,,
4.24659e-005,7.55322e-006,,,,,,
2.31632e-005,-1.86313e-005,,,,,,
-1.99741e-005,-2.36667e-005,,,,,,
-6.36149e-005,-1.25887e-005,,,,,,
-7.13359e-005,9.06386e-006,,,,,,
-5.35439e-005,4.19623e-006,,,,,,
-3.84375e-005,-1.05745e-005,,,,,,
-3.07164e-005,8.39246e-007,,,,,,
-8.22461e-006,-1.81277e-005,,,,,,
-5.53903e-006,-2.63523e-005,,,,,,
-2.04776e-005,-1.82956e-005,,,,,,
-6.54612e-006,-2.21561e-005,,,,,,
3.02129e-006,-2.43381e-005,,,,,,
-1.62814e-005,-2.16526e-005,,,,,,
-4.12909e-005,-1.76242e-005,,,,,,
-2.90379e-005,-1.84634e-006,,,,,,
-3.18914e-006,3.12200e-005,,,,,,
3.18914e-006,3.27306e-005,,,,,,
-6.88182e-006,2.76951e-005,,,,,,
-2.29953e-005,2.38346e-005,,,,,,
-4.71656e-005,2.93736e-005,,,,,,
-4.95155e-005,4.39765e-005,,,,,,
-3.18914e-005,4.24659e-005,,,,,,
-2.63523e-005,3.52483e-005,,,,,,
-3.77661e-005,3.03807e-005,,,,,,
-2.76951e-005,2.80308e-005,,,,,,
-1.62814e-005,3.13878e-005,,,,,,
-1.05745e-005,4.14588e-005,,,,,,
8.89601e-006,3.81018e-005,,,,,,
2.93736e-005,3.39055e-005,,,,,,
3.47448e-005,3.47448e-005,,,,,,
1.59457e-005,3.47448e-005,,,,,,
-4.86763e-006,3.27306e-005,,,,,,
-1.25887e-005,2.65202e-005,,,,,,
-1.15816e-005,2.63523e-005,,,,,,
-1.05745e-005,2.93736e-005,,,,,,
-1.15816e-005,2.76951e-005,,,,,,
-1.20851e-005,2.76951e-005,,,,,,
-1.37636e-005,2.80308e-005,,,,,,
-1.39315e-005,2.93736e-005,,,,,,
-1.42672e-005,2.85344e-005,,,,,,
-1.30922e-005,3.23949e-005,,,,,,
-1.19173e-005,2.73594e-005,,,,,,
-1.35958e-005,2.26596e-005,,,,,,
-3.23949e-005,2.19883e-005,,,,,,
-3.57519e-005,2.33310e-005,,,,,,
-3.17235e-005,2.40024e-005,,,,,,
-3.37377e-005,2.50095e-005,,,,,,
-2.56809e-005,2.50095e-005,,,,,,
-7.88891e-006,2.21561e-005,,,,,,
0.00000e+000,2.04776e-005,,,,,,
-4.86763e-006,2.19883e-005,,,,,,
-2.16526e-005,2.26596e-005,,,,,,
-2.92058e-005,2.06455e-005,,,,,,
-2.09812e-005,8.89601e-006,,,,,,
-1.56100e-005,1.29244e-005,,,,,,
-1.56100e-005,1.37636e-005,,,,,,
-7.21752e-006,1.05745e-005,,,,,,
-2.18204e-006,4.86763e-006,,,,,,
2.18204e-006,2.18204e-006,,,,,,
4.53193e-006,1.34279e-006,,,,,,
2.18204e-006,-1.17494e-006,,,,,,
-1.17494e-006,2.18204e-006,,,,,,
-1.27565e-005,-1.67849e-007,,,,,,
-1.99741e-005,-1.67849e-006,,,,,,
-2.43381e-005,-2.85344e-006,,,,,,
-2.66880e-005,-3.52483e-006,,,,,,
-2.43381e-005,-2.01419e-006,,,,,,
-1.56100e-005,2.85344e-006,,,,,,
-1.02388e-005,-2.51774e-006,,,,,,
-1.77920e-005,-8.89601e-006,,,,,,
-1.52743e-005,-4.19623e-006,,,,,,
-2.16526e-005,-4.19623e-006,,,,,,
-2.36667e-005,-4.36408e-006,,,,,,
1.49386e-005,-5.53903e-006,,,,,,
7.85534e-005,-1.25887e-005,,,,,,
9.19814e-005,-1.49386e-005,,,,,,
7.26787e-005,-1.51064e-005,,,,,,
9.58419e-005,-1.82956e-005,,,,,,
1.84466e-004,-1.99741e-005,,,,,,
1.69024e-004,-8.22461e-006,,,,,,
1.10277e-004,1.00710e-006,,,,,,
3.17235e-005,-5.20333e-006,,,,,,
-2.63523e-005,-4.53193e-006,,,,,,
-6.93217e-005,-1.89670e-005,,,,,,
-1.98230e-004,-4.41444e-005,,,,,,
-2.91554e-004,-4.11231e-005,,,,,,
-2.70573e-004,-5.45510e-005,,,,,,
-2.21561e-004,-8.03998e-005,,,,,,
-2.00244e-004,-3.37377e-005,,,,,,
-2.75105e-004,5.69009e-005,,,,,,
-2.70405e-004,6.96574e-005,,,,,,
-1.42168e-004,5.75723e-005,,,,,,
2.34989e-006,3.32342e-005,,,,,,
7.90570e-005,-1.25887e-005,,,,,,
6.63004e-005,-2.66880e-005,,,,,,
1.18669e-004,-1.79599e-005,,,,,,
1.27398e-004,-2.63523e-005,,,,,,
1.21523e-004,-2.43381e-005,,,,,,
7.23430e-005,1.56100e-005,,,,,,
6.89860e-005,-4.78370e-005,,,,,,
2.21057e-004,-2.41199e-004,,,,,,
2.77119e-004,-3.22774e-004,,,,,,
3.65911e-005,-2.19883e-005,,,,,,
-1.14305e-004,2.25422e-004,,,,,,
-1.58282e-004,1.10781e-004,,,,,,
-2.26764e-004,6.05936e-005,,,,,,
-2.31800e-004,6.52934e-005,,,,,,
-1.52911e-004,-1.76242e-005,,,,,,
-1.01045e-004,-7.88891e-005,,,,,,
-1.17159e-004,-3.08843e-005,,,,,,
3.47448e-005,5.87472e-005,,,,,,
2.43885e-004,-1.15816e-005,,,,,,
1.94369e-004,-1.34447e-004,,,,,,
1.40490e-004,-1.62814e-005,,,,,,
6.73075e-005,1.28573e-004,,,,,,
-6.83146e-005,1.45861e-004,,,,,,
-1.50225e-004,3.10689e-004,,,,,,
-8.19104e-005,3.28145e-004,,,,,,
1.76242e-005,4.81727e-005,,,,,,
4.75013e-005,-1.94369e-004,,,,,,
2.47242e-004,-3.49294e-004,,,,,,
5.22850e-004,-1.57275e-004,,,,,,
4.24155e-004,7.40215e-005,,,,,,
1.30922e-004,2.33310e-005,,,,,,
-3.35195e-004,-1.26390e-004,,,,,,
-6.91707e-004,-1.44183e-004,,,,,,
-6.98589e-004,-1.23369e-004,,,,,,
-5.55077e-004,3.79339e-005,,,,,,
-4.78370e-004,1.07759e-004,,,,,,
-1.96887e-004,-9.34920e-005,,,,,,
1.13970e-004,-6.61326e-005,,,,,,
2.26932e-004,-2.76951e-005,,,,,,
4.53025e-004,-2.60166e-005,,,,,,
4.54704e-004,2.93736e-005,,,,,,
2.35828e-004,5.80758e-005,,,,,,
-2.16526e-005,6.09293e-005,,,,,,
-2.20890e-004,-1.33776e-004,,,,,,
-2.11994e-004,-3.59030e-004,,,,,,
-8.77852e-005,-8.19104e-005,,,,,,
-3.81018e-005,5.87976e-004,,,,,,
1.17494e-006,7.42397e-004,,,,,,
1.22530e-005,2.50263e-004,,,,,,
-2.09812e-005,-1.15312e-004,,,,,,
-1.16991e-004,-1.68017e-004,,,,,,
-2.05951e-004,-9.31563e-005,,,,,,
-2.57984e-004,-1.01549e-004,,,,,,
-2.04944e-004,-8.20783e-005,,,,,,
-9.44991e-005,-7.11681e-005,,,,,,
-5.05226e-005,-5.40475e-005,,,,,,
8.92958e-005,4.68299e-005,,,,,,
1.57946e-004,1.60296e-004,,,,,,
2.09979e-004,3.60876e-005,,,,,,
3.46609e-004,-1.79599e-004,,,,,,
4.42954e-004,-3.03639e-004,,,,,,
3.80514e-004,-2.45228e-004,,,,,,
1.52911e-004,-1.32601e-004,,,,,,
2.53452e-005,-4.22980e-005,,,,,,
-5.75723e-005,1.04402e-004,,,,,,
-1.30755e-004,1.33272e-004,,,,,,
-1.19005e-004,3.84207e-004,,,,,,
-1.32937e-004,2.63020e-004,,,,,,
-2.46738e-005,-1.46029e-005,,,,,,
1.56771e-004,-1.98062e-005,,,,,,
1.62142e-004,1.54421e-005,,,,,,
7.50286e-005,6.19364e-005,,,,,,
-9.66812e-005,1.57610e-004,,,,,,
-3.12200e-004,1.49554e-004,,,,,,
-3.56680e-004,2.76951e-005,,,,,,
-1.43175e-004,-4.98512e-005,,,,,,
9.85275e-005,-6.64683e-005,,,,,,
7.20073e-005,-9.76883e-005,,,,,,
3.40734e-005,-1.28405e-004,,,,,,
-1.56100e-005,-9.14778e-005,,,,,,
-2.46738e-005,-6.54612e-006,,,,,,
-8.40925e-005,2.36667e-005,,,,,,
-1.90173e-004,-4.98512e-005,,,,,,
-2.53452e-005,-1.66842e-004,,,,,,
9.33242e-005,-2.35828e-004,,,,,,
2.34485e-004,-1.26390e-004,,,,,,
3.56344e-004,7.57000e-005,,,,,,
2.20050e-004,1.90173e-004,,,,,,
2.46738e-005,2.48249e-004,,,,,,
-7.20073e-005,1.38140e-004,,,,,,
-8.76173e-005,9.19814e-005,,,,,,
-1.55261e-004,1.74060e-004,,,,,,
-2.77119e-004,1.03563e-004,,,,,,
-3.55673e-004,8.00641e-005,,,,,,
-2.05951e-004,7.67071e-005,,,,,,
-2.03769e-004,-6.88182e-006,,,,,,
-2.69566e-004,-1.35958e-005,,,,,,
-1.54086e-004,-6.29435e-005,,,,,,
-9.14778e-005,-1.25048e-004,,,,,,
-6.88182e-005,-1.39986e-004,,,,,,
-6.59647e-005,-9.34920e-005,,,,,,
-6.52934e-005,-1.42672e-005,,,,,,
2.06455e-005,-1.82956e-005,,,,,,
9.04707e-005,-8.34211e-005,,,,,,
2.64363e-004,-1.55596e-004,,,,,,
4.18784e-004,-1.05745e-004,,,,,,
4.26673e-004,-8.72816e-006,,,,,,
4.49668e-004,-2.93736e-005,,,,,,
3.24117e-004,-6.93217e-005,,,,,,
1.56939e-004,1.79599e-005,,,,,,
-1.01213e-004,9.91989e-005,,,,,,
-4.15595e-004,9.91989e-005,,,,,,
-5.33928e-004,-1.21187e-004,,,,,,
-4.09720e-004,-3.33349e-004,,,,,,
-1.19005e-004,-1.30083e-004,,,,,,
9.48348e-005,1.67681e-004,,,,,,
2.24750e-004,1.19677e-004,,,,,,
2.17197e-004,-8.67781e-005,,,,,,
1.36629e-004,-4.86763e-005,,,,,,
8.22461e-006,3.08171e-004,,,,,,
-1.85138e-004,2.78294e-004,,,,,,
-2.54795e-004,5.57259e-005,,,,,,
-2.56809e-004,-5.47189e-005,,,,,,
-1.72717e-004,-1.00877e-004,,,,,,
-9.83597e-005,-8.64424e-005,,,,,,
-1.79599e-005,-1.27398e-004,,,,,,
1.26390e-004,-2.36164e-004,,,,,,
2.98939e-004,-2.18204e-004,,,,,,
1.97894e-004,-1.45861e-004,,,,,,
6.88182e-006,4.91798e-005,,,,,,
-6.49577e-005,2.40024e-005,,,,,,
-9.98703e-005,-7.04967e-005,,,,,,
-1.96216e-004,-6.83146e-005,,,,,,
-2.07797e-004,2.18204e-006,,,,,,
-7.85534e-005,1.28405e-004,,,,,,
9.56741e-006,1.23201e-004,,,,,,
5.35439e-005,2.65202e-005,,,,,,
8.17426e-005,-2.51774e-005,,,,,,
1.79431e-004,-1.18334e-004,,,,,,
2.89540e-004,-1.86313e-004,,,,,,
2.02930e-004,-1.97223e-004,,,,,,
8.17426e-005,-2.30961e-004,,,,,,
9.38277e-005,-2.23072e-004,,,,,,
2.26596e-005,-1.55932e-004,,,,,,
-2.05783e-004,-8.81209e-005,,,,,,
-2.19547e-004,1.16487e-004,,,,,,
-1.66339e-004,2.96925e-004,,,,,,
-1.25719e-004,2.18036e-004,,,,,,
-6.02579e-005,1.05577e-004,,,,,,
-1.91348e-005,7.97284e-005,,,,,,
-2.08133e-005,1.31426e-004,,,,,,
-7.68750e-005,2.06622e-004,,,,,,
-1.33944e-004,1.23369e-004,,,,,,
-1.26390e-004,3.44091e-005,,,,,,
-5.53903e-006,5.35439e-005,,,,,,
7.85534e-005,-4.21302e-005,,,,,,
-5.42153e-005,-1.84970e-004,,,,,,
-1.28405e-004,-1.85641e-004,,,,,,
-6.69719e-005,-9.63455e-005,,,,,,
-6.88182e-005,-3.44091e-005,,,,,,
-4.91798e-005,-2.40024e-005,,,,,,
3.79339e-005,-3.65911e-005,,,,,,
1.12627e-004,1.77920e-005,,,,,,
1.14641e-004,8.97993e-005,,,,,,
9.85275e-005,2.46738e-005,,,,,,
4.24659e-005,-3.59197e-005,,,,,,
1.66171e-005,-5.13619e-005,,,,,,
7.77142e-005,-1.00374e-004,,,,,,
9.68490e-005,-1.15648e-004,,,,,,
1.03899e-004,-8.74495e-005,,,,,,
1.21019e-004,-1.14809e-004,,,,,,
7.06645e-005,-1.33776e-004,,,,,,
-8.54353e-005,-6.49577e-005,,,,,,
-1.48882e-004,1.04067e-005,,,,,,
-1.56603e-004,1.15984e-004,,,,,,
-9.65133e-005,2.28779e-004,,,,,,
-6.19364e-005,1.75067e-004,,,,,,
-5.58938e-005,1.08934e-004,,,,,,
-6.52934e-005,5.55581e-005,,,,,,
-7.57000e-005,-1.84634e-006,,,,,,
-7.10002e-005,-1.51064e-006,,,,,,
-4.06195e-005,7.21752e-006,,,,,,
-2.85344e-006,-1.44350e-005,,,,,,
3.67590e-005,-1.62814e-005,,,,,,
3.67590e-005,1.52743e-005,,,,,,
5.20333e-005,3.54162e-005,,,,,,
7.93927e-005,1.98062e-005,,,,,,
3.81018e-005,1.04067e-005,,,,,,
4.17945e-005,2.83665e-005,,,,,,
1.49386e-005,4.07874e-005,,,,,,
-5.11940e-005,2.40024e-005,,,,,,
-1.31090e-004,1.69528e-005,,,,,,
-1.88159e-004,-5.37118e-006,,,,,,
-1.39315e-004,-3.22271e-005,,,,,,
-2.93736e-005,-5.65652e-005,,,,,,
1.05745e-004,-1.15648e-004,,,,,,
1.64157e-004,-1.29076e-004,,,,,,
1.68856e-004,-7.98962e-005,,,,,,
7.03288e-005,-1.40993e-005,,,,,,
-2.54795e-004,1.05577e-004,,,,,,
-3.44259e-004,1.75738e-004,,,,,,
-2.13840e-004,1.18334e-004,,,,,,
-8.27497e-005,3.32342e-005,,,,,,
-4.34730e-005,8.12390e-005,,,,,,
-3.25628e-005,9.75204e-005,,,,,,
-2.09812e-005,-3.05486e-005,,,,,,
-1.94705e-005,-9.11421e-005,,,,,,
-1.32601e-005,-5.92508e-005,,,,,,
-2.51774e-006,-4.71656e-005,,,,,,
2.48417e-005,-4.80049e-005,,,,,,
4.66621e-005,-5.62295e-005,,,,,,
2.40024e-005,3.74304e-005,,,,,,
-8.39246e-007,5.16976e-005,,,,,,
1.69528e-005,-3.10521e-005,,,,,,
8.39246e-006,-1.00710e-006,,,,,,
-4.86763e-006,1.35958e-005,,,,,,
-4.86763e-006,2.16526e-005,,,,,,
2.34989e-006,-3.28984e-005,,,,,,
1.12459e-005,-7.21752e-005,,,,,,
1.04067e-005,-7.33501e-005,,,,,,
6.54612e-006,-4.68299e-005,,,,,,
5.03548e-006,2.45060e-005,,,,,,
1.52743e-005,8.37568e-005,,,,,,
7.21752e-006,7.10002e-005,,,,,,
-1.52743e-005,1.86313e-005,,,,,,
-8.22461e-006,-3.52483e-005,,,,,,
2.43381e-005,-5.55581e-005,,,,,,
1.35958e-005,-5.85794e-005,,,,,,
-1.15816e-005,-5.80758e-005,,,,,,
-2.46738e-005,-1.22530e-005,,,,,,
-3.91089e-005,-1.05745e-005,,,,,,
-3.94446e-005,-1.25887e-005,,,,,,
-2.13169e-005,4.78370e-005,,,,,,
-9.73526e-006,7.13359e-005,,,,,,
-1.15816e-005,2.03098e-005,,,,,,
-1.77920e-005,1.56100e-005,,,,,,
-1.56100e-005,-1.15816e-005,,,,,,
-1.62814e-005,-5.33761e-005,,,,,,
-1.30922e-005,-4.19623e-005,,,,,,
1.67849e-006,-8.09033e-005,,,,,,
3.35698e-007,-2.09812e-005,,,,,,
-4.19623e-006,4.53193e-005,,,,,,
-4.69978e-006,4.71656e-005,,,,,,
-1.96384e-005,4.81727e-005,,,,,,
-3.45769e-005,1.62814e-005,,,,,,
-3.13878e-005,-1.96384e-005,,,,,,
-2.13169e-005,-2.24918e-005,,,,,,
-2.90379e-005,1.09102e-005,,,,,,
-2.29953e-005,5.80758e-005,,,,,,
1.22530e-005,4.39765e-005,,,,,,
7.72107e-006,5.20333e-006,,,,,,
-1.34279e-005,-7.88891e-006,,,,,,
-4.36408e-006,-1.35958e-005,,,,,,
1.14137e-005,4.36408e-006,,,,,,
1.14137e-005,-5.87472e-006,,,,,,
3.86053e-006,-1.76242e-005,,,,,,
-4.86763e-006,-8.22461e-006,,,,,,
-1.51064e-006,1.00710e-006,,,,,,
-1.51064e-006,9.23171e-006,,,,,,
-1.00710e-006,-1.05745e-005,,,,,,
-4.53193e-006,-1.17494e-006,,,,,,
-1.69528e-005,3.20592e-005,,,,,,
-2.46738e-005,3.97803e-005,,,,,,
-3.32342e-005,5.28725e-005,,,,,,
-4.81727e-005,3.13878e-005,,,,,,
-5.03548e-005,1.62814e-005,,,,,,
-4.93477e-005,2.38346e-005,,,,,,
-5.23690e-005,3.37377e-005,,,,,,
-4.83406e-005,6.76432e-005,,,,,,
-2.97093e-005,4.93477e-005,,,,,,
-8.22461e-006,2.26596e-005,,,,,,
7.55322e-006,-5.37118e-006,,,,,,
1.07424e-005,-6.14328e-005,,,,,,
9.23171e-006,-9.16457e-005,,,,,,
1.34279e-005,-1.05577e-004,,,,,,
1.76242e-005,-6.29435e-005,,,,,,
1.12459e-005,-1.15816e-005,,,,,,
-3.86053e-006,-3.52483e-005,,,,,,
-1.76242e-005,-8.94636e-005,,,,,,
-2.90379e-005,-6.26078e-005,,,,,,
-1.69528e-005,-3.57519e-005,,,,,,
-1.81277e-005,-4.86763e-006,,,,,,
-3.23949e-005,6.99931e-005,,,,,,
-4.51514e-005,1.14641e-004,,,,,,
-4.24659e-005,1.35790e-004,,,,,,
-3.74304e-005,1.05745e-005,,,,,,
-4.34730e-005,-8.84566e-005,,,,,,
-3.40734e-005,-1.17662e-004,,,,,,
-1.51064e-005,-7.77142e-005,,,,,,
6.71397e-006,-1.91348e-005,,,,,,
2.43381e-005,-4.26337e-005,,,,,,
2.41703e-005,4.68299e-005,,,,,,
1.69528e-005,5.80758e-005,,,,,,
1.49386e-005,-8.05676e-006,,,,,,
4.53193e-006,-8.17426e-005,,,,,,
-1.39315e-005,-9.33242e-005,,,,,,
-2.14847e-005,-1.76242e-005,,,,,,
-2.36667e-005,1.23369e-004,,,,,,
-2.03098e-005,1.32769e-004,,,,,,
-1.12459e-005,5.55581e-005,,,,,,
-1.09102e-005,2.78630e-005,,,,,,
-2.61845e-005,6.96574e-005,,,,,,
-4.54871e-005,6.63004e-005,,,,,,
-6.76432e-005,-1.46532e-004,,,,,,
-6.73075e-005,-2.92226e-004,,,,,,
-5.97543e-005,-1.51904e-004,,,,,,
-6.16007e-005,2.58488e-005,,,,,,
-6.68040e-005,2.80140e-004,,,,,,
-6.14328e-005,3.42245e-004,,,,,,
-5.10262e-005,2.42542e-004,,,,,,
-2.70237e-005,1.46197e-004,,,,,,
-1.59457e-005,-4.46479e-005,,,,,,
-3.35698e-007,-1.89166e-004,,,,,,
2.18204e-005,-2.06455e-004,,,,,,
2.90379e-005,-4.22980e-005,,,,,,
4.80049e-005,4.61585e-005,,,,,,
6.93217e-005,3.13878e-005,,,,,,
5.67330e-005,2.76951e-005,,,,,,
4.11231e-005,1.35958e-005,,,,,,
3.40734e-005,-1.93866e-004,,,,,,
2.26596e-005,-4.06867e-004,,,,,,
1.09102e-005,-2.56809e-004,,,,,,
-3.18914e-006,-6.93217e-005,,,,,,
-2.08133e-005,-2.11490e-005,,,,,,
-3.22271e-005,3.54162e-005,,,,,,
-4.39765e-005,8.42603e-005,,,,,,
-6.49577e-005,7.21752e-006,,,,,,
-7.10002e-005,-1.36126e-004,,,,,,
-6.17685e-005,-1.00877e-004,,,,,,
-7.04967e-005,2.66041e-004,,,,,,
-6.12650e-005,3.92432e-004,,,,,,
-3.81018e-005,1.83459e-004,,,,,,
-3.17235e-005,4.14588e-005,,,,,,
-2.85344e-005,-5.94186e-005,,,,,,
-1.86313e-005,6.56291e-005,,,,,,
-1.39315e-005,1.52239e-004,,,,,,
2.18204e-006,4.28016e-005,,,,,,
1.19173e-005,-1.48714e-004,,,,,,
5.70687e-006,-6.66362e-005,,,,,,
-1.24208e-005,-2.16526e-005,,,,,,
-1.99741e-005,-1.21187e-004,,,,,,
-1.49386e-005,-1.84131e-004,,,,,,
9.23171e-006,-9.01350e-005,,,,,,
4.78370e-005,6.86503e-005,,,,,,
7.70428e-005,1.10277e-004,,,,,,
8.84566e-005,8.24140e-005,,,,,,
7.57000e-005,5.99222e-005,,,,,,
4.07874e-005,9.50027e-005,,,,,,
3.00450e-005,5.52224e-005,,,,,,
4.48157e-005,-3.45769e-005,,,,,,
3.20592e-005,-2.93736e-005,,,,,,
-9.90310e-006,2.24918e-005,,,,,,
-4.95155e-005,-1.36461e-004,,,,,,
-8.22461e-005,-2.24582e-004,,,,,,
-1.06584e-004,-9.98703e-005,,,,,,
-9.61776e-005,3.35698e-006,,,,,,
-3.37377e-005,5.70687e-006,,,,,,
1.49386e-005,-8.54353e-005,,,,,,
9.39956e-006,-9.91989e-005,,,,,,
-2.56809e-005,9.44991e-005,,,,,,
-5.35439e-005,1.19341e-004,,,,,,
-5.95865e-005,8.27497e-005,,,,,,
-6.59647e-005,4.64942e-005,,,,,,
-9.44991e-005,1.79599e-005,,,,,,
-1.03563e-004,1.40993e-005,,,,,,
-5.18654e-005,6.56291e-005,,,,,,
3.20592e-005,5.70687e-005,,,,,,
9.91989e-005,3.22271e-005,,,,,,
1.05913e-004,4.39765e-005,,,,,,
7.62036e-005,3.74304e-005,,,,,,
4.91798e-005,-7.26787e-005,,,,,,
2.41703e-005,-9.97024e-005,,,,,,
-2.08133e-005,-3.50805e-005,,,,,,
-2.98772e-005,-2.23239e-005,,,,,,
1.04067e-005,-6.46220e-005,,,,,,
2.45060e-005,-9.09743e-005,,,,,,
5.03548e-007,-9.91989e-005,,,,,,
-1.91348e-005,-6.14328e-005,,,,,,
-2.29953e-005,-3.44091e-005,,,,,,
-4.06195e-005,-4.64942e-005,,,,,,
-6.49577e-005,-2.85344e-006,,,,,,
-8.57710e-005,5.01869e-005,,,,,,
-1.15984e-004,9.91989e-005,,,,,,
-1.48211e-004,1.10613e-004,,,,,,
-1.61471e-004,1.39818e-004,,,,,,
-1.25383e-004,1.58953e-004,,,,,,
-6.98253e-005,1.68185e-004,,,,,,
-7.30144e-005,1.30083e-004,,,,,,
-1.00542e-004,4.11231e-005,,,,,,
-5.75723e-005,-2.34989e-006,,,,,,
5.89151e-005,-4.19623e-005,,,,,,
1.27398e-004,-6.89860e-005,,,,,,
1.17494e-004,-7.57000e-005,,,,,,
7.11681e-005,-1.50896e-004,,,,,,
6.96574e-005,-2.05783e-004,,,,,,
9.73526e-005,-1.15648e-004,,,,,,
1.11788e-004,-1.02388e-005,,,,,,
6.32792e-005,-5.15297e-005,,,,,,
-1.89670e-005,-1.36797e-004,,,,,,
-5.25368e-005,-1.05577e-004,,,,,,
-5.62295e-005,1.71542e-004,,,,,,
-6.86503e-005,3.94278e-004,,,,,,
-1.11620e-004,2.66377e-004,,,,,,
-1.21019e-004,8.10712e-005,,,,,,
-8.87923e-005,1.51064e-006,,,,,,
-6.69719e-005,-1.91348e-005,,,,,,
-2.85344e-005,-1.67849e-007,,,,,,
3.20592e-005,-5.20333e-005,,,,,,
6.74754e-005,-1.19677e-004,,,,,,
5.00191e-005,-1.42840e-004,,,,,,
1.67849e-005,-1.02220e-004,,,,,,
3.44091e-005,-1.09606e-004,,,,,,
3.00450e-005,-1.08934e-004,,,,,,
4.85084e-005,-7.63714e-005,,,,,,
8.40925e-005,-4.54871e-005,,,,,,
1.00710e-004,1.34279e-006,,,,,,
7.20073e-005,5.89151e-005,,,,,,
-3.18914e-006,6.94896e-005,,,,,,
-7.73785e-005,2.29953e-005,,,,,,
-1.08934e-004,4.34730e-005,,,,,,
-9.38277e-005,6.22721e-005,,,,,,
-1.16320e-004,4.44800e-005,,,,,,
-1.30587e-004,-5.20333e-006,,,,,,
-3.20592e-005,-5.25368e-005,,,,,,
7.82177e-005,-8.91279e-005,,,,,,
1.03731e-004,-9.34920e-005,,,,,,
7.48608e-005,-5.75723e-005,,,,,,
3.25628e-005,-2.78630e-005,,,,,,
-1.66171e-005,-7.06645e-005,,,,,,
-6.93217e-005,-1.35958e-005,,,,,,
-1.20516e-004,3.00450e-005,,,,,,
-1.23873e-004,1.09102e-005,,,,,,
-1.00877e-004,-8.89601e-006,,,,,,
-5.95865e-005,1.32601e-005,,,,,,
-5.70687e-005,9.21492e-005,,,,,,
-7.03288e-005,1.09941e-004,,,,,,
-5.48867e-005,5.97543e-005,,,,,,
-1.69528e-005,-1.29244e-005,,,,,,
-7.72107e-006,-4.38087e-005,,,,,,
-7.04967e-006,4.53193e-006,,,,,,
1.22530e-005,3.28984e-005,,,,,,
3.54162e-005,3.10521e-005,,,,,,
3.60876e-005,-2.23239e-005,,,,,,
3.03807e-005,-5.48867e-005,,,,,,
2.71916e-005,3.18914e-006,,,,,,
6.21042e-006,7.45251e-005,,,,,,
-3.47448e-005,8.40925e-005,,,,,,
-7.57000e-005,6.05936e-005,,,,,,
-6.73075e-005,3.94446e-005,,,,,,
-4.64942e-005,2.50095e-005,,,,,,
-1.39315e-005,2.01419e-006,,,,,,
2.01419e-005,-1.69528e-005,,,,,,
3.30663e-005,-3.30663e-005,,,,,,
5.48867e-005,-5.58938e-005,,,,,,
5.75723e-005,-5.85794e-005,,,,,,
5.95865e-005,-7.33501e-005,,,,,,
3.60876e-005,-3.45769e-005,,,,,,
-2.87022e-005,-1.40993e-005,,,,,,
-4.17945e-005,-6.44541e-005,,,,,,
-3.00450e-005,-5.58938e-005,,,,,,
-8.91279e-005,-1.57778e-005,,,,,,
-1.23537e-004,-2.83665e-005,,,,,,
-7.68750e-005,-7.20073e-005,,,,,,
-1.93027e-005,-6.61326e-005,,,,,,
2.14847e-005,2.08133e-005,,,,,,
5.53903e-005,3.45769e-005,,,,,,
5.97543e-005,3.96124e-005,,,,,,
5.35439e-005,1.17327e-004,,,,,,
-6.71397e-006,1.23033e-004,,,,,,
-8.10712e-005,9.95346e-005,,,,,,
-1.03563e-004,9.28206e-005,,,,,,
-6.51255e-005,8.27497e-005,,,,,,
-5.03548e-005,5.48867e-005,,,,,,
-4.85084e-005,1.93027e-005,,,,,,
-4.04517e-005,7.04967e-006,,,,,,
-5.22011e-005,8.72816e-006,,,,,,
-5.77401e-005,-8.39246e-006,,,,,,
-2.09812e-005,-5.82437e-005,,,,,,
1.59457e-005,-6.42863e-005,,,,,,
4.19623e-005,-4.61585e-005,,,,,,
4.95155e-005,-4.07874e-005,,,,,,
4.71656e-005,-5.30404e-005,,,,,,
5.50546e-005,-6.61326e-005,,,,,,
4.21302e-005,-6.74754e-005,,,,,,
3.42412e-005,-6.47898e-005,,,,,,
2.92058e-005,-7.57000e-005,,,,,,
3.64233e-005,-9.86954e-005,,,,,,
3.13878e-005,-9.76883e-005,,,,,,
1.86313e-005,-6.16007e-005,,,,,,
-1.96384e-005,-3.44091e-005,,,,,,
-7.30144e-005,-2.19883e-005,,,,,,
-9.55062e-005,-1.49386e-005,,,,,,
-9.29885e-005,-2.34989e-005,,,,,,
-6.32792e-005,-8.03998e-005,,,,,,
1.04067e-005,-1.39818e-004,,,,,,
3.05486e-005,-1.41497e-004,,,,,,
2.19883e-005,-1.44015e-004,,,,,,
4.88441e-005,-1.03899e-004,,,,,,
2.78630e-005,-2.38346e-005,,,,,,
-4.64942e-005,3.87732e-005,,,,,,
-9.01350e-005,5.62295e-005,,,,,,
-8.42603e-005,4.58228e-005,,,,,,
-6.86503e-005,1.19173e-005,,,,,,
-4.81727e-005,-1.89670e-005,,,,,,
-3.42412e-005,-2.85344e-005,,,,,,
-1.84634e-005,-3.07164e-005,,,,,,
-1.76242e-005,-3.64233e-005,,,,,,
-3.13878e-005,-2.08133e-005,,,,,,
-4.58228e-005,-1.32601e-005,,,,,,
-2.76951e-005,-1.09102e-005,,,,,,
-4.07874e-005,7.88891e-006,,,,,,
-3.59197e-005,1.22530e-005,,,,,,
-1.22530e-005,4.86763e-006,,,,,,
-2.18204e-006,-1.89670e-005,,,,,,
-8.22461e-006,1.84634e-006,,,,,,
-1.42672e-005,2.13169e-005,,,,,,
-1.30922e-005,-1.96384e-005,,,,,,
1.35958e-005,-1.35958e-005,,,,,,
4.88441e-005,-2.01419e-006,,,,,,
2.76951e-005,5.53903e-006,,,,,,
2.51774e-006,5.70687e-006,,,,,,
-8.89601e-006,5.03548e-006,,,,,,
-3.57519e-005,1.99741e-005,,,,,,
-2.83665e-005,9.39956e-006,,,,,,
-1.99741e-005,8.56031e-006,,,,,,
-3.59197e-005,3.60876e-005,,,,,,
-8.72816e-006,5.06905e-005,,,,,,
6.09293e-005,2.46738e-005,,,,,,
7.28466e-005,3.54162e-005,,,,,,
2.73594e-005,5.53903e-005,,,,,,
-2.18204e-006,4.78370e-005,,,,,,
3.69268e-006,1.91348e-005,,,,,,
-6.54612e-006,1.32601e-005,,,,,,
-4.22980e-005,-1.67849e-006,,,,,,
-6.02579e-005,-1.09102e-005,,,,,,
-5.58938e-005,-2.34989e-006,,,,,,
-4.28016e-005,1.86313e-005,,,,,,
-1.37636e-005,3.27306e-005,,,,,,
-8.39246e-007,2.80308e-005,,,,,,
-1.89670e-005,2.40024e-005,,,,,,
-4.24659e-005,1.69528e-005,,,,,,
-5.25368e-005,-1.99741e-005,,,,,,
-4.51514e-005,-4.34730e-005,,,,,,
-3.10521e-005,-4.46479e-005,,,,,,
-1.35958e-005,-4.14588e-005,,,,,,
7.21752e-006,2.16526e-005,,,,,,
2.36667e-005,2.33310e-005,,,,,,
2.45060e-005,-2.53452e-005,,,,,,
1.00710e-005,-2.65202e-005,,,,,,
2.18204e-006,-3.42412e-005,,,,,,
-5.87472e-006,-3.64233e-005,,,,,,
-8.22461e-006,-2.18204e-005,,,,,,
-1.02388e-005,-1.64492e-005,,,,,,
-1.64492e-005,-1.17494e-005,,,,,,
-2.76951e-005,1.87991e-005,,,,,,
-1.46029e-005,2.01419e-006,,,,,,
-6.54612e-006,-1.29244e-005,,,,,,
-1.51064e-005,-6.88182e-006,,,,,,
-2.23239e-005,-1.17494e-006,,,,,,
2.85344e-006,-7.04967e-006,,,,,,
5.42153e-005,-1.67849e-007,,,,,,
5.69009e-005,1.59457e-005,,,,,,
8.47639e-005,2.11490e-005,,,,,,
1.61639e-004,2.23239e-005,,,,,,
1.11788e-004,2.09812e-005,,,,,,
-5.11940e-005,1.96384e-005,,,,,,
-1.58114e-004,4.58228e-005,,,,,,
-1.82116e-004,5.95865e-005,,,,,,
-1.97559e-004,2.08133e-005,,,,,,
-1.98398e-004,2.19883e-005,,,,,,
-5.37118e-005,3.10521e-005,,,,,,
6.22721e-005,2.71916e-005,,,,,,
7.90570e-005,-1.51064e-006,,,,,,
6.91539e-005,-1.35958e-005,,,,,,
3.18914e-006,7.38537e-006,,,,,,
-1.04570e-004,2.80308e-005,,,,,,
-1.52911e-004,3.50805e-005,,,,,,
-1.82116e-004,2.58488e-005,,,,,,
-1.41497e-004,5.06905e-005,,,,,,
-8.89601e-005,1.87320e-004,,,,,,
-4.63264e-005,2.32135e-004,,,,,,
1.69528e-005,9.91989e-005,,,,,,
6.02579e-005,2.06455e-005,,,,,,
5.69009e-005,1.10781e-005,,,,,,
-3.18914e-006,2.19883e-005,,,,,,
-4.33051e-005,3.77661e-005,,,,,,
3.18914e-006,3.96124e-005,,,,,,
1.86313e-005,3.44091e-005,,,,,,
7.48608e-005,-9.88632e-005,,,,,,
1.76913e-004,-1.81445e-004,,,,,,
2.60166e-004,-1.47204e-004,,,,,,
3.41909e-004,-1.81781e-004,,,,,,
3.63561e-004,-1.74899e-004,,,,,,
2.51270e-004,3.77661e-005,,,,,,
3.54162e-005,2.40528e-004,,,,,,
-1.53750e-004,8.02319e-005,,,,,,
-2.90883e-004,-2.55131e-005,,,,,,
-3.89914e-004,1.02388e-005,,,,,,
-4.36744e-004,3.02129e-005,,,,,,
-4.48997e-004,1.40154e-004,,,,,,
-3.47448e-004,2.18036e-004,,,,,,
-2.22736e-004,3.87732e-005,,,,,,
-1.23705e-004,-9.23171e-006,,,,,,
5.87472e-005,6.54612e-006,,,,,,
2.23575e-004,-4.61585e-005,,,,,,
2.24582e-004,2.05280e-004,,,,,,
2.70069e-004,3.75479e-004,,,,,,
3.44259e-004,6.83146e-005,,,,,,
3.39055e-004,-7.55322e-006,,,,,,
2.42542e-004,7.10002e-005,,,,,,
9.70169e-005,-1.30419e-004,,,,,,
-2.36667e-005,-3.61044e-004,,,,,,
-1.05577e-004,-2.98604e-004,,,,,,
-2.48585e-004,-3.52483e-005,,,,,,
-3.58862e-004,1.33608e-004,,,,,,
-3.69772e-004,2.62684e-004,,,,,,
-3.35195e-004,3.69436e-004,,,,,,
-3.05318e-004,3.60876e-005,,,,,,
-2.14008e-004,-2.44892e-004,,,,,,
-1.13634e-004,-1.89502e-004,,,,,,
-4.34730e-005,-2.42542e-004,,,,,,
-4.58228e-005,-2.46235e-004,,,,,,
-4.61585e-005,-2.13169e-004,,,,,,
-3.67590e-005,-1.33440e-004,,,,,,
5.87472e-006,5.87472e-006,,,,,,
1.04234e-004,6.76432e-005,,,,,,
1.61303e-004,-5.32082e-005,,,,,,
1.52071e-004,1.69528e-005,,,,,,
2.03937e-004,4.47654e-004,,,,,,
3.97971e-004,2.24750e-004,,,,,,
3.81186e-004,-2.15183e-004,,,,,,
2.80476e-004,-7.15038e-005,,,,,,
1.89166e-004,3.88235e-004,,,,,,
-4.39765e-005,4.22141e-004,,,,,,
-2.04105e-004,2.69230e-004,,,,,,
-2.74769e-004,2.95583e-004,,,,,,
-3.57351e-004,3.18914e-005,,,,,,
-3.08339e-004,-2.42374e-004,,,,,,
4.80049e-005,-2.60670e-004,,,,,,
3.86389e-004,-2.89036e-004,,,,,,
3.10689e-004,-2.05615e-004,,,,,,
1.33608e-004,6.02579e-005,,,,,,
5.13619e-005,3.57351e-004,,,,,,
-1.09941e-004,2.25254e-004,,,,,,
-2.83833e-004,-3.45769e-005,,,,,,
-5.03044e-004,-8.64424e-005,,,,,,
-6.07614e-004,-7.33501e-005,,,,,,
-3.60037e-004,5.03548e-007,,,,,,
-7.46929e-005,1.09270e-004,,,,,,
1.13634e-004,3.52483e-006,,,,,,
1.59457e-004,-2.88365e-004,,,,,,
8.22461e-005,-3.79843e-004,,,,,,
7.87213e-005,-3.27810e-004,,,,,,
1.49722e-004,-3.86221e-004,,,,,,
3.44091e-005,-3.38888e-004,,,,,,
-1.26390e-004,-1.70199e-004,,,,,,
-1.15145e-004,1.05241e-004,,,,,,
-1.32601e-005,7.73617e-004,,,,,,
1.31426e-004,9.25689e-004,,,,,,
2.55634e-004,4.64271e-004,,,,,,
2.66209e-004,5.79080e-005,,,,,,
2.28443e-004,-9.58419e-005,,,,,,
9.78561e-005,2.51774e-006,,,,,,
-1.13802e-004,1.00206e-004,,,,,,
-2.02594e-004,5.72366e-005,,,,,,
-2.16526e-004,-2.07126e-004,,,,,,
1.00206e-004,-4.07034e-004,,,,,,
5.35607e-004,-4.00992e-004,,,,,,
6.55787e-004,-2.60838e-004,,,,,,
4.62928e-004,-1.79431e-004,,,,,,
1.87152e-004,-2.96590e-004,,,,,,
-2.09979e-004,-4.04685e-004,,,,,,
-5.74548e-004,-3.95956e-004,,,,,,
-7.47768e-004,-3.97971e-004,,,,,,
-7.71603e-004,-2.89204e-004,,,,,,
-4.74845e-004,1.84634e-005,,,,,,
-1.67346e-004,3.30831e-004,,,,,,
5.84115e-005,6.28595e-004,,,,,,
1.35622e-004,5.78576e-004,,,,,,
1.15145e-004,3.46273e-004,,,,,,
7.23430e-005,2.33143e-004,,,,,,
3.64233e-005,2.18372e-004,,,,,,
3.79339e-005,5.94186e-005,,,,,,
-2.38346e-005,-5.45510e-005,,,,,,
3.35698e-006,-6.96574e-005,,,,,,
3.22271e-005,-2.04608e-004,,,,,,
-8.10712e-005,-3.90249e-004,,,,,,
5.87472e-006,-4.90120e-004,,,,,,
3.87228e-004,-5.46685e-004,,,,,,
4.97337e-004,-5.79248e-004,,,,,,
3.05653e-004,-5.19829e-004,,,,,,
1.21187e-004,6.46220e-005,,,,,,
-9.55062e-005,6.94896e-004,,,,,,
-3.36873e-004,7.52468e-004,,,,,,
-5.28054e-004,6.73915e-004,,,,,,
-4.26169e-004,4.33555e-004,,,,,,
-7.67071e-005,1.44183e-004,,,,,,
1.37804e-004,-5.53903e-006,,,,,,
1.59625e-004,-1.01884e-004,,,,,,
9.01350e-005,-1.00038e-004,,,,,,
1.76242e-005,-1.08263e-004,,,,,,
-1.31090e-004,-1.64324e-004,,,,,,
-2.13840e-004,-1.89837e-004,,,,,,
-1.43511e-004,-2.31800e-004,,,,,,
5.87472e-006,-2.57649e-004,,,,,,
2.55634e-004,-4.93477e-005,,,,,,
3.96796e-004,1.66674e-004,,,,,,
4.82231e-004,8.39246e-007,,,,,,
4.77699e-004,-8.54353e-005,,,,,,
2.36835e-004,-7.77142e-005,,,,,,
-9.41634e-005,-1.82956e-004,,,,,,
-1.84466e-004,-2.20386e-004,,,,,,
-3.01457e-004,-1.40322e-004,,,,,,
-6.86671e-004,-8.82887e-005,,,,,,
-8.07858e-004,-1.16152e-004,,,,,,
-5.24697e-004,-8.22461e-006,,,,,,
-2.48920e-004,1.28069e-004,,,,,,
-6.99931e-005,1.39483e-004,,,,,,
1.52743e-005,1.07256e-004,,,,,,
9.39956e-006,5.37118e-005,,,,,,
-9.19814e-005,-4.39765e-005,,,,,,
-2.16526e-005,-1.36126e-004,,,,,,
1.75067e-004,-1.02388e-004,,,,,,
2.46235e-004,-8.34211e-005,,,,,,
2.62348e-004,-5.62295e-005,,,,,,
2.55970e-004,4.86763e-006,,,,,,
2.18540e-004,4.81727e-005,,,,,,
1.48882e-004,1.72885e-005,,,,,,
1.33776e-004,-4.64942e-005,,,,,,
1.21187e-004,-6.19364e-005,,,,,,
8.84566e-005,-5.18654e-005,,,,,,
4.48157e-005,-8.05676e-006,,,,,,
-1.76242e-005,4.44800e-005,,,,,,
-8.97993e-005,3.75982e-005,,,,,,
-8.61067e-005,9.21492e-005,,,,,,
-2.60166e-005,6.78111e-005,,,,,,
5.85794e-005,4.49836e-005,,,,,,
2.50095e-005,-9.56741e-006,,,,,,
2.97093e-005,-2.00916e-004,,,,,,
2.01923e-004,-3.57687e-004,,,,,,
2.30121e-004,-2.76783e-004,,,,,,
7.92248e-005,-1.58114e-004,,,,,,
-1.57275e-004,-9.03029e-005,,,,,,
-2.98772e-004,-1.76242e-005,,,,,,
-3.55840e-004,3.26970e-004,,,,,,
-3.90249e-004,6.24231e-004,,,,,,
-2.41535e-004,2.83833e-004,,,,,,
-8.87923e-005,-2.03098e-005,,,,,,
-2.76951e-005,6.69719e-005,,,,,,
-8.39246e-007,1.60296e-004,,,,,,
2.04776e-005,3.92767e-005,,,,,,
9.90310e-006,-5.85794e-005,,,,,,
-8.56031e-006,1.25887e-005,,,,,,
1.17494e-006,4.61585e-005,,,,,,
3.34020e-005,-4.86763e-006,,,,,,
4.21302e-005,-3.86053e-005,,,,,,
2.03098e-005,-1.22530e-005,,,,,,
5.42153e-005,-6.21042e-006,,,,,,
1.02724e-004,-3.23949e-005,,,,,,
6.09293e-005,-5.32082e-005,,,,,,
5.20333e-006,-6.93217e-005,,,,,,
-4.19623e-006,-4.06195e-005,,,,,,
7.55322e-006,-4.38087e-005,,,,,,
-2.85344e-006,-7.70428e-005,,,,,,
-2.83665e-005,-1.02388e-005,,,,,,
-7.55322e-005,4.61585e-005,,,,,,
-9.26528e-005,6.59647e-005,,,,,,
-5.87472e-006,1.32601e-005,,,,,,
1.25551e-004,-6.19364e-005,,,,,,
2.05280e-004,-9.44991e-005,,,,,,
1.62142e-004,-9.91989e-005,,,,,,
9.28206e-005,-6.86503e-005,,,,,,
-1.04906e-004,-5.53903e-006,,,,,,
-3.25460e-004,5.45510e-005,,,,,,
-2.63020e-004,6.12650e-005,,,,,,
-1.17327e-004,3.60876e-005,,,,,,
2.33310e-005,-1.51064e-006,,,,,,
1.30755e-004,7.57000e-005,,,,,,
8.49317e-005,1.19341e-004,,,,,,
5.89151e-005,8.14069e-005,,,,,,
1.08598e-004,-5.03548e-006,,,,,,
-1.44350e-005,-9.65133e-005,,,,,,
-1.78424e-004,-9.11421e-005,,,,,,
-2.26429e-004,-8.94636e-005,,,,,,
-2.17365e-004,-7.38537e-005,,,,,,
-2.31968e-004,6.41184e-005,,,,,,
-1.39147e-004,7.70428e-005,,,,,,
-3.72625e-005,-5.11940e-005,,,,,,
5.53903e-006,-7.46929e-005,,,,,,
2.80308e-005,-4.61585e-005,,,,,,
4.07874e-005,-1.54421e-005,,,,,,
4.31373e-005,1.67849e-007,,,,,,
4.21302e-005,4.41444e-005,,,,,,
3.67590e-005,2.14847e-005,,,,,,
3.00450e-005,-1.67849e-007,,,,,,
7.90570e-005,2.58488e-005,,,,,,
1.11955e-004,6.42863e-005,,,,,,
8.35889e-005,5.52224e-005,,,,,,
7.53643e-005,3.86053e-006,,,,,,
-5.53903e-006,3.18914e-006,,,,,,
-8.37568e-005,-5.03548e-007,,,,,,
-9.48348e-005,5.20333e-006,,,,,,
-6.89860e-005,7.06645e-005,,,,,,
-4.12909e-005,1.62982e-004,,,,,,
-3.91089e-005,1.07591e-004,,,,,,
-4.51514e-005,1.12459e-005,,,,,,
-7.04967e-006,-8.00641e-005,,,,,,
3.20592e-005,-1.01884e-004,,,,,,
1.02388e-005,-9.60098e-005,,,,,,
2.33310e-005,-4.51514e-005,,,,,,
1.05745e-005,1.19173e-005,,,,,,
-1.00206e-004,2.48417e-005,,,,,,
-1.01213e-004,1.86313e-005,,,,,,
-3.64233e-005,5.03548e-006,,,,,,
-8.39246e-007,1.01045e-004,,,,,,
-4.19623e-006,1.64996e-004,,,,,,
-1.79599e-005,8.24140e-005,,,,,,
-2.31632e-005,1.67849e-007,,,,,,
-2.03098e-005,-1.07591e-004,,,,,,
-3.69268e-006,-2.09979e-004,,,,,,
1.51064e-006,-8.77852e-005,,,,,,
-1.34279e-006,5.67330e-005,,,,,,
6.37827e-006,1.96384e-005,,,,,,
1.17494e-005,-1.08431e-004,,,,,,
1.00710e-006,-6.29435e-005,,,,,,
5.87472e-006,4.21302e-005,,,,,,
5.01869e-005,5.13619e-005,,,,,,
1.03059e-004,8.89601e-006,,,,,,
1.23201e-004,-3.70947e-005,,,,,,
1.07256e-004,-4.51514e-005,,,,,,
7.46929e-005,-2.24918e-005,,,,,,
-7.18395e-005,-1.59457e-005,,,,,,
-1.81109e-004,-3.18914e-006,,,,,,
-1.15312e-004,1.76242e-005,,,,,,
-5.35439e-005,6.39506e-005,,,,,,
-2.60166e-005,5.03548e-006,,,,,,
-2.16526e-005,-1.22362e-004,,,,,,
-2.83665e-005,-9.85275e-005,,,,,,
-3.18914e-005,-7.36858e-005,,,,,,
-4.24659e-005,-5.72366e-005,,,,,,
-5.38796e-005,1.03899e-004,,,,,,
-5.01869e-005,1.88830e-004,,,,,,
-4.98512e-005,2.16526e-004,,,,,,
-4.46479e-005,9.95346e-005,,,,,,
-4.49836e-005,-4.59907e-005,,,,,,
-5.08583e-005,-2.56809e-005,,,,,,
-4.71656e-005,-2.40024e-005,,,,,,
-3.57519e-005,-9.83597e-005,,,,,,
-3.32342e-005,-1.26558e-004,,,,,,
-4.11231e-005,-3.55840e-005,,,,,,
-4.07874e-005,5.95865e-005,,,,,,
-2.04776e-005,2.73594e-005,,,,,,
6.54612e-006,-3.18914e-006,,,,,,
3.03807e-005,-8.22461e-005,,,,,,
4.17945e-005,-4.98512e-005,,,,,,
3.22271e-005,1.02556e-004,,,,,,
9.90310e-006,1.03899e-004,,,,,,
-9.06386e-006,4.04517e-005,,,,,,
-1.87991e-005,3.18914e-006,,,,,,
-1.15816e-005,-3.10521e-005,,,,,,
4.86763e-006,-3.54162e-005,,,,,,
2.78630e-005,-2.90379e-005,,,,,,
4.38087e-005,-4.43122e-005,,,,,,
4.28016e-005,-2.60166e-005,,,,,,
2.97093e-005,1.52743e-005,,,,,,
1.10781e-005,3.74304e-005,,,,,,
-5.20333e-006,1.30922e-005,,,,,,
-2.03098e-005,-6.88182e-006,,,,,,
-4.36408e-005,-8.56031e-006,,,,,,
-5.92508e-005,1.32601e-005,,,,,,
-5.33761e-005,2.83665e-005,,,,,,
-2.43381e-005,8.05676e-006,,,,,,
-9.73526e-006,-1.93027e-005,,,,,,
-1.42672e-005,-4.90120e-005,,,,,,
-3.86053e-005,-6.21042e-005,,,,,,
-5.70687e-005,-6.93217e-005,,,,,,
-6.07614e-005,-5.58938e-005,,,,,,
-7.67071e-005,-4.39765e-005,,,,,,
-9.38277e-005,-4.24659e-005,,,,,,
-6.89860e-005,-4.91798e-005,,,,,,
-3.18914e-005,-4.34730e-005,,,,,,
3.86053e-006,-1.39315e-005,,,,,,
1.69528e-005,1.00710e-005,,,,,,
9.73526e-006,9.83597e-005,,,,,,
5.20333e-006,1.62310e-004,,,,,,
-1.61135e-005,1.56603e-004,,,,,,
-4.19623e-005,1.09270e-004,,,,,,
-5.92508e-005,5.94186e-005,,,,,,
-5.48867e-005,3.94446e-005,,,,,,
-1.96384e-005,2.04776e-005,,,,,,
1.59457e-005,4.19623e-006,,,,,,
3.00450e-005,9.23171e-006,,,,,,
3.42412e-005,2.19883e-005,,,,,,
2.38346e-005,9.90310e-006,,,,,,
1.32601e-005,-8.50996e-005,,,,,,
7.21752e-006,-1.46197e-004,,,,,,
2.24918e-005,-1.02556e-004,,,,,,
5.84115e-005,-6.63004e-005,,,,,,
7.38537e-005,-3.86053e-005,,,,,,
6.64683e-005,-1.37636e-005,,,,,,
5.89151e-005,-1.12459e-005,,,,,,
3.34020e-005,-1.49386e-005,,,,,,
8.22461e-006,-2.65202e-005,,,,,,
1.67849e-006,-3.64233e-005,,,,,,
-1.51064e-005,1.09102e-005,,,,,,
-4.85084e-005,1.09941e-004,,,,,,
-8.87923e-005,1.75067e-004,,,,,,
-9.61776e-005,1.17998e-004,,,,,,
-5.99222e-005,1.82956e-005,,,,,,
-1.72885e-005,-2.76951e-005,,,,,,
-2.18204e-006,-4.01160e-005,,,,,,
-5.03548e-006,-8.00641e-005,,,,,,
-8.39246e-007,-5.72366e-005,,,,,,
-1.46029e-005,-3.69268e-006,,,,,,
-2.08133e-005,9.36599e-005,,,,,,
-2.92058e-005,1.56771e-004,,,,,,
-6.36149e-005,1.38140e-004,,,,,,
-8.27497e-005,1.17662e-004,,,,,,
-6.83146e-005,1.08598e-004,,,,,,
-3.97803e-005,4.21302e-005,,,,,,
-2.65202e-005,-6.21042e-006,,,,,,
-1.77920e-005,-8.61067e-005,,,,,,
-6.88182e-006,-1.79095e-004,,,,,,
-2.11490e-005,-9.08064e-005,,,,,,
-5.55581e-005,3.70947e-005,,,,,,
-7.36858e-005,9.78561e-005,,,,,,
-7.28466e-005,-2.60166e-005,,,,,,
-4.71656e-005,-1.16320e-004,,,,,,
3.03807e-005,-8.20783e-005,,,,,,
8.07355e-005,-4.21302e-005,,,,,,
6.07614e-005,-3.35698e-006,,,,,,
-1.67849e-007,3.15557e-005,,,,,,
-2.73594e-005,1.00877e-004,,,,,,
-1.25887e-005,7.23430e-005,,,,,,
-1.44350e-005,-1.30419e-004,,,,,,
-3.75982e-005,-2.31128e-004,,,,,,
-6.29435e-005,-1.52911e-004,,,,,,
-8.19104e-005,-9.28206e-005,,,,,,
-6.81468e-005,-7.15038e-005,,,,,,
-3.40734e-005,-5.90829e-005,,,,,,
7.04967e-006,-8.39246e-006,,,,,,
3.22271e-005,1.27398e-004,,,,,,
4.46479e-005,1.44854e-004,,,,,,
3.77661e-005,1.05745e-005,,,,,,
-7.88891e-006,1.76242e-005,,,,,,
-2.08133e-005,6.59647e-005,,,,,,
-1.09102e-005,2.43381e-005,,,,,,
-1.42672e-005,-5.45510e-005,,,,,,
-1.99741e-005,-9.48348e-005,,,,,,
5.15297e-005,-9.21492e-005,,,,,,
9.70169e-005,-5.85794e-005,,,,,,
1.28405e-004,-2.13169e-005,,,,,,
1.74395e-004,1.25887e-005,,,,,,
1.08598e-004,7.40215e-005,,,,,,
1.57778e-005,1.33440e-004,,,,,,
-2.46738e-005,1.08934e-004,,,,,,
-4.34730e-005,5.38796e-005,,,,,,
-7.67071e-005,-2.03098e-005,,,,,,
-1.06584e-004,-8.29175e-005,,,,,,
-1.22194e-004,-6.49577e-005,,,,,,
-1.39147e-004,-2.29953e-005,,,,,,
-1.28405e-004,1.32601e-005,,,,,,
-1.12963e-004,-2.53452e-005,,,,,,
-8.47639e-005,5.48867e-005,,,,,,
-4.91798e-005,9.61776e-005,,,,,,
-4.78370e-005,-3.97803e-005,,,,,,
-4.73335e-005,-7.51965e-005,,,,,,
-1.98062e-005,-8.24140e-005,,,,,,
-6.37827e-006,-7.36858e-005,,,,,,
1.27565e-005,-6.78111e-005,,,,,,
1.71206e-005,-8.39246e-005,,,,,,
-1.25887e-005,-1.24041e-004,,,,,,
-1.17494e-005,-1.56435e-004,,,,,,
3.18914e-005,-3.52483e-006,,,,,,
4.36408e-005,1.77752e-004,,,,,,
2.76951e-005,1.44854e-004,,,,,,
9.23171e-006,6.21042e-005,,,,,,
4.48157e-005,1.59457e-005,,,,,,
6.54612e-005,7.21752e-006,,,,,,
2.53452e-005,3.87732e-005,,,,,,
6.37827e-006,2.08133e-005,,,,,,
1.86313e-005,-4.33051e-005,,,,,,
4.58228e-005,-5.89151e-005,,,,,,
8.07355e-005,-3.87732e-005,,,,,,
2.63523e-005,-4.86763e-006,,,,,,
-2.93736e-005,-1.46029e-005,,,,,,
-7.72107e-006,-5.79080e-005,,,,,,
1.35958e-005,-8.19104e-005,,,,,,
-5.27047e-005,-6.94896e-005,,,,,,
-1.37301e-004,-3.79339e-005,,,,,,
-1.45190e-004,3.03807e-005,,,,,,
-7.55322e-005,8.15747e-005,,,,,,
-5.99222e-005,1.65667e-004,,,,,,
-7.63714e-005,1.84131e-004,,,,,,
-9.65133e-005,9.75204e-005,,,,,,
-7.20073e-005,3.42412e-005,,,,,,
-3.52483e-006,-2.03098e-005,,,,,,
3.84375e-005,-6.05936e-005,,,,,,
3.59197e-005,-6.83146e-005,,,,,,
2.71916e-005,-9.08064e-005,,,,,,
1.22530e-005,-1.13466e-004,,,,,,
-2.18204e-006,-9.03029e-005,,,,,,
-1.39315e-005,-3.18914e-005,,,,,,
-4.71656e-005,2.03098e-005,,,,,,
-1.56100e-005,6.02579e-005,,,,,,
1.99741e-005,7.10002e-005,,,,,,
2.76951e-005,8.35889e-005,,,,,,
3.03807e-005,1.31762e-004,,,,,,
8.89601e-006,1.54589e-004,,,,,,
-3.79339e-005,1.31426e-004,,,,,,
-3.13878e-005,5.95865e-005,,,,,,
2.18204e-006,5.53903e-006,,,,,,
-2.50095e-005,-1.71206e-005,,,,,,
-7.77142e-005,-1.93027e-005,,,,,,
-7.53643e-005,-4.93477e-005,,,,,,
-6.05936e-005,-9.48348e-005,,,,,,
2.08133e-005,-1.21691e-004,,,,,,
1.01213e-004,-1.17327e-004,,,,,,
8.81209e-005,-5.53903e-005,,,,,,
7.50286e-005,-2.26596e-005,,,,,,
4.69978e-005,-2.97093e-005,,,,,,
-2.97093e-005,3.07164e-005,,,,,,
-8.15747e-005,9.43313e-005,,,,,,
-1.29915e-004,8.89601e-005,,,,,,
-1.75402e-004,4.48157e-005,,,,,,
-1.94537e-004,-5.03548e-006,,,,,,
-1.67681e-004,-4.39765e-005,,,,,,
-2.60166e-005,-6.36149e-005,,,,,,
1.03899e-004,-8.29175e-005,,,,,,
8.84566e-005,-6.96574e-005,,,,,,
4.34730e-005,-3.15557e-005,,,,,,
7.88891e-006,1.79599e-005,,,,,,
-4.78370e-005,2.23239e-005,,,,,,
-9.41634e-005,-9.56741e-006,,,,,,
-9.41634e-005,-1.96384e-005,,,,,,
-2.23239e-005,-7.38537e-006,,,,,,
9.34920e-005,-1.79599e-005,,,,,,
1.25216e-004,-4.31373e-005,,,,,,
1.08263e-004,-7.88891e-006,,,,,,
3.28984e-005,2.53452e-005,,,,,,
-7.18395e-005,-2.85344e-006,,,,,,
-6.64683e-005,3.54162e-005,,,,,,
-9.04707e-005,6.16007e-005,,,,,,
-1.25551e-004,2.66880e-005,,,,,,
-8.84566e-005,-1.51064e-006,,,,,,
3.81018e-005,-7.88891e-006,,,,,,
1.17998e-004,-2.08133e-005,,,,,,
1.27062e-004,-5.05226e-005,,,,,,
8.22461e-005,-2.97093e-005,,,,,,
4.51514e-005,1.02388e-005,,,,,,
6.04257e-006,5.72366e-005,,,,,,
-3.84375e-005,5.33761e-005,,,,,,
-3.64233e-005,1.14137e-005,,,,,,
-8.47639e-005,-1.76242e-005,,,,,,
-1.27062e-004,-2.81987e-005,,,,,,
-1.16655e-004,-1.98062e-005,,,,,,
-1.01213e-004,1.05745e-005,,,,,,
-4.44800e-005,3.77661e-005,,,,,,
1.27565e-005,5.15297e-005,,,,,,
6.99931e-005,-1.15816e-005,,,,,,
7.10002e-005,-2.83665e-005,,,,,,
6.19364e-005,-3.50805e-005,,,,,,
2.66880e-005,-3.64233e-005,,,,,,
1.12459e-005,-1.17494e-005,,,,,,
3.70947e-005,-1.93027e-005,,,,,,
4.41444e-005,-3.64233e-005,,,,,,
4.78370e-005,-2.90379e-005,,,,,,
5.48867e-005,-4.51514e-005,,,,,,
2.58488e-005,-6.29435e-005,,,,,,
-3.34020e-005,-6.46220e-005,,,,,,
-9.95346e-005,-6.02579e-005,,,,,,
-1.25719e-004,-4.71656e-005,,,,,,
-9.85275e-005,-6.83146e-005,,,,,,
-4.29694e-005,-1.08598e-004,,,,,,
-1.44350e-005,-1.19173e-004,,,,,,
-4.95155e-005,-1.11620e-004,,,,,,
-7.21752e-005,-9.91989e-005,,,,,,
-7.40215e-005,-8.09033e-005,,,,,,
-7.13359e-005,-8.24140e-005,,,,,,
-3.47448e-005,-6.24399e-005,,,,,,
3.50805e-005,-1.59457e-005,,,,,,
7.10002e-005,-2.50095e-005,,,,,,
3.74304e-005,-4.06195e-005,,,,,,
-5.20333e-006,-4.04517e-005,,,,,,
-2.98772e-005,-3.77661e-005,,,,,,
-2.50095e-005,-3.67590e-005,,,,,,
-1.79599e-005,-4.78370e-005,,,,,,
-2.51774e-005,-4.78370e-005,,,,,,
-1.69528e-005,-2.97093e-005,,,,,,
3.69268e-006,-1.04067e-005,,,,,,
2.31632e-005,5.03548e-007,,,,,,
1.71206e-005,-3.18914e-006,,,,,,
-8.22461e-006,-6.21042e-006,,,,,,
-2.43381e-005,1.84634e-006,,,,,,
-3.60876e-005,3.52483e-006,,,,,,
-4.11231e-005,4.19623e-006,,,,,,
-3.64233e-005,8.22461e-006,,,,,,
-3.70947e-005,8.56031e-006,,,,,,
-2.56809e-005,1.24208e-005,,,,,,
8.72816e-006,2.53452e-005,,,,,,
-1.89670e-005,2.63523e-005,,,,,,
-2.36667e-005,2.56809e-005,,,,,,
1.34279e-006,2.98772e-005,,,,,,
-1.12459e-005,3.39055e-005,,,,,,
-3.03807e-005,3.92767e-005,,,,,,
-3.40734e-005,4.44800e-005,,,,,,
-3.84375e-005,4.85084e-005,,,,,,
-2.46738e-005,6.63004e-005,,,,,,
-8.72816e-006,5.82437e-005,,,,,,
1.62814e-005,4.07874e-005,,,,,,
9.56741e-006,5.08583e-005,,,,,,
-1.67849e-005,6.05936e-005,,,,,,
-1.89670e-005,6.39506e-005,,,,,,
-1.51064e-006,5.82437e-005,,,,,,
-4.86763e-006,5.85794e-005,,,,,,
-4.04517e-005,6.26078e-005,,,,,,
-4.04517e-005,6.71397e-005,,,,,,
-3.07164e-005,7.03288e-005,,,,,,
-1.34279e-006,6.89860e-005,,,,,,
4.61585e-005,4.44800e-005,,,,,,
4.28016e-005,4.44800e-005,,,,,,
1.49386e-005,5.20333e-005,,,,,,
5.48867e-005,4.29694e-005,,,,,,
1.39818e-004,4.34730e-005,,,,,,
1.56100e-004,5.28725e-005,,,,,,
1.35958e-004,4.41444e-005,,,,,,
1.06584e-004,2.40024e-005,,,,,,
-7.88891e-006,2.90379e-005,,,,,,
-1.94537e-004,3.64233e-005,,,,,,
-2.57313e-004,3.30663e-005,,,,,,
-2.08301e-004,3.00450e-005,,,,,,
-1.37804e-004,2.43381e-005,,,,,,
-7.33501e-005,1.99741e-005,,,,,,
-7.16716e-005,1.42672e-005,,,,,,
2.29953e-005,-1.84634e-006,,,,,,
9.08064e-005,-1.93027e-005,,,,,,
2.51774e-005,-1.52743e-005,,,,,,
-2.56809e-005,1.12459e-005,,,,,,
-3.40734e-005,3.02129e-006,,,,,,
-3.72625e-005,-1.71206e-005,,,,,,
-6.66362e-005,-2.36667e-005,,,,,,
-1.06584e-004,3.13878e-005,,,,,,
-4.38087e-005,1.28740e-004,,,,,,
3.42412e-005,8.77852e-005,,,,,,
1.21187e-004,-1.56100e-005,,,,,,
1.85473e-004,-5.80758e-005,,,,,,
1.39315e-004,-4.34730e-005,,,,,,
7.90570e-005,-9.23171e-006,,,,,,
-7.13359e-005,5.62295e-005,,,,,,
-1.91180e-004,1.41833e-004,,,,,,
-2.35157e-004,6.29435e-005,,,,,,
-2.41535e-004,-8.07355e-005,,,,,,
-1.87823e-004,-9.51705e-005,,,,,,
-1.33104e-004,-1.30755e-004,,,,,,
-2.09812e-005,-1.62310e-004,,,,,,
1.91348e-005,-1.53246e-004,,,,,,
-6.63004e-005,-1.21355e-004,,,,,,
-9.95346e-005,-7.41894e-005,,,,,,
3.65911e-005,-6.37827e-006,,,,,,
9.13100e-005,-7.60357e-005,,,,,,
1.34112e-004,-8.34211e-005,,,,,,
2.52110e-004,2.15686e-004,,,,,,
4.32212e-004,2.53620e-004,,,,,,
3.11360e-004,-1.35958e-005,,,,,,
1.42672e-004,-1.21355e-004,,,,,,
9.88632e-005,-8.64424e-005,,,,,,
-3.77661e-005,7.20073e-005,,,,,,
-2.17029e-004,5.85794e-005,,,,,,
-1.24376e-004,-7.04967e-006,,,,,,
-4.21302e-005,1.87991e-005,,,,,,
-2.19043e-004,2.53452e-005,,,,,,
-4.17777e-004,4.21302e-005,,,,,,
-4.01328e-004,1.13970e-004,,,,,,
-3.17403e-004,1.63485e-004,,,,,,
-2.65202e-004,2.66880e-005,,,,,,
-2.83833e-004,2.38346e-005,,,,,,
-1.39818e-004,1.01213e-004,,,,,,
-1.76242e-005,1.06416e-004,,,,,,
1.46029e-005,1.02556e-004,,,,,,
3.10521e-005,-8.39246e-007,,,,,,
8.10712e-005,-1.95377e-004,,,,,,
3.27810e-004,-1.74395e-004,,,,,,
4.73503e-004,-1.09606e-004,,,,,,
4.74510e-004,-2.26093e-004,,,,,,
4.34562e-004,-2.45563e-004,,,,,,
2.24582e-004,-1.88327e-004,,,,,,
8.37568e-005,-7.11681e-005,,,,,,
-1.24041e-004,8.87923e-005,,,,,,
-3.02632e-004,1.12291e-004,,,,,,
-3.11528e-004,1.90509e-004,,,,,,
-2.14343e-004,9.38277e-005,,,,,,
-4.58228e-005,-1.55932e-004,,,,,,
1.50057e-004,-1.92523e-004,,,,,,
1.16320e-004,-2.03601e-004,,,,,,
-2.71916e-005,-2.44221e-004,,,,,,
-1.63653e-004,-2.34821e-004,,,,,,
-2.19043e-004,-3.67590e-005,,,,,,
-2.03601e-004,1.49218e-004,,,,,,
-1.92859e-004,1.14641e-004,,,,,,
-2.14511e-004,2.47242e-004,,,,,,
-1.12963e-004,4.03174e-004,,,,,,
1.84634e-006,2.50095e-004,,,,,,
1.04067e-005,1.23369e-004,,,,,,
-6.36149e-005,6.22721e-005,,,,,,
-1.33104e-004,7.55322e-006,,,,,,
-1.87655e-004,-4.34730e-005,,,,,,
-1.48043e-004,-2.90379e-005,,,,,,
-6.09293e-005,1.06920e-004,,,,,,
3.57519e-005,6.99931e-005,,,,,,
1.89166e-004,-1.32769e-004,,,,,,
3.68261e-004,-2.06455e-004,,,,,,
5.28557e-004,-1.12627e-004,,,,,,
5.75723e-004,-1.55596e-004,,,,,,
5.16472e-004,-1.38643e-004,,,,,,
2.63355e-004,-1.17494e-005,,,,,,
-7.36858e-005,1.10948e-004,,,,,,
-3.72457e-004,1.76242e-004,,,,,,
-5.77905e-004,9.31563e-005,,,,,,
-4.18280e-004,-6.86503e-005,,,,,,
-2.94911e-004,-2.10651e-004,,,,,,
-2.91051e-004,-1.73053e-004,,,,,,
-1.81277e-004,4.61585e-005,,,,,,
-1.38140e-004,2.51606e-004,,,,,,
-1.20684e-004,3.21599e-004,,,,,,
-1.13466e-004,1.40490e-004,,,,,,
-2.87022e-005,3.25628e-005,,,,,,
2.29282e-004,3.02129e-005,,,,,,
6.07782e-004,-1.46029e-005,,,,,,
6.14160e-004,-6.26078e-005,,,,,,
4.31373e-004,-9.38277e-005,,,,,,
3.29152e-004,-1.77585e-004,,,,,,
2.28107e-004,-1.58618e-004,,,,,,
5.72366e-005,-1.41833e-004,,,,,,
-1.71038e-004,-1.66003e-004,,,,,,
-2.06790e-004,-1.43175e-004,,,,,,
-1.83124e-004,-1.48211e-004,,,,,,
-2.84504e-004,-8.77852e-005,,,,,,
-4.56718e-004,4.41444e-005,,,,,,
-4.35737e-004,5.74044e-005,,,,,,
-2.32639e-004,6.21042e-005,,,,,,
-9.08064e-005,2.79805e-004,,,,,,
-1.09102e-005,5.09422e-004,,,,,,
2.55131e-005,2.73594e-004,,,,,,
1.69528e-005,-4.81727e-005,,,,,,
9.73526e-006,-1.14305e-004,,,,,,
3.13878e-005,3.81018e-005,,,,,,
8.30854e-005,2.06790e-004,,,,,,
1.08263e-004,1.52743e-004,,,,,,
9.38277e-005,2.87022e-005,,,,,,
1.01381e-004,1.51568e-004,,,,,,
1.25719e-004,2.99107e-004,,,,,,
1.32601e-004,1.90005e-004,,,,,,
1.55261e-004,1.69528e-005,,,,,,
1.34615e-004,-1.23873e-004,,,,,,
2.51774e-006,-1.29747e-004,,,,,,
-1.60967e-004,-1.19341e-004,,,,,,
-1.81445e-004,-9.75204e-005,,,,,,
-1.73388e-004,-1.23705e-004,,,,,,
-1.29076e-004,-2.25757e-004,,,,,,
-6.02579e-005,-2.31800e-004,,,,,,
5.20333e-005,-1.06416e-004,,,,,,
2.01419e-004,-1.01549e-004,,,,,,
2.73426e-004,-2.67720e-004,,,,,,
2.33814e-004,-3.03975e-004,,,,,,
6.96574e-005,-3.08339e-004,,,,,,
-8.49317e-005,-2.89372e-004,,,,,,
-1.82788e-004,-1.41833e-004,,,,,,
-2.90211e-004,-2.40024e-004,,,,,,
-1.77920e-004,-2.01587e-004,,,,,,
4.86763e-006,1.83124e-004,,,,,,
-4.91798e-005,5.83276e-004,,,,,,
-7.93927e-005,6.96574e-004,,,,,,
-7.03288e-005,2.78798e-004,,,,,,
-5.57259e-005,8.56031e-006,,,,,,
-2.03601e-004,-1.62814e-005,,,,,,
-2.52949e-004,-1.54421e-005,,,,,,
-1.19173e-004,2.19883e-005,,,,,,
-9.48348e-005,8.54353e-005,,,,,,
-2.11322e-004,1.39147e-004,,,,,,
-2.04273e-004,1.40826e-004,,,,,,
-9.71847e-005,-5.37118e-006,,,,,,
1.62814e-005,-1.08431e-004,,,,,,
1.86984e-004,-1.74395e-004,,,,,,
2.33478e-004,-3.17739e-004,,,,,,
2.38514e-004,-3.23445e-004,,,,,,
1.34951e-004,-1.38979e-004,,,,,,
-3.25628e-005,1.01549e-004,,,,,,
-7.72107e-006,-8.39246e-006,,,,,,
7.55322e-005,-1.75570e-004,,,,,,
7.48608e-005,2.19883e-005,,,,,,
5.23690e-005,2.44221e-004,,,,,,
3.52483e-005,1.09941e-004,,,,,,
-1.66171e-005,1.51064e-005,,,,,,
-1.36126e-004,-4.31373e-005,,,,,,
-2.05615e-004,-7.23430e-005,,,,,,
-1.31090e-004,-7.33501e-005,,,,,,
-7.40215e-005,-8.03998e-005,,,,,,
-5.62295e-005,-3.34020e-005,,,,,,
-5.11940e-005,-3.23949e-005,,,,,,
-2.11490e-005,-8.45960e-005,,,,,,
5.42153e-005,-1.09102e-004,,,,,,
9.61776e-005,-9.06386e-005,,,,,,
8.24140e-005,-8.34211e-005,,,,,,
7.46929e-005,-5.65652e-005,,,,,,
4.81727e-005,-1.22530e-005,,,,,,
4.54871e-005,1.93027e-005,,,,,,
2.90379e-005,1.64492e-005,,,,,,
-1.22530e-005,-4.28016e-005,,,,,,
-2.85344e-006,-1.44183e-004,,,,,,
6.71397e-007,-1.32433e-004,,,,,,
-3.17235e-005,-6.05936e-005,,,,,,
-5.52224e-005,-7.67071e-005,,,,,,
-3.13878e-005,-7.67071e-005,,,,,,
2.36667e-005,1.05745e-005,,,,,,
4.88441e-005,6.93217e-005,,,,,,
5.18654e-005,4.91798e-005,,,,,,
4.95155e-005,1.66171e-005,,,,,,
1.20851e-005,1.19173e-005,,,,,,
-1.52743e-005,3.94446e-005,,,,,,
1.24208e-005,7.77142e-005,,,,,,
9.68490e-005,5.84115e-005,,,,,,
1.00374e-004,-2.66880e-005,,,,,,
2.33310e-005,-4.80049e-005,,,,,,
-6.34470e-005,-3.13878e-005,,,,,,
-1.29747e-004,2.76951e-005,,,,,,
-1.65164e-004,7.40215e-005,,,,,,
-1.54253e-004,5.75723e-005,,,,,,
-1.04906e-004,5.32082e-005,,,,,,
-7.08324e-005,4.24659e-005,,,,,,
-5.45510e-005,1.84634e-006,,,,,,
-4.28016e-005,-4.44800e-005,,,,,,
-3.30663e-005,-8.62745e-005,,,,,,
-1.67849e-005,-8.76173e-005,,,,,,
-1.25887e-005,-4.38087e-005,,,,,,
-8.22461e-006,7.04967e-006,,,,,,
-1.93027e-005,6.86503e-005,,,,,,
-3.40734e-005,1.26894e-004,,,,,,
-2.23239e-005,2.18708e-004,,,,,,
-4.19623e-006,2.24750e-004,,,,,,
9.90310e-006,7.48608e-005,,,,,,
2.98772e-005,1.84634e-005,,,,,,
-1.14137e-005,1.77920e-005,,,,,,
-1.13130e-004,-2.40024e-005,,,,,,
-8.64424e-005,-4.31373e-005,,,,,,
-2.76951e-005,-3.34020e-005,,,,,,
-2.50095e-005,-3.67590e-005,,,,,,
4.86763e-006,-6.05936e-005,,,,,,
2.29953e-005,-3.55840e-005,,,,,,
3.81018e-005,3.74304e-005,,,,,,
1.79599e-005,1.84634e-005,,,,,,
-3.97803e-005,-2.08133e-005,,,,,,
-6.21042e-005,-3.91089e-005,,,,,,
-8.34211e-005,-4.02838e-005,,,,,,
-1.15648e-004,-2.66880e-005,,,,,,
-6.29435e-005,-9.56741e-006,,,,,,
2.85344e-006,1.25887e-005,,,,,,
3.50805e-005,7.88891e-006,,,,,,
6.63004e-005,-4.44800e-005,,,,,,
1.16487e-004,-1.14977e-004,,,,,,
9.08064e-005,-9.21492e-005,,,,,,
1.77920e-005,-2.06455e-005,,,,,,
-1.51064e-005,-2.43381e-005,,,,,,
-5.13619e-005,-1.99741e-005,,,,,,
-5.99222e-005,1.11955e-004,,,,,,
-3.64233e-005,1.74899e-004,,,,,,
-3.44091e-005,1.71542e-004,,,,,,
-5.08583e-005,1.58114e-004,,,,,,
-3.59197e-005,-2.09812e-005,,,,,,
7.55322e-006,5.82437e-005,,,,,,
-5.20333e-005,6.89860e-005,,,,,,
-7.80499e-005,-1.41833e-004,,,,,,
-5.01869e-005,-1.66339e-004,,,,,,
-1.93027e-005,-5.32082e-005,,,,,,
-7.72107e-006,-4.46479e-005,,,,,,
5.03548e-007,-6.31113e-005,,,,,,
2.66880e-005,-4.12909e-005,,,,,,
2.34989e-005,-3.45769e-005,,,,,,
-3.23949e-005,-2.90379e-005,,,,,,
-3.79339e-005,-1.56100e-005,,,,,,
-1.12459e-005,-2.70237e-005,,,,,,
-5.37118e-006,-2.83665e-005,,,,,,
-1.46029e-005,-2.33310e-005,,,,,,
-2.31632e-005,-9.90310e-006,,,,,,
-1.10781e-005,1.67849e-007,,,,,,
1.46029e-005,-1.12459e-005,,,,,,
3.60876e-005,1.19173e-005,,,,,,
4.06195e-005,4.28016e-005,,,,,,
1.49386e-005,4.64942e-005,,,,,,
-1.86313e-005,-2.65202e-005,,,,,,
-2.45060e-005,-6.26078e-005,,,,,,
1.44350e-005,-1.17494e-005,,,,,,
3.97803e-005,3.54162e-005,,,,,,
3.05486e-005,5.50546e-005,,,,,,
-2.01419e-006,5.75723e-005,,,,,,
-7.01610e-005,4.88441e-005,,,,,,
-6.99931e-005,2.26596e-005,,,,,,
-3.23949e-005,1.27565e-005,,,,,,
-1.69528e-005,-7.55322e-006,,,,,,
6.54612e-006,-4.28016e-005,,,,,,
3.27306e-005,-6.42863e-005,,,,,,
5.85794e-005,-5.18654e-005,,,,,,
7.85534e-005,-2.63523e-005,,,,,,
2.26596e-005,-2.85344e-006,,,,,,
-7.57000e-005,5.70687e-006,,,,,,
-9.55062e-005,1.94705e-005,,,,,,
-8.99672e-005,2.33310e-005,,,,,,
-7.40215e-005,2.90379e-005,,,,,,
-4.78370e-005,2.51774e-005,,,,,,
-3.34020e-005,1.59457e-005,,,,,,
-1.05745e-005,-2.51774e-006,,,,,,
4.61585e-005,-1.30922e-005,,,,,,
6.94896e-005,-6.21042e-006,,,,,,
1.72885e-005,1.86313e-005,,,,,,
-3.94446e-005,5.52224e-005,,,,,,
-6.12650e-005,3.60876e-005,,,,,,
-9.65133e-005,2.70237e-005,,,,,,
-6.79789e-005,6.24399e-005,,,,,,
-3.32342e-005,5.05226e-005,,,,,,
-2.60166e-005,1.46029e-005,,,,,,
-1.64492e-005,3.86053e-006,,,,,,
-7.21752e-006,-9.06386e-006,,,,,,
-2.76951e-005,-2.51774e-005,,,,,,
-6.05936e-005,-2.24918e-005,,,,,,
-6.02579e-005,-1.10781e-005,,,,,,
-2.38346e-005,-2.85344e-006,,,,,,
3.44091e-005,1.99741e-005,,,,,,
6.59647e-005,2.97093e-005,,,,,,
6.63004e-005,-1.77920e-005,,,,,,
3.64233e-005,-7.80499e-005,,,,,,
9.73526e-006,-5.65652e-005,,,,,,
3.18914e-006,-4.06195e-005,,,,,,
5.87472e-006,-4.26337e-005,,,,,,
-5.53903e-006,-1.84634e-006,,,,,,
-5.87472e-006,-6.54612e-006,,,,,,
1.61135e-005,-4.11231e-005,,,,,,
1.15816e-005,-1.89670e-005,,,,,,
3.69268e-006,9.23171e-006,,,,,,
-1.67849e-006,1.64492e-005,,,,,,
-2.09812e-005,1.17494e-006,,,,,,
-2.81987e-005,-1.52743e-005,,,,,,
-3.37377e-005,-1.72885e-005,,,,,,
-4.04517e-005,-1.66171e-005,,,,,,
-3.37377e-005,-1.66171e-005,,,,,,
-2.40024e-005,-9.23171e-006,,,,,,
-1.12459e-005,1.12459e-005,,,,,,
-9.56741e-006,3.50805e-005,,,,,,
-7.55322e-006,1.77920e-005,,,,,,
-1.42672e-005,1.42672e-005,,,,,,
-2.45060e-005,-4.19623e-006,,,,,,
-2.26596e-005,-2.88701e-005,,,,,,
-2.43381e-005,-7.21752e-006,,,,,,
-3.25628e-005,1.89670e-005,,,,,,
-3.27306e-005,1.42672e-005,,,,,,
-2.97093e-005,2.40024e-005,,,,,,
-2.56809e-005,2.61845e-005,,,,,,
-1.37636e-005,6.21042e-006,,,,,,
-3.35698e-007,-1.69528e-005,,,,,,
-5.03548e-007,4.86763e-006,,,,,,
-7.04967e-006,1.66171e-005,,,,,,
-2.51774e-006,3.00450e-005,,,,,,
-8.22461e-006,6.76432e-005,,,,,,
-9.56741e-006,5.45510e-005,,,,,,
-6.21042e-006,2.87022e-005,,,,,,
-8.89601e-006,2.63523e-005,,,,,,
-1.35958e-005,1.81277e-005,,,,,,
-1.72885e-005,-1.93027e-005,,,,,,
-2.95415e-005,-4.91798e-005,,,,,,
-2.87022e-005,-5.22011e-005,,,,,,
-2.53452e-005,-4.51514e-005,,,,,,
-2.33310e-005,-5.11940e-005,,,,,,
-1.12459e-005,-6.44541e-005,,,,,,
1.19173e-005,-7.63714e-005,,,,,,
3.02129e-005,-6.46220e-005,,,,,,
3.07164e-005,-4.76692e-005,,,,,,
2.19883e-005,-2.04776e-005,,,,,,
5.20333e-006,-2.18204e-006,,,,,,
-2.16526e-005,-4.36408e-006,,,,,,
-4.51514e-005,3.86053e-006,,,,,,
-5.72366e-005,9.23171e-006,,,,,,
-6.32792e-005,-6.37827e-006,,,,,,
-6.19364e-005,-1.76242e-005,,,,,,
-5.42153e-005,-1.81277e-005,,,,,,
-5.84115e-005,-1.42672e-005,,,,,,
-4.88441e-005,-1.24208e-005,,,,,,
-3.18914e-005,1.67849e-007,,,,,,
-3.57519e-005,2.97093e-005,,,,,,
-4.16266e-005,1.00206e-004,,,,,,
-3.64233e-005,1.55428e-004,,,,,,
-4.91798e-005,1.63653e-004,,,,,,
-5.35439e-005,1.20684e-004,,,,,,
-2.60166e-005,1.01213e-004,,,,,,
-1.52743e-005,7.53643e-005,,,,,,
-1.49386e-005,2.87022e-005,,,,,,
-2.56809e-005,1.22530e-005,,,,,,
-3.02129e-005,1.51064e-006,,,,,,
2.18204e-006,-3.59197e-005,,,,,,
2.87022e-005,-1.17998e-004,,,,,,
1.15816e-005,-5.32082e-005,,,,,,
-1.49386e-005,7.06645e-005,,,,,,
-1.25887e-005,5.53903e-005,,,,,,
-5.53903e-006,3.84375e-005,,,,,,
2.51774e-006,-1.61135e-005,,,,,,
4.28016e-005,-1.29076e-004,,,,,,
8.00641e-005,-1.48547e-004,,,,,,
7.90570e-005,-1.29915e-004,,,,,,
4.78370e-005,-1.13802e-004,,,,,,
6.54612e-006,-8.94636e-005,,,,,,
-1.17494e-005,-5.70687e-005,,,,,,
-1.39315e-005,-3.77661e-005,,,,,,
-1.79599e-005,-3.23949e-005,,,,,,
2.18204e-006,-3.70947e-005,,,,,,
3.50805e-005,-2.70237e-005,,,,,,
5.20333e-005,-1.10781e-005,,,,,,
3.97803e-005,1.24208e-005,,,,,,
1.32601e-005,8.14069e-005,,,,,,
-1.82956e-005,1.61975e-004,,,,,,
-3.32342e-005,6.26078e-005,,,,,,
-3.72625e-005,-5.82437e-005,,,,,,
-4.73335e-005,-7.06645e-005,,,,,,
-3.91089e-005,-1.27398e-004,,,,,,
-2.76951e-005,-1.07591e-004,,,,,,
-2.41703e-005,-5.92508e-005,,,,,,
-2.81987e-005,-2.93736e-005,,,,,,
-5.25368e-005,-4.66621e-005,,,,,,
-7.78820e-005,-7.26787e-005,,,,,,
-5.94186e-005,2.57649e-004,,,,,,
-2.53452e-005,2.76448e-004,,,,,,
-2.85344e-005,1.11955e-004,,,,,,
-4.07874e-005,1.17159e-004,,,,,,
-4.71656e-005,8.34211e-005,,,,,,
-2.70237e-005,-3.18914e-006,,,,,,
5.20333e-006,-7.57000e-005,,,,,,
-3.18914e-006,-9.63455e-005,,,,,,
-5.11940e-005,-1.13298e-004,,,,,,
-1.03731e-004,-9.34920e-005,,,,,,
-1.31426e-004,2.50095e-005,,,,,,
-9.95346e-005,7.26787e-005,,,,,,
-6.22721e-005,3.77661e-005,,,,,,
-1.79599e-005,2.06455e-005,,,,,,
3.60876e-005,-6.37827e-006,,,,,,
6.22721e-005,-3.03807e-005,,,,,,
4.88441e-005,3.86053e-006,,,,,,
3.45769e-005,1.84634e-005,,,,,,
3.87732e-005,-3.17235e-005,,,,,,
5.62295e-005,-1.96384e-005,,,,,,
7.67071e-005,3.02129e-006,,,,,,
1.03731e-004,-8.97993e-005,,,,,,
1.11620e-004,-1.89670e-005,,,,,,
6.96574e-005,4.06195e-005,,,,,,
3.86053e-006,2.41703e-005,,,,,,
-1.15816e-005,1.64492e-005,,,,,,
-2.93736e-005,2.88701e-005,,,,,,
-5.85794e-005,2.53452e-005,,,,,,
-5.80758e-005,-7.30144e-005,,,,,,
-3.12200e-005,-1.48714e-004,,,,,,
-5.87472e-006,-1.32769e-004,,,,,,
-1.17494e-006,-9.01350e-005,,,,,,
1.25887e-005,-7.33501e-005,,,,,,
3.70947e-005,-5.80758e-005,,,,,,
7.04967e-006,-3.70947e-005,,,,,,
-5.99222e-005,-1.84634e-005,,,,,,
-1.21691e-004,4.86763e-006,,,,,,
-1.55596e-004,1.17494e-006,,,,,,
-1.42672e-004,-6.37827e-006,,,,,,
-1.01884e-004,1.10781e-004,,,,,,
-5.69009e-005,9.76883e-005,,,,,,
-2.26596e-005,3.35698e-007,,,,,,
-2.73594e-005,7.75463e-005,,,,,,
-3.23949e-005,1.16655e-004,,,,,,
2.01419e-006,1.51568e-004,,,,,,
4.11231e-005,-3.23949e-005,,,,,,
3.79339e-005,-1.66171e-005,,,,,,
1.25887e-005,3.27306e-005,,,,,,
-7.21752e-006,-7.63714e-005,,,,,,
1.32601e-005,-8.07355e-005,,,,,,
3.34020e-005,-1.42672e-005,,,,,,
6.71397e-007,7.88891e-006,,,,,,
-1.66171e-005,4.86763e-006,,,,,,
-4.86763e-006,-5.53903e-006,,,,,,
-1.54421e-005,5.70687e-006,,,,,,
-3.94446e-005,2.73594e-005,,,,,,
-6.16007e-005,1.32601e-005,,,,,,
-4.91798e-005,-2.63523e-005,,,,,,
-3.69268e-005,-4.39765e-005,,,,,,
-3.50805e-005,-1.22530e-005,,,,,,
-2.19883e-005,6.54612e-006,,,,,,
-1.99741e-005,-1.17494e-006,,,,,,
-2.51774e-006,-9.73526e-006,,,,,,
3.34020e-005,-4.19623e-006,,,,,,
7.10002e-005,4.53193e-006,,,,,,
9.86954e-005,-3.13878e-005,,,,,,
7.68750e-005,-2.83665e-005,,,,,,
1.32601e-005,8.72816e-006,,,,,,
-4.24659e-005,5.89151e-005,,,,,,
-6.69719e-005,1.50057e-004,,,,,,
-6.56291e-005,1.67346e-004,,,,,,
-3.99481e-005,9.44991e-005,,,,,,
-5.53903e-006,2.85344e-005,,,,,,
-1.79599e-005,-8.89601e-006,,,,,,
-4.31373e-005,-3.20592e-005,,,,,,
-5.89151e-005,-3.10521e-005,,,,,,
-3.81018e-005,-2.60166e-005,,,,,,
-2.66880e-005,-2.50095e-005,,,,,,
-3.47448e-005,-2.18204e-005,,,,,,
-6.63004e-005,1.19173e-005,,,,,,
-4.34730e-005,6.71397e-007,,,,,,
-2.06455e-005,-5.95865e-005,,,,,,
-1.82956e-005,-1.26390e-004,,,,,,
3.00450e-005,-1.65667e-004,,,,,,
7.40215e-005,-1.09941e-004,,,,,,
7.45251e-005,5.53903e-006,,,,,,
1.86313e-005,1.12459e-005,,,,,,
-3.32342e-005,3.69268e-005,,,,,,
-1.12459e-005,9.58419e-005,,,,,,
4.53193e-006,1.17494e-004,,,,,,
-2.93736e-005,8.91279e-005,,,,,,
-5.45510e-005,5.38796e-005,,,,,,
-8.50996e-005,4.68299e-005,,,,,,
-8.56031e-005,1.02388e-005,,,,,,
-3.27306e-005,6.37827e-006,,,,,,
-1.51064e-006,2.41703e-005,,,,,,
2.31632e-005,-5.20333e-006,,,,,,
2.08133e-005,-1.49386e-005,,,,,,
-4.86763e-006,-1.77920e-005,,,,,,
8.39246e-007,-3.62554e-005,,,,,,
-2.36667e-005,-4.22980e-005,,,,,,
-4.76692e-005,-6.22721e-005,,,,,,
-1.37636e-005,-9.71847e-005,,,,,,
1.67849e-006,-8.47639e-005,,,,,,
-2.09812e-005,-5.99222e-005,,,,,,
-2.04776e-005,-4.80049e-005,,,,,,
9.90310e-006,-4.44800e-005,,,,,,
-5.03548e-007,-3.32342e-005,,,,,,
1.51064e-006,-3.45769e-005,,,,,,
2.93736e-005,-4.21302e-005,,,,,,
1.69528e-005,-3.60876e-005,,,,,,
-5.53903e-006,-3.07164e-005,,,,,,
-1.79599e-005,-3.00450e-005,,,,,,
-1.39315e-005,-4.38087e-005,,,,,,
6.37827e-006,-3.77661e-005,,,,,,
3.52483e-006,-6.88182e-006,,,,,,
1.99741e-005,4.58228e-005,,,,,,
-1.30922e-005,1.02556e-004,,,,,,
-6.99931e-005,7.26787e-005,,,,,,
-5.52224e-005,9.23171e-006,,,,,,
-3.55840e-005,-8.22461e-006,,,,,,
-3.70947e-005,-6.54612e-006,,,,,,
-8.39246e-006,-5.47189e-005,,,,,,
-1.62814e-005,-6.89860e-005,,,,,,
-6.21042e-005,-3.59197e-005,,,,,,
-7.87213e-005,-2.23239e-005,,,,,,
2.18204e-006,-4.44800e-005,,,,,,
5.52224e-005,-1.96384e-005,,,,,,
2.11490e-005,9.71847e-005,,,,,,
-3.40734e-005,1.88830e-004,,,,,,
-7.97284e-005,1.60967e-004,,,,,,
-8.89601e-005,9.36599e-005,,,,,,
-4.64942e-005,4.07874e-005,,,,,,
0.00000e+000,4.07874e-005,,,,,,
1.12459e-005,2.92058e-005,,,,,,
4.88441e-005,-1.99741e-005,,,,,,
7.63714e-005,-2.09812e-005,,,,,,
3.97803e-005,5.70687e-006,,,,,,
-6.88182e-006,-4.19623e-006,,,,,,
-5.15297e-005,-1.42672e-005,,,,,,
-5.01869e-005,-2.60166e-005,,,,,,
-4.51514e-005,-6.00900e-005,,,,,,
-7.57000e-005,-8.22461e-005,,,,,,
-8.03998e-005,-8.50996e-005,,,,,,
-6.59647e-005,-8.03998e-005,,,,,,
-6.66362e-005,-7.33501e-005,,,,,,
-4.19623e-005,-7.04967e-005,,,,,,
-1.67849e-006,-3.34020e-005,,,,,,
4.54871e-005,-2.56809e-005,,,,,,
7.53643e-005,-6.00900e-005,,,,,,
7.83856e-005,-6.42863e-005,,,,,,
5.42153e-005,-7.20073e-005,,,,,,
3.91089e-005,-8.17426e-005,,,,,,
1.15816e-005,-5.75723e-005,,,,,,
-1.59457e-005,-6.19364e-005,,,,,,
-8.39246e-006,-7.95605e-005,,,,,,
-1.22530e-005,-4.78370e-005,,,,,,
-2.29953e-005,-2.29953e-005,,,,,,
-3.30663e-005,-1.72885e-005,,,,,,
-5.40475e-005,-1.07424e-005,,,,,,
-7.06645e-005,8.72816e-006,,,,,,
-4.63264e-005,3.64233e-005,,,,,,
-1.09102e-005,5.70687e-006,,,,,,
9.56741e-006,-2.48417e-005,,,,,,
2.34989e-005,-3.69268e-006,,,,,,
2.11490e-005,-5.03548e-007,,,,,,
1.86313e-005,1.12459e-005,,,,,,
1.25887e-005,2.60166e-005,,,,,,
-3.50805e-005,2.80308e-005,,,,,,
-6.74754e-005,2.50095e-005,,,,,,
-7.58679e-005,2.31632e-005,,,,,,
-9.21492e-005,2.34989e-005,,,,,,
-7.88891e-005,2.60166e-005,,,,,,
-3.03807e-005,2.29953e-005,,,,,,
1.62814e-005,-7.72107e-006,,,,,,
2.13169e-005,3.18914e-006,,,,,,
2.53452e-005,5.53903e-006,,,,,,
1.19173e-005,6.37827e-006,,,,,,
-2.83665e-005,1.42672e-005,,,,,,
-5.69009e-005,1.84634e-005,,,,,,
-3.79339e-005,2.90379e-005,,,,,,
-1.82956e-005,2.80308e-005,,,,,,
1.00710e-005,2.43381e-005,,,,,,
-9.90310e-006,3.81018e-005,,,,,,
-1.89670e-005,5.45510e-005,,,,,,
-3.18914e-006,4.26337e-005,,,,,,
1.37636e-005,1.93027e-005,,,,,,
-2.83665e-005,1.40993e-005,,,,,,
-1.13130e-004,1.71206e-005,,,,,,
-1.48211e-004,2.63523e-005,,,,,,
-1.14473e-004,2.66880e-005,,,,,,
1.66171e-005,2.78630e-005,,,,,,
1.37133e-004,1.86313e-005,,,,,,
1.86145e-004,-2.01419e-006,,,,,,
1.39147e-004,-3.18914e-006,,,,,,
5.22011e-005,-1.15816e-005,,,,,,
7.55322e-006,-6.88182e-006,,,,,,
-7.88891e-006,-3.69268e-006,,,,,,
-3.18914e-006,-5.53903e-006,,,,,,
9.39956e-006,-3.35698e-007,,,,,,
1.29244e-005,2.51774e-006,,,,,,
2.04776e-005,-8.89601e-006,,,,,,
2.33310e-005,-1.29244e-005,,,,,,
6.54612e-006,-1.67849e-007,,,,,,
-1.05745e-005,-1.09102e-005,,,,,,
-2.31632e-005,-1.39315e-005,,,,,,
-2.43381e-005,-2.33310e-005,,,,,,
-1.56100e-005,-2.19883e-005,,,,,,
-2.19883e-005,9.56741e-006,,,,,,
-3.79339e-005,1.05745e-005,,,,,,
-5.13619e-005,2.18204e-006,,,,,,
-5.58938e-005,3.02129e-006,,,,,,
-4.93477e-005,1.17494e-006,,,,,,
-2.36667e-005,-7.04967e-006,,,,,,
-1.59457e-005,-8.89601e-006,,,,,,
-2.76951e-005,-1.29244e-005,,,,,,
-3.13878e-005,-1.49386e-005,,,,,,
-3.57519e-005,-1.96384e-005,,,,,,
-3.65911e-005,-1.71206e-005,,,,,,
-5.08583e-005,-1.49386e-005,,,,,,
-5.79080e-005,-1.52743e-005,,,,,,
-5.69009e-005,-1.98062e-005,,,,,,
-4.38087e-005,-2.68559e-005,,,,,,
-1.56100e-005,-1.10781e-005,,,,,,
1.20851e-005,-1.14137e-005,,,,,,
5.03548e-006,-1.19173e-005,,,,,,
-1.00710e-006,-3.35698e-007,,,,,,
5.53903e-006,2.34989e-006,,,,,,
2.29953e-005,-2.18204e-006,,,,,,
5.92508e-005,-6.21042e-006,,,,,,
6.42863e-005,-1.22530e-005,,,,,,
1.32601e-005,-3.00450e-005,,,,,,
-5.87472e-006,-3.40734e-005,,,,,,
-5.03548e-007,-2.80308e-005,,,,,,
1.25887e-005,-4.61585e-005,,,,,,
-2.18204e-005,-6.02579e-005,,,,,,
-4.48157e-005,1.96384e-005,,,,,,
-3.02129e-006,1.05241e-004,,,,,,
5.48867e-005,5.65652e-005,,,,,,
3.45769e-005,-3.02129e-006,,,,,,
-4.91798e-005,2.33310e-005,,,,,,
-1.00877e-004,4.17945e-005,,,,,,
-1.26223e-004,8.56031e-006,,,,,,
-1.46029e-004,-3.50805e-005,,,,,,
-1.50729e-004,-2.78630e-005,,,,,,
-1.57946e-004,1.93027e-005,,,,,,
-1.54589e-004,3.00450e-005,,,,,,
-1.10109e-004,1.12459e-005,,,,,,
-2.70237e-005,1.82956e-005,,,,,,
2.45060e-005,4.86763e-006,,,,,,
5.11940e-005,-4.64942e-005,,,,,,
2.63523e-005,-1.89670e-005,,,,,,
-4.64942e-005,9.55062e-005,,,,,,
-3.10521e-005,4.78370e-005,,,,,,
2.83665e-005,-9.50027e-005,,,,,,
1.44518e-004,-1.87152e-004,,,,,,
2.07797e-004,-6.36149e-005,,,,,,
1.81109e-004,9.24849e-005,,,,,,
1.13634e-004,2.57649e-004,,,,,,
1.30083e-004,1.77752e-004,,,,,,
2.21897e-004,-1.00710e-005,,,,,,
1.66674e-004,-1.42672e-005,,,,,,
1.66171e-005,2.24918e-005,,,,,,
-1.78759e-004,8.20783e-005,,,,,,
-3.44259e-004,1.26055e-004,,,,,,
-4.00320e-004,1.68688e-004,,,,,,
-4.46983e-004,1.41329e-004,,,,,,
-3.88235e-004,-1.89670e-005,,,,,,
-2.07630e-004,-1.37804e-004,,,,,,
-1.51064e-005,-6.26078e-005,,,,,,
1.09270e-004,2.90379e-005,,,,,,
1.45022e-004,1.27565e-005,,,,,,
1.18502e-004,-2.70237e-005,,,,,,
1.82956e-005,-3.70947e-005,,,,,,
-3.02129e-005,-2.60166e-005,,,,,,
1.18669e-004,-6.36149e-005,,,,,,
2.50599e-004,-1.56939e-004,,,,,,
3.75814e-004,-1.34783e-004,,,,,,
4.51011e-004,-1.18334e-004,,,,,,
3.36706e-004,-2.17029e-004,,,,,,
1.32601e-004,-1.59960e-004,,,,,,
2.01419e-006,-8.05676e-005,,,,,,
-9.55062e-005,-4.12909e-005,,,,,,
-8.09033e-005,2.09812e-005,,,,,,
-1.75235e-004,1.41329e-004,,,,,,
-3.19753e-004,1.62646e-004,,,,,,
-4.87770e-004,2.54124e-004,,,,,,
-5.52056e-004,4.56718e-004,,,,,,
-4.57389e-004,3.38216e-004,,,,,,
-3.73800e-004,1.91684e-004,,,,,,
-3.23110e-004,1.12627e-004,,,,,,
-1.86313e-004,7.10002e-005,,,,,,
-8.03998e-005,1.01884e-004,,,,,,
2.08133e-005,5.35439e-005,,,,,,
7.06645e-005,-4.04517e-005,,,,,,
9.71847e-005,-1.12963e-004,,,,,,
1.90005e-004,-1.66674e-004,,,,,,
3.14046e-004,-9.31563e-005,,,,,,
6.29435e-004,-9.48348e-005,,,,,,
7.35683e-004,-1.48882e-004,,,,,,
6.40681e-004,-1.11452e-004,,,,,,
4.66957e-004,4.36408e-005,,,,,,
1.15648e-004,1.69192e-004,,,,,,
-2.20386e-004,5.13619e-005,,,,,,
-4.45975e-004,-1.27901e-004,,,,,,
-4.65278e-004,-1.76410e-004,,,,,,
-3.17571e-004,-1.39651e-004,,,,,,
-6.88182e-006,-1.38476e-004,,,,,,
1.09606e-004,-1.41497e-004,,,,,,
2.85344e-005,-1.45525e-004,,,,,,
-3.97803e-005,-1.11955e-004,,,,,,
-1.00374e-004,-8.24140e-005,,,,,,
-2.44221e-004,-5.28725e-005,,,,,,
-3.51980e-004,1.84634e-005,,,,,,
-3.44595e-004,-5.32082e-005,,,,,,
-2.46571e-004,-2.31632e-004,,,,,,
-1.69360e-004,-1.26223e-004,,,,,,
-1.03563e-004,2.60838e-004,,,,,,
-3.81018e-005,1.15145e-004,,,,,,
7.55322e-006,-2.42542e-004,,,,,,
6.24399e-005,4.73335e-005,,,,,,
5.53903e-005,4.64103e-004,,,,,,
4.68299e-005,3.05989e-004,,,,,,
-7.21752e-006,2.10483e-004,,,,,,
1.19173e-005,2.06119e-004,,,,,,
1.41161e-004,-2.16526e-005,,,,,,
1.87488e-004,-3.00450e-005,,,,,,
1.63485e-004,1.42840e-004,,,,,,
1.40154e-004,5.75723e-005,,,,,,
1.49889e-004,-3.99481e-005,,,,,,
1.03899e-004,-4.39765e-005,,,,,,
-1.12459e-005,-4.31373e-005,,,,,,
-7.67071e-005,-9.91989e-005,,,,,,
-3.17235e-005,-6.26078e-005,,,,,,
5.52224e-005,2.18204e-006,,,,,,
6.71397e-005,-1.10948e-004,,,,,,
9.06386e-005,-1.56603e-004,,,,,,
1.30922e-004,-1.11788e-004,,,,,,
6.27756e-005,-9.44991e-005,,,,,,
2.87022e-005,-1.49722e-004,,,,,,
2.87022e-005,-2.21225e-004,,,,,,
9.71847e-005,-9.48348e-005,,,,,,
1.70703e-004,5.45510e-005,,,,,,
9.56741e-005,-1.23033e-004,,,,,,
1.00710e-006,-1.44686e-004,,,,,,
8.92958e-005,2.06119e-004,,,,,,
3.85550e-004,3.65072e-004,,,,,,
3.79507e-004,2.74098e-004,,,,,,
4.24659e-005,-6.86503e-005,,,,,,
-1.71374e-004,-1.67849e-004,,,,,,
-3.35866e-004,-1.42672e-005,,,,,,
-4.64775e-004,6.74754e-005,,,,,,
-5.30236e-004,5.38796e-005,,,,,,
-4.75853e-004,5.08583e-005,,,,,,
-2.07630e-004,1.09941e-004,,,,,,
-2.16693e-004,3.00282e-004,,,,,,
-2.47745e-004,3.67254e-004,,,,,,
-7.16716e-005,5.60616e-005,,,,,,
1.72885e-005,-9.24849e-005,,,,,,
1.34783e-004,-1.86313e-005,,,,,,
2.13336e-004,3.55840e-005,,,,,,
2.22736e-004,3.86053e-005,,,,,,
1.26390e-004,6.34470e-005,,,,,,
-4.51514e-005,-7.90570e-005,,,,,,
-2.07797e-004,-3.39895e-004,,,,,,
-3.29152e-004,-4.41276e-004,,,,,,
-2.05615e-004,-3.45937e-004,,,,,,
-5.03548e-007,-1.31426e-004,,,,,,
7.01610e-005,-1.14977e-004,,,,,,
4.19623e-005,-2.44892e-004,,,,,,
1.62814e-005,-3.02968e-004,,,,,,
-1.27733e-004,-2.69734e-004,,,,,,
-4.03677e-004,-2.35157e-004,,,,,,
-4.95827e-004,-1.05241e-004,,,,,,
-3.65576e-004,1.80606e-004,,,,,,
-1.33272e-004,3.70443e-004,,,,,,
7.23430e-005,4.49668e-004,,,,,,
2.36835e-004,3.44091e-004,,,,,,
3.38888e-004,1.81949e-004,,,,,,
3.43923e-004,-1.89670e-005,,,,,,
2.43885e-004,-8.87923e-005,,,,,,
1.65331e-004,3.87732e-005,,,,,,
1.57946e-004,1.07927e-004,,,,,,
2.43214e-004,8.91279e-005,,,,,,
2.37507e-004,3.86053e-005,,,,,,
1.59625e-004,1.12459e-005,,,,,,
5.20333e-005,-1.96384e-005,,,,,,
-2.58488e-005,-7.88891e-006,,,,,,
-6.52934e-005,2.18204e-006,,,,,,
-5.16976e-005,-5.03548e-005,,,,,,
1.76242e-005,-1.13466e-004,,,,,,
2.45060e-005,-1.19341e-004,,,,,,
-5.20333e-005,-1.15312e-004,,,,,,
-1.47875e-004,-1.35454e-004,,,,,,
-1.12627e-004,-1.34112e-004,,,,,,
-5.70687e-006,-9.29885e-005,,,,,,
1.95544e-004,3.67590e-005,,,,,,
2.14679e-004,1.98230e-004,,,,,,
1.64660e-004,9.04707e-005,,,,,,
4.09552e-005,-4.58228e-005,,,,,,
-1.23873e-004,-6.05936e-005,,,,,,
-1.96216e-004,-8.57710e-005,,,,,,
-1.97223e-004,-1.45190e-004,,,,,,
-2.53284e-004,-1.98230e-004,,,,,,
-3.42916e-004,-1.37804e-004,,,,,,
-3.60708e-004,1.08431e-004,,,,,,
-2.24582e-004,2.23407e-004,,,,,,
-1.20012e-004,4.31373e-005,,,,,,
1.96384e-005,-1.05745e-005,,,,,,
1.37469e-004,9.39956e-006,,,,,,
1.11620e-004,1.46029e-005,,,,,,
5.28725e-005,-2.36667e-005,,,,,,
4.56550e-005,-4.61585e-005,,,,,,
4.76692e-005,-5.20333e-005,,,,,,
5.08583e-005,-1.99741e-005,,,,,,
5.80758e-005,1.59457e-005,,,,,,
5.85794e-005,3.70947e-005,,,,,,
8.66102e-005,2.46738e-005,,,,,,
2.16693e-004,-2.18204e-006,,,,,,
2.41871e-004,-2.63523e-005,,,,,,
1.27398e-004,-6.27756e-005,,,,,,
6.12650e-005,-8.81209e-005,,,,,,
1.19173e-005,-7.15038e-005,,,,,,
-1.42840e-004,-3.40734e-005,,,,,,
-1.65331e-004,-1.64492e-005,,,,,,
8.97993e-005,3.69268e-006,,,,,,
1.65835e-004,4.68299e-005,,,,,,
6.93217e-005,8.19104e-005,,,,,,
-3.27306e-005,2.46738e-005,,,,,,
-1.28405e-004,-2.13169e-005,,,,,,
-2.73426e-004,6.54612e-006,,,,,,
-3.14717e-004,6.04257e-006,,,,,,
-2.05280e-004,3.18914e-006,,,,,,
-7.67071e-005,1.93027e-005,,,,,,
-1.62814e-005,8.35889e-005,,,,,,
-4.14588e-005,3.64233e-005,,,,,,
-1.15648e-004,-4.54871e-005,,,,,,
-1.25048e-004,-1.19005e-004,,,,,,
-1.80774e-004,-1.52239e-004,,,,,,
-1.67681e-004,-1.21019e-004,,,,,,
-8.10712e-005,-3.03807e-005,,,,,,
1.69528e-005,-7.68750e-005,,,,,,
8.91279e-005,-3.27306e-005,,,,,,
7.77142e-005,5.15297e-005,,,,,,
4.59907e-005,1.26055e-004,,,,,,
4.24659e-005,1.45525e-004,,,,,,
4.46479e-005,9.48348e-005,,,,,,
5.95865e-005,3.97803e-005,,,,,,
6.73075e-005,1.17494e-006,,,,,,
9.31563e-005,-1.29244e-005,,,,,,
8.47639e-005,7.88891e-006,,,,,,
5.30404e-005,1.22530e-005,,,,,,
3.94446e-005,1.84634e-005,,,,,,
-8.57710e-005,3.94446e-005,,,,,,
-1.74395e-004,4.53193e-005,,,,,,
-6.05936e-005,1.14137e-005,,,,,,
4.61585e-005,-1.91348e-005,,,,,,
6.09293e-005,-3.77661e-005,,,,,,
2.68559e-005,-3.94446e-005,,,,,,
-8.49317e-005,-2.85344e-006,,,,,,
-1.42168e-004,-4.19623e-006,,,,,,
-6.98253e-005,-1.39315e-005,,,,,,
1.86313e-005,-1.15816e-005,,,,,,
8.74495e-005,3.20592e-005,,,,,,
1.02220e-004,3.77661e-005,,,,,,
7.20073e-005,2.04776e-005,,,,,,
-4.09552e-005,3.40734e-005,,,,,,
-8.20783e-005,-1.62814e-005,,,,,,
-3.74304e-005,-7.83856e-005,,,,,,
-9.90310e-006,-4.19623e-005,,,,,,
-4.86763e-006,-1.35958e-005,,,,,,
5.87472e-006,-4.24659e-005,,,,,,
1.54421e-005,-1.15816e-005,,,,,,
-8.39246e-007,2.93736e-005,,,,,,
-4.86763e-006,7.10002e-005,,,,,,
1.71206e-005,5.38796e-005,,,,,,
3.17235e-005,2.88701e-005,,,,,,
-3.02129e-005,2.19883e-005,,,,,,
-6.19364e-005,2.70237e-005,,,,,,
-5.38796e-005,2.87022e-005,,,,,,
-8.67781e-005,1.56100e-005,,,,,,
-1.10613e-004,1.07424e-005,,,,,,
-4.14588e-005,-6.71397e-007,,,,,,
-3.35698e-007,4.19623e-006,,,,,,
-1.46029e-005,-5.53903e-006,,,,,,
-7.04967e-006,-2.73594e-005,,,,,,
-9.56741e-006,-3.77661e-005,,,,,,
-8.22461e-006,-4.71656e-005,,,,,,
5.94186e-005,-5.08583e-005,,,,,,
3.77661e-005,-3.77661e-005,,,,,,
-1.86313e-005,-7.55322e-006,,,,,,
-2.43381e-005,1.42672e-005,,,,,,
-4.04517e-005,3.32342e-005,,,,,,
-2.36667e-005,3.45769e-005,,,,,,
1.17494e-006,1.17494e-006,,,,,,
-3.13878e-005,2.26596e-005,,,,,,
-3.60876e-005,-1.17494e-006,,,,,,
1.76242e-005,-5.94186e-005,,,,,,
1.39315e-005,-5.01869e-005,,,,,,
-2.14847e-005,1.84634e-006,,,,,,
-1.89670e-005,-9.90310e-006,,,,,,
-2.85344e-006,-6.05936e-005,,,,,,
-2.81987e-005,-2.26596e-005,,,,,,
-2.33310e-005,6.86503e-005,,,,,,
-5.53903e-006,4.95155e-005,,,,,,
-1.86313e-005,1.22530e-005,,,,,,
-4.19623e-005,1.15816e-005,,,,,,
-5.33761e-005,8.22461e-006,,,,,,
-4.64942e-005,-4.86763e-006,,,,,,
-2.66880e-005,-4.53193e-006,,,,,,
-6.88182e-006,1.20851e-005,,,,,,
8.56031e-006,1.93027e-005,,,,,,
1.02388e-005,1.76242e-005,,,,,,
-4.86763e-006,1.32601e-005,,,,,,
-1.82956e-005,-1.29244e-005,,,,,,
-1.69528e-005,-2.70237e-005,,,,,,
-1.66171e-005,-3.05486e-005,,,,,,
-2.95415e-005,-3.37377e-005,,,,,,
-3.40734e-005,-2.18204e-006,,,,,,
-2.75273e-005,1.93027e-005,,,,,,
-1.37636e-005,-9.90310e-006,,,,,,
3.18914e-006,-1.42672e-005,,,,,,
1.22530e-005,9.56741e-006,,,,,,
9.06386e-006,2.19883e-005,,,,,,
9.23171e-006,5.03548e-007,,,,,,
1.05745e-005,-2.43381e-005,,,,,,
8.56031e-006,-3.17235e-005,,,,,,
4.19623e-006,-3.74304e-005,,,,,,
2.06455e-005,-7.13359e-005,,,,,,
2.09812e-005,-9.03029e-005,,,,,,
4.86763e-006,-7.03288e-005,,,,,,
-1.29244e-005,-1.56100e-005,,,,,,
-2.70237e-005,1.76242e-005,,,,,,
-4.44800e-005,5.32082e-005,,,,,,
-6.19364e-005,6.73075e-005,,,,,,
-6.02579e-005,3.72625e-005,,,,,,
-5.95865e-005,6.71397e-006,,,,,,
-4.85084e-005,6.54612e-006,,,,,,
-3.49126e-005,1.22530e-005,,,,,,
-2.36667e-005,6.21042e-006,,,,,,
-1.37636e-005,1.94705e-005,,,,,,
8.39246e-007,3.12200e-005,,,,,,
1.81277e-005,4.46479e-005,,,,,,
2.65202e-005,5.82437e-005,,,,,,
1.22530e-005,6.41184e-005,,,,,,
-3.69268e-006,5.82437e-005,,,,,,
-9.39956e-006,3.44091e-005,,,,,,
-1.09102e-005,8.89601e-006,,,,,,
-2.53452e-005,2.31632e-005,,,,,,
-2.98772e-005,1.44350e-005,,,,,,
-4.04517e-005,1.72885e-005,,,,,,
-2.43381e-005,2.04776e-005,,,,,,
-1.10781e-005,1.34279e-005,,,,,,
-1.39315e-005,-4.69978e-006,,,,,,
-9.56741e-006,-7.72107e-006,,,,,,
-1.89670e-005,2.53452e-005,,,,,,
-3.47448e-005,1.10781e-005,,,,,,
-5.08583e-005,-4.41444e-005,,,,,,
-6.27756e-005,4.61585e-005,,,,,,
-6.52934e-005,9.24849e-005,,,,,,
-5.32082e-005,9.73526e-005,,,,,,
-4.38087e-005,5.95865e-005,,,,,,
-3.62554e-005,-4.88441e-005,,,,,,
-1.66171e-005,-7.13359e-005,,,,,,
4.86763e-006,-9.76883e-005,,,,,,
1.66171e-005,-1.33776e-004,,,,,,
1.20851e-005,-1.38476e-004,,,,,,
1.69528e-005,-9.21492e-005,,,,,,
3.10521e-005,-3.13878e-005,,,,,,
3.20592e-005,2.58488e-005,,,,,,
3.47448e-005,6.36149e-005,,,,,,
5.89151e-005,6.56291e-005,,,,,,
4.75013e-005,1.03731e-004,,,,,,
1.72885e-005,1.02892e-004,,,,,,
-1.30922e-005,3.20592e-005,,,,,,
-3.44091e-005,1.02388e-005,,,,,,
-7.72107e-006,-1.91348e-005,,,,,,
3.47448e-005,-9.43313e-005,,,,,,
2.43381e-005,-1.68185e-004,,,,,,
-1.76242e-005,-1.04738e-004,,,,,,
-4.76692e-005,-6.37827e-005,,,,,,
-7.36858e-005,-1.42504e-004,,,,,,
-9.66812e-005,-1.14305e-004,,,,,,
-9.48348e-005,-1.29244e-005,,,,,,
-8.20783e-005,9.86954e-005,,,,,,
-6.12650e-005,2.05280e-004,,,,,,
-4.59907e-005,9.88632e-005,,,,,,
-2.16526e-005,2.85344e-006,,,,,,
3.45769e-005,-4.59907e-005,,,,,,
6.21042e-005,-8.66102e-005,,,,,,
4.88441e-005,-9.81918e-005,,,,,,
2.43381e-005,-1.50561e-004,,,,,,
4.86763e-006,-3.81018e-005,,,,,,
-9.73526e-006,7.33501e-005,,,,,,
-1.86313e-005,-1.82956e-005,,,,,,
-2.60166e-005,-7.26787e-005,,,,,,
-1.66171e-005,-7.73785e-005,,,,,,
-8.22461e-006,-6.59647e-005,,,,,,
-1.40993e-005,-3.30663e-005,,,,,,
2.26596e-005,-6.69719e-005,,,,,,
3.91089e-005,-5.00191e-005,,,,,,
3.05486e-005,3.20592e-005,,,,,,
1.69528e-005,1.19341e-004,,,,,,
-1.25887e-005,1.47539e-004,,,,,,
-4.98512e-005,1.22362e-004,,,,,,
-6.76432e-005,1.11284e-004,,,,,,
-7.80499e-005,1.32601e-004,,,,,,
-5.42153e-005,1.41329e-004,,,,,,
-1.46029e-005,1.37469e-004,,,,,,
2.19883e-005,1.04402e-004,,,,,,
8.72816e-006,-1.46365e-004,,,,,,
-1.66171e-005,-4.62928e-004,,,,,,
-3.69268e-006,-4.23148e-004,,,,,,
2.85344e-006,-9.55062e-005,,,,,,
-2.09812e-005,2.11490e-005,,,,,,
-4.76692e-005,6.88182e-006,,,,,,
-1.86313e-005,-2.63523e-005,,,,,,
2.33310e-005,-6.56291e-005,,,,,,
-8.39246e-007,-5.15297e-005,,,,,,
-3.50805e-005,-3.94446e-005,,,,,,
2.03098e-005,-6.12650e-005,,,,,,
5.82437e-005,-4.76692e-005,,,,,,
1.91348e-005,3.03807e-005,,,,,,
-5.58938e-005,8.27497e-005,,,,,,
-1.45861e-004,1.25383e-004,,,,,,
-1.73724e-004,1.49554e-004,,,,,,
-1.21523e-004,1.26055e-004,,,,,,
-1.03899e-004,1.46197e-004,,,,,,
-7.36858e-005,1.51568e-004,,,,,,
-2.78630e-005,1.27230e-004,,,,,,
-5.37118e-006,8.89601e-005,,,,,,
6.88182e-006,3.67590e-005,,,,,,
5.37118e-006,-1.76242e-005,,,,,,
2.21561e-005,-5.15297e-005,,,,,,
3.34020e-005,-5.35439e-005,,,,,,
5.01869e-005,-6.46220e-005,,,,,,
1.27230e-004,-1.05913e-004,,,,,,
1.60296e-004,-1.22698e-004,,,,,,
1.25216e-004,-9.81918e-005,,,,,,
8.25818e-005,-4.36408e-005,,,,,,
1.56100e-005,1.32601e-005,,,,,,
-1.51064e-006,-4.36408e-006,,,,,,
-2.29953e-005,-1.64492e-005,,,,,,
-5.53903e-005,-6.37827e-006,,,,,,
-5.69009e-005,-1.19173e-005,,,,,,
-7.03288e-005,3.18914e-006,,,,,,
-9.34920e-005,3.84375e-005,,,,,,
-1.12963e-004,7.06645e-005,,,,,,
-1.29076e-004,1.17998e-004,,,,,,
-9.71847e-005,1.50225e-004,,,,,,
-5.92508e-005,1.63485e-004,,,,,,
-5.06905e-005,1.76913e-004,,,,,,
-4.63264e-005,1.69360e-004,,,,,,
-1.22530e-005,1.05074e-004,,,,,,
3.60876e-005,1.10781e-005,,,,,,
7.20073e-005,-5.94186e-005,,,,,,
8.50996e-005,-8.32532e-005,,,,,,
6.99931e-005,-8.96315e-005,,,,,,
4.14588e-005,-1.05074e-004,,,,,,
7.72107e-006,-9.56741e-005,,,,,,
-2.26596e-005,-4.09552e-005,,,,,,
-4.98512e-005,7.73785e-005,,,,,,
-7.43572e-005,9.33242e-005,,,,,,
-6.52934e-005,1.49386e-005,,,,,,
-5.11940e-005,-2.43381e-005,,,,,,
-2.85344e-005,-5.28725e-005,,,,,,
8.56031e-006,-6.76432e-005,,,,,,
7.88891e-006,-5.22011e-005,,,,,,
-1.71206e-005,-5.75723e-005,,,,,,
-3.34020e-005,-3.60876e-005,,,,,,
-2.78630e-005,-1.09102e-005,,,,,,
-2.83665e-005,3.52483e-006,,,,,,
-3.52483e-006,-1.49386e-005,,,,,,
3.94446e-005,-5.92508e-005,,,,,,
7.88891e-006,-7.77142e-005,,,,,,
2.90379e-005,-8.54353e-005,,,,,,
8.14069e-005,-6.52934e-005,,,,,,
3.87732e-005,1.46029e-005,,,,,,
-2.03098e-005,5.75723e-005,,,,,,
-7.36858e-005,8.50996e-005,,,,,,
-1.16991e-004,9.65133e-005,,,,,,
-1.08095e-004,1.33944e-004,,,,,,
-8.96315e-005,1.22362e-004,,,,,,
-6.00900e-005,4.24659e-005,,,,,,
-4.14588e-005,-4.19623e-006,,,,,,
-2.14847e-005,-1.46029e-005,,,,,,
1.84634e-005,-1.39315e-005,,,,,,
3.02129e-005,-4.36408e-006,,,,,,
3.87732e-005,1.09102e-005,,,,,,
2.63523e-005,4.21302e-005,,,,,,
-1.35958e-005,3.30663e-005,,,,,,
-4.39765e-005,-6.21042e-006,,,,,,
-5.25368e-005,-4.86763e-005,,,,,,
-6.59647e-005,-6.93217e-005,,,,,,
-5.95865e-005,-6.69719e-005,,,,,,
-2.29953e-005,-8.94636e-005,,,,,,
-8.56031e-006,-7.80499e-005,,,,,,
-1.15816e-005,-4.38087e-005,,,,,,
8.89601e-006,-9.56741e-006,,,,,,
3.34020e-005,2.01419e-005,,,,,,
1.32601e-005,5.52224e-005,,,,,,
-2.60166e-005,2.33310e-005,,,,,,
-1.25887e-005,-4.48157e-005,,,,,,
5.22011e-005,-8.17426e-005,,,,,,
5.11940e-005,-8.62745e-005,,,,,,
5.99222e-005,-4.34730e-005,,,,,,
8.84566e-005,3.03807e-005,,,,,,
8.22461e-005,5.42153e-005,,,,,,
5.87472e-006,5.67330e-005,,,,,,
-9.24849e-005,5.15297e-005,,,,,,
-9.29885e-005,7.20073e-005,,,,,,
-2.51774e-005,6.22721e-005,,,,,,
-3.89410e-005,2.73594e-005,,,,,,
-7.80499e-005,-2.56809e-005,,,,,,
-8.94636e-005,-4.07874e-005,,,,,,
-8.57710e-005,-3.03807e-005,,,,,,
-7.08324e-005,-4.63264e-005,,,,,,
-5.20333e-006,-1.12459e-005,,,,,,
2.09812e-005,-1.37636e-005,,,,,,
1.27565e-005,-4.58228e-005,,,,,,
-5.03548e-007,-3.62554e-005,,,,,,
-3.35698e-006,-1.02388e-005,,,,,,
-7.04967e-006,-6.21042e-006,,,,,,
1.49386e-005,-7.21752e-006,,,,,,
4.85084e-005,-2.29953e-005,,,,,,
6.34470e-005,-5.08583e-005,,,,,,
6.99931e-005,-6.32792e-005,,,,,,
5.62295e-005,-6.49577e-005,,,,,,
1.52743e-005,-6.83146e-005,,,,,,
-3.03807e-005,-4.69978e-005,,,,,,
-9.01350e-005,-4.88441e-005,,,,,,
-1.45190e-004,-5.92508e-005,,,,,,
-1.68688e-004,-6.27756e-005,,,,,,
-1.53582e-004,-6.76432e-005,,,,,,
-8.25818e-005,-7.67071e-005,,,,,,
2.33310e-005,-8.76173e-005,,,,,,
6.16007e-005,-9.26528e-005,,,,,,
6.83146e-005,-8.37568e-005,,,,,,
7.08324e-005,-8.54353e-005,,,,,,
3.20592e-005,-6.04257e-005,,,,,,
-8.56031e-006,-2.09812e-005,,,,,,
-3.17235e-005,-1.19173e-005,,,,,,
-4.54871e-005,-1.24208e-005,,,,,,
-3.03807e-005,1.79599e-005,,,,,,
-7.55322e-006,1.02388e-005,,,,,,
2.85344e-006,-2.24918e-005,,,,,,
1.25887e-005,-1.69528e-005,,,,,,
1.99741e-005,-2.65202e-005,,,,,,
2.80308e-005,-4.07874e-005,,,,,,
-2.48417e-005,-2.70237e-005,,,,,,
-4.33051e-005,7.88891e-006,,,,,,
5.53903e-006,2.56809e-005,,,,,,
1.42672e-005,3.84375e-005,,,,,,
-9.56741e-006,4.21302e-005,,,,,,
-3.10521e-005,3.20592e-005,,,,,,
-3.37377e-005,2.78630e-005,,,,,,
-2.43381e-005,2.76951e-005,,,,,,
-2.87022e-005,3.07164e-005,,,,,,
-1.29244e-005,2.45060e-005,,,,,,
-3.52483e-006,2.71916e-005,,,,,,
-7.88891e-006,3.32342e-005,,,,,,
-1.15816e-005,3.57519e-005,,,,,,
-2.46738e-005,3.20592e-005,,,,,,
-3.23949e-005,2.45060e-005,,,,,,
-6.42863e-005,2.13169e-005,,,,,,
-6.34470e-005,2.83665e-005,,,,,,
-1.09102e-005,3.52483e-005,,,,,,
2.23239e-005,3.34020e-005,,,,,,
3.34020e-005,3.07164e-005,,,,,,
-2.18204e-006,2.80308e-005,,,,,,
-4.78370e-005,2.80308e-005,,,,,,
-7.97284e-005,3.07164e-005,,,,,,
-1.02220e-004,3.34020e-005,,,,,,
-6.63004e-005,2.90379e-005,,,,,,
2.71916e-005,2.36667e-005,,,,,,
8.02319e-005,2.63523e-005,,,,,,
8.07355e-005,2.43381e-005,,,,,,
5.62295e-005,2.33310e-005,,,,,,
1.05745e-005,2.26596e-005,,,,,,
-2.45060e-005,2.16526e-005,,,,,,
-4.41444e-005,1.02388e-005,,,,,,
-6.22721e-005,4.36408e-006,,,,,,
-6.29435e-005,5.70687e-006,,,,,,
-4.44800e-005,7.72107e-006,,,,,,
1.00710e-005,5.03548e-006,,,,,,
5.94186e-005,7.55322e-006,,,,,,
7.15038e-005,1.09102e-005,,,,,,
6.49577e-005,9.23171e-006,,,,,,
5.08583e-005,-1.67849e-007,,,,,,
3.91089e-005,-1.15816e-005,,,,,,
1.51064e-005,-2.21561e-005,,,,,,
-1.17494e-006,5.53903e-006,,,,,,
1.72885e-005,1.79599e-005,,,,,,
9.21492e-005,4.19623e-006,,,,,,
1.40826e-004,-2.85344e-006,,,,,,
1.15648e-004,-8.72816e-006,,,,,,
4.11231e-005,-1.24208e-005,,,,,,
-4.06195e-005,-1.30922e-005,,,,,,
-1.88830e-004,-5.87472e-006,,,,,,
-3.50637e-004,-6.21042e-006,,,,,,
-3.27138e-004,-1.09102e-005,,,,,,
-1.55093e-004,1.32601e-005,,,,,,
-2.34989e-005,-1.67849e-007,,,,,,
1.09102e-005,-6.21042e-006,,,,,,
-2.21561e-005,2.43381e-005,,,,,,
-5.15297e-005,4.14588e-005,,,,,,
-2.33310e-005,3.69268e-005,,,,,,
-2.60166e-005,1.89670e-005,,,,,,
-3.27306e-005,4.86763e-006,,,,,,
2.63523e-005,-1.37636e-005,,,,,,
1.16655e-004,-1.76242e-005,,,,,,
8.54353e-005,-1.66171e-005,,,,,,
1.17494e-005,-2.16526e-005,,,,,,
8.30854e-005,-2.63523e-005,,,,,,
1.07927e-004,-3.64233e-005,,,,,,
2.26596e-005,-1.62814e-005,,,,,,
-7.20073e-005,-2.21561e-005,,,,,,
-1.77752e-004,-4.44800e-005,,,,,,
-2.06287e-004,-2.71916e-005,,,,,,
-1.16152e-004,-8.89601e-006,,,,,,
9.51705e-005,7.83856e-005,,,,,,
2.72084e-004,-6.96574e-005,,,,,,
2.63355e-004,-3.36706e-004,,,,,,
7.87213e-005,-1.46365e-004,,,,,,
-1.07591e-004,3.74304e-005,,,,,,
-2.04944e-004,-5.45510e-005,,,,,,
-2.79133e-004,6.89860e-005,,,,,,
-2.63859e-004,1.43343e-004,,,,,,
-8.24140e-005,1.39315e-005,,,,,,
6.54612e-006,2.02930e-004,,,,,,
5.69009e-005,4.42451e-004,,,,,,
1.15984e-004,4.34730e-004,,,,,,
7.90570e-005,3.17739e-004,,,,,,
5.33761e-005,9.38277e-005,,,,,,
-4.68299e-005,-3.64233e-005,,,,,,
-2.06287e-004,-6.34470e-005,,,,,,
-2.26429e-004,-1.02220e-004,,,,,,
-2.18372e-004,-2.20722e-004,,,,,,
-2.17365e-004,-2.85512e-004,,,,,,
-4.81727e-005,-1.44350e-004,,,,,,
3.19417e-004,3.18914e-006,,,,,,
5.02037e-004,-2.33310e-005,,,,,,
4.44633e-004,-1.35286e-004,,,,,,
2.65705e-004,-2.65370e-004,,,,,,
-7.80499e-005,-2.89876e-004,,,,,,
-3.72122e-004,-2.40192e-004,,,,,,
-5.86633e-004,-4.19623e-006,,,,,,
-6.44373e-004,1.43175e-004,,,,,,
-3.90249e-004,2.68055e-004,,,,,,
9.71847e-005,3.48959e-004,,,,,,
4.87938e-004,3.27977e-004,,,,,,
4.83909e-004,2.11154e-004,,,,,,
4.31540e-004,3.32342e-005,,,,,,
3.37881e-004,-9.81918e-005,,,,,,
4.88441e-005,-1.18502e-004,,,,,,
-2.03265e-004,-3.92767e-005,,,,,,
-3.50637e-004,1.07424e-005,,,,,,
-5.41985e-004,-8.40925e-005,,,,,,
-6.00565e-004,-2.40696e-004,,,,,,
-3.98978e-004,-9.81918e-005,,,,,,
-1.90173e-004,6.83146e-005,,,,,,
-8.82887e-005,2.90379e-005,,,,,,
-4.98512e-005,-1.26390e-004,,,,,,
-1.69528e-005,-1.99573e-004,,,,,,
-7.75463e-005,-1.57443e-004,,,,,,
-8.74495e-005,5.32082e-005,,,,,,
1.09102e-005,1.91180e-004,,,,,,
7.23430e-005,1.26055e-004,,,,,,
9.83597e-005,3.40734e-005,,,,,,
2.80476e-004,6.29435e-005,,,,,,
5.16304e-004,1.99573e-004,,,,,,
6.25574e-004,6.02579e-005,,,,,,
5.15969e-004,-1.46197e-004,,,,,,
3.47616e-004,-5.82437e-005,,,,,,
1.58953e-004,-1.87991e-005,,,,,,
-1.34279e-005,-3.34020e-005,,,,,,
-1.78256e-004,3.20592e-005,,,,,,
-2.27771e-004,1.08598e-004,,,,,,
-9.08064e-005,2.08972e-004,,,,,,
2.66880e-005,2.72251e-004,,,,,,
3.60876e-005,4.19623e-005,,,,,,
1.22530e-005,-2.70069e-004,,,,,,
3.13878e-005,-3.33516e-004,,,,,,
4.31373e-005,-2.12329e-004,,,,,,
-2.09812e-005,-2.69062e-004,,,,,,
-1.06416e-004,-1.74228e-004,,,,,,
-2.31128e-004,7.67071e-005,,,,,,
-2.19379e-004,2.31800e-004,,,,,,
-4.06195e-005,3.82528e-004,,,,,,
1.11284e-004,4.56886e-004,,,,,,
8.52674e-005,2.15686e-004,,,,,,
-5.03548e-005,-6.32792e-005,,,,,,
-1.33776e-004,-3.30831e-004,,,,,,
-2.04608e-004,-4.59236e-004,,,,,,
-3.58358e-004,-2.96086e-004,,,,,,
-3.71115e-004,-7.80499e-005,,,,,,
-6.73075e-005,-3.18914e-005,,,,,,
8.37568e-005,-5.11940e-005,,,,,,
8.20783e-005,1.58450e-004,,,,,,
1.02388e-004,4.71489e-004,,,,,,
2.05951e-004,3.19417e-004,,,,,,
1.89837e-004,2.22736e-004,,,,,,
1.33944e-004,2.71077e-004,,,,,,
4.53193e-006,4.91798e-005,,,,,,
-1.28573e-004,-1.89670e-004,,,,,,
-1.47539e-004,-1.90845e-004,,,,,,
-4.49836e-005,-1.31929e-004,,,,,,
1.95209e-004,-2.91554e-004,,,,,,
3.50134e-004,-3.64065e-004,,,,,,
4.97673e-004,-2.57313e-004,,,,,,
3.55673e-004,-2.00244e-004,,,,,,
5.03548e-006,-6.02579e-005,,,,,,
-2.64027e-004,2.89204e-004,,,,,,
-4.96330e-004,5.87640e-004,,,,,,
-6.14496e-004,7.79995e-004,,,,,,
-5.38628e-004,8.79194e-004,,,,,,
-2.98268e-004,1.52239e-004,,,,,,
-4.48157e-005,-4.74510e-004,,,,,,
-6.21042e-006,-2.72755e-004,,,,,,
-3.79339e-005,-1.73724e-004,,,,,,
-1.19173e-005,-3.57519e-004,,,,,,
-3.86053e-006,-3.81186e-004,,,,,,
-2.11490e-005,-2.26429e-004,,,,,,
-3.20592e-005,-5.95865e-005,,,,,,
-1.69696e-004,-8.50996e-005,,,,,,
-1.83124e-004,-1.36461e-004,,,,,,
-5.80758e-005,-1.03899e-004,,,,,,
5.95865e-005,3.81018e-005,,,,,,
8.00641e-005,2.64530e-004,,,,,,
1.17327e-004,2.80308e-004,,,,,,
1.39147e-004,-2.08133e-005,,,,,,
6.22721e-005,-2.86351e-004,,,,,,
-6.36149e-005,-2.66209e-004,,,,,,
-8.44282e-005,-8.81209e-005,,,,,,
-7.30144e-005,1.46029e-005,,,,,,
4.31373e-005,-6.59647e-005,,,,,,
2.48585e-004,-1.28405e-004,,,,,,
3.87396e-004,8.25818e-005,,,,,,
4.74510e-004,2.70237e-005,,,,,,
4.99519e-004,-2.53452e-005,,,,,,
3.52148e-004,1.71038e-004,,,,,,
1.09270e-004,2.41199e-004,,,,,,
-5.22011e-005,1.36629e-004,,,,,,
-9.41634e-005,1.02892e-004,,,,,,
-1.63485e-004,5.22011e-005,,,,,,
-2.62013e-004,-2.55299e-004,,,,,,
-2.30457e-004,-4.19791e-004,,,,,,
-1.38140e-004,-1.73220e-004,,,,,,
-3.97803e-005,4.48157e-005,,,,,,
1.02388e-005,1.87991e-005,,,,,,
2.85344e-005,-3.57519e-005,,,,,,
-1.49386e-005,-3.64233e-005,,,,,,
-4.81727e-005,-5.92508e-005,,,,,,
-1.37133e-004,-1.00877e-004,,,,,,
-2.30793e-004,-1.26726e-004,,,,,,
-1.07927e-004,-1.22530e-004,,,,,,
7.04967e-005,-7.72107e-005,,,,,,
5.42153e-005,1.69528e-005,,,,,,
-1.02388e-005,1.72885e-005,,,,,,
-4.75013e-005,-2.06455e-005,,,,,,
-5.60616e-005,-2.18204e-006,,,,,,
-3.10521e-005,-8.56031e-006,,,,,,
1.04067e-005,5.53903e-005,,,,,,
5.03548e-007,-7.04967e-006,,,,,,
-4.85084e-005,3.13878e-005,,,,,,
-3.81018e-005,1.70199e-004,,,,,,
-4.53193e-005,7.97284e-005,,,,,,
-1.10613e-004,-1.96384e-005,,,,,,
-3.32342e-005,1.00710e-006,,,,,,
3.54162e-005,2.56809e-005,,,,,,
1.99741e-005,3.74304e-005,,,,,,
-7.21752e-005,3.37377e-005,,,,,,
-1.54925e-004,-1.09102e-005,,,,,,
-1.04906e-004,-1.00877e-004,,,,,,
-3.74304e-005,-1.40826e-004,,,,,,
3.65911e-005,-1.35790e-004,,,,,,
1.49889e-004,-8.37568e-005,,,,,,
1.24712e-004,-7.38537e-006,,,,,,
1.21019e-004,6.99931e-005,,,,,,
4.41444e-005,8.82887e-005,,,,,,
5.94186e-005,3.32342e-005,,,,,,
-1.44350e-005,8.89601e-006,,,,,,
-8.25818e-005,-4.17945e-005,,,,,,
-8.35889e-005,-6.99931e-005,,,,,,
-1.81277e-004,3.23949e-005,,,,,,
-1.68688e-004,1.72885e-005,,,,,,
-9.55062e-005,-2.80308e-005,,,,,,
-9.08064e-005,-2.18204e-006,,,,,,
-1.80941e-004,6.54612e-006,,,,,,
-1.43847e-004,1.29244e-005,,,,,,
-5.72366e-005,1.49386e-005,,,,,,
1.71206e-005,4.24659e-005,,,,,,
3.25628e-005,3.91089e-005,,,,,,
2.65202e-005,1.99741e-005,,,,,,
3.23949e-005,-3.35698e-006,,,,,,
-6.54612e-005,-7.04967e-006,,,,,,
-1.55596e-004,3.18914e-006,,,,,,
-9.95346e-005,-9.56741e-006,,,,,,
-1.67849e-007,-2.40024e-005,,,,,,
9.28206e-005,-4.86763e-006,,,,,,
1.97223e-004,1.69528e-005,,,,,,
1.86145e-004,-3.65911e-005,,,,,,
1.67849e-006,-2.63523e-005,,,,,,
-1.15312e-004,5.87472e-006,,,,,,
-3.34020e-005,-1.67849e-007,,,,,,
1.03059e-004,9.11421e-005,,,,,,
9.28206e-005,2.33143e-004,,,,,,
6.99931e-005,2.15686e-004,,,,,,
9.93667e-005,3.17235e-005,,,,,,
1.19173e-004,-3.00450e-005,,,,,,
-1.15816e-005,-3.25628e-005,,,,,,
-9.75204e-005,-6.73075e-005,,,,,,
-5.97543e-005,-8.96315e-005,,,,,,
-5.28725e-005,-9.18135e-005,,,,,,
-6.42863e-005,-5.65652e-005,,,,,,
-5.33761e-005,-2.13169e-005,,,,,,
-3.10521e-005,3.00450e-005,,,,,,
-7.13359e-005,2.53452e-005,,,,,,
-1.91852e-004,-4.56550e-005,,,,,,
-1.76410e-004,-3.67590e-005,,,,,,
-8.71138e-005,-7.21752e-006,,,,,,
-4.85084e-005,-2.46738e-005,,,,,,
5.22011e-005,-5.20333e-006,,,,,,
1.01213e-004,1.09102e-005,,,,,,
9.66812e-005,-1.32601e-005,,,,,,
6.66362e-005,1.69528e-005,,,,,,
1.86313e-005,7.23430e-005,,,,,,
2.51774e-006,5.03548e-005,,,,,,
-6.37827e-006,-1.02388e-005,,,,,,
2.08133e-005,-3.79339e-005,,,,,,
4.01160e-005,-7.06645e-005,,,,,,
1.86313e-005,-4.58228e-005,,,,,,
-5.87472e-006,-2.29953e-005,,,,,,
-6.88182e-006,2.13169e-005,,,,,,
-1.69528e-005,1.13634e-004,,,,,,
-4.28016e-005,6.74754e-005,,,,,,
-6.36149e-005,7.72107e-006,,,,,,
-7.48608e-005,-2.75273e-005,,,,,,
-3.92767e-005,-2.56809e-005,,,,,,
5.53903e-006,-9.06386e-006,,,,,,
3.94446e-005,4.14588e-005,,,,,,
4.64942e-005,6.99931e-005,,,,,,
1.52743e-005,3.03807e-005,,,,,,
-2.29953e-005,7.72107e-006,,,,,,
-7.57000e-005,-2.08133e-005,,,,,,
-9.68490e-005,-2.19883e-005,,,,,,
-5.85794e-005,-8.72816e-006,,,,,,
-1.72885e-005,8.39246e-006,,,,,,
-3.74304e-005,4.69978e-006,,,,,,
-6.14328e-005,-1.86313e-005,,,,,,
-5.72366e-005,-1.72885e-005,,,,,,
-5.79080e-005,-1.51064e-005,,,,,,
-4.91798e-005,-1.56100e-005,,,,,,
1.25887e-005,-8.22461e-006,,,,,,
6.32792e-005,-1.30922e-005,,,,,,
5.35439e-005,-7.55322e-006,,,,,,
1.59457e-005,7.21752e-006,,,,,,
1.12459e-005,-1.02388e-005,,,,,,
-2.51774e-006,-2.56809e-005,,,,,,
-1.69528e-005,-2.23239e-005,,,,,,
-1.62814e-005,-1.76242e-005,,,,,,
-1.49386e-005,5.03548e-006,,,,,,
1.51064e-006,-1.62814e-005,,,,,,
3.62554e-005,-2.50095e-005,,,,,,
4.88441e-005,1.67849e-007,,,,,,
2.19883e-005,-5.03548e-007,,,,,,
-1.42672e-005,1.24208e-005,,,,,,
-4.59907e-005,2.76951e-005,,,,,,
-6.27756e-005,1.66171e-005,,,,,,
-8.00641e-005,2.23239e-005,,,,,,
-6.79789e-005,2.09812e-005,,,,,,
-3.20592e-005,3.86053e-006,,,,,,
-1.15816e-005,1.00710e-006,,,,,,
2.65202e-005,5.87472e-006,,,,,,
2.38346e-005,1.12459e-005,,,,,,
-8.22461e-006,2.56809e-005,,,,,,
-1.96384e-005,3.67590e-005,,,,,,
-1.67849e-005,2.53452e-005,,,,,,
-1.56100e-005,4.53193e-006,,,,,,
-1.46029e-005,-2.03098e-005,,,,,,
7.55322e-006,-4.09552e-005,,,,,,
1.99741e-005,-3.47448e-005,,,,,,
2.80308e-005,-1.96384e-005,,,,,,
2.33310e-005,-1.46029e-005,,,,,,
-9.90310e-006,-1.09102e-005,,,,,,
-2.43381e-005,-2.34989e-005,,,,,,
-2.36667e-005,-3.91089e-005,,,,,,
-3.84375e-005,-1.35958e-005,,,,,,
-1.86313e-005,3.64233e-005,,,,,,
-1.29244e-005,6.09293e-005,,,,,,
-7.36858e-005,4.51514e-005,,,,,,
-1.10277e-004,3.32342e-005,,,,,,
-9.88632e-005,3.34020e-005,,,,,,
-4.78370e-005,1.19173e-005,,,,,,
-5.53903e-006,2.50095e-005,,,,,,
-3.86053e-006,6.47898e-005,,,,,,
-5.20333e-006,-1.29244e-005,,,,,,
-1.37636e-005,-9.28206e-005,,,,,,
-2.93736e-005,-8.10712e-005,,,,,,
-2.18204e-005,-4.64942e-005,,,,,,
-2.65202e-005,-6.21042e-006,,,,,,
-4.46479e-005,1.72885e-005,,,,,,
-1.42672e-005,2.46738e-005,,,,,,
-1.62814e-005,1.30922e-005,,,,,,
-3.50805e-005,-2.09812e-005,,,,,,
-1.59457e-005,1.19341e-004,,,,,,
2.11490e-005,1.13970e-004,,,,,,
4.38087e-005,-3.74304e-005,,,,,,
2.87022e-005,-4.44800e-005,,,,,,
9.23171e-006,-1.79599e-005,,,,,,
-2.58488e-005,-2.16526e-005,,,,,,
-5.25368e-005,-2.40024e-005,,,,,,
-2.46738e-005,-1.93027e-005,,,,,,
-2.63523e-005,-8.89601e-006,,,,,,
-5.28725e-005,1.09102e-005,,,,,,
-3.74304e-005,4.19623e-006,,,,,,
-1.02388e-005,7.72107e-006,,,,,,
1.09102e-005,3.05486e-005,,,,,,
1.25887e-005,2.40024e-005,,,,,,
1.17494e-006,1.39315e-005,,,,,,
-3.03807e-005,-8.89601e-006,,,,,,
-4.38087e-005,-3.91089e-005,,,,,,
-7.21752e-006,-6.39506e-005,,,,,,
3.60876e-005,-9.18135e-005,,,,,,
6.36149e-005,-7.70428e-005,,,,,,
6.61326e-005,-4.31373e-005,,,,,,
6.86503e-005,-3.50805e-005,,,,,,
6.05936e-005,-5.99222e-005,,,,,,
2.06455e-005,-4.61585e-005,,,,,,
-1.46029e-005,-1.67849e-005,,,,,,
-2.83665e-005,-2.76951e-005,,,,,,
-4.59907e-005,-1.84634e-006,,,,,,
-4.38087e-005,7.85534e-005,,,,,,
-2.71916e-005,1.37469e-004,,,,,,
-2.29953e-005,1.95209e-004,,,,,,
-2.09812e-005,1.06249e-004,,,,,,
-1.98062e-005,2.70237e-005,,,,,,
-2.81987e-005,4.51514e-005,,,,,,
-2.97093e-005,1.24376e-004,,,,,,
-3.77661e-005,1.78759e-004,,,,,,
-5.65652e-005,1.48882e-004,,,,,,
-4.17945e-005,-5.99222e-005,,,,,,
-2.76951e-005,-2.78126e-004,,,,,,
-3.70947e-005,-3.63058e-004,,,,,,
-4.34730e-005,-1.34112e-004,,,,,,
1.00710e-006,2.36667e-005,,,,,,
4.17945e-005,-1.82956e-005,,,,,,
9.90310e-006,-1.03227e-004,,,,,,
1.00710e-006,-1.14641e-004,,,,,,
5.27047e-005,-7.87213e-005,,,,,,
4.90120e-005,-1.66171e-005,,,,,,
3.70947e-005,4.12909e-005,,,,,,
3.86053e-006,1.02892e-004,,,,,,
-4.53193e-005,1.30755e-004,,,,,,
-9.48348e-005,1.01549e-004,,,,,,
-1.32433e-004,6.74754e-005,,,,,,
-1.24376e-004,2.34989e-005,,,,,,
-7.87213e-005,-4.85084e-005,,,,,,
-2.33310e-005,-7.48608e-005,,,,,,
6.54612e-006,-1.03731e-004,,,,,,
-2.18204e-006,-9.75204e-005,,,,,,
8.56031e-006,-6.09293e-005,,,,,,
1.49386e-005,-3.79339e-005,,,,,,
8.39246e-007,-3.86053e-006,,,,,,
3.74304e-005,1.86313e-005,,,,,,
3.94446e-005,3.07164e-005,,,,,,
6.54612e-006,7.88891e-006,,,,,,
8.89601e-006,-3.00450e-005,,,,,,
-2.76951e-005,-2.04776e-005,,,,,,
-9.34920e-005,-2.87022e-005,,,,,,
-6.46220e-005,-5.75723e-005,,,,,,
7.55322e-006,-7.98962e-005,,,,,,
3.70947e-005,-5.92508e-005,,,,,,
4.69978e-005,1.72885e-005,,,,,,
2.51774e-005,1.34112e-004,,,,,,
-2.34989e-006,1.08263e-004,,,,,,
-3.97803e-005,7.55322e-006,,,,,,
-7.33501e-005,-2.51774e-005,,,,,,
-5.84115e-005,-5.45510e-005,,,,,,
-1.51064e-005,-6.34470e-005,,,,,,
-3.18914e-006,-6.21042e-006,,,,,,
-1.29244e-005,5.42153e-005,,,,,,
-3.86053e-006,1.30083e-004,,,,,,
-2.18204e-006,1.58953e-004,,,,,,
-1.69528e-005,4.06195e-005,,,,,,
-4.61585e-005,-1.00206e-004,,,,,,
-6.94896e-005,-4.36408e-006,,,,,,
-5.18654e-005,9.16457e-005,,,,,,
1.32601e-005,1.56100e-005,,,,,,
6.86503e-005,-4.44800e-005,,,,,,
5.52224e-005,-6.34470e-005,,,,,,
3.35698e-006,-1.96384e-005,,,,,,
4.19623e-006,5.89151e-005,,,,,,
1.66171e-005,1.34112e-004,,,,,,
1.96384e-005,1.28573e-004,,,,,,
8.89601e-006,7.50286e-005,,,,,,
5.03548e-007,3.45769e-005,,,,,,
-3.18914e-006,1.51064e-006,,,,,,
-4.04517e-005,7.21752e-006,,,,,,
-8.00641e-005,-3.18914e-006,,,,,,
-1.03563e-004,-2.58488e-005,,,,,,
-9.91989e-005,-2.70237e-005,,,,,,
-6.49577e-005,-5.06905e-005,,,,,,
-4.33051e-005,-9.08064e-005,,,,,,
-1.59457e-005,-9.60098e-005,,,,,,
-1.34279e-006,-6.52934e-005,,,,,,
-8.39246e-007,-5.10262e-005,,,,,,
4.24659e-005,-6.19364e-005,,,,,,
9.58419e-005,-7.41894e-005,,,,,,
7.28466e-005,-5.82437e-005,,,,,,
-3.35698e-007,1.99741e-005,,,,,,
-2.26596e-005,-8.39246e-007,,,,,,
-5.79080e-005,-5.28725e-005,,,,,,
-6.39506e-005,-3.54162e-005,,,,,,
-5.97543e-005,5.97543e-005,,,,,,
-5.72366e-005,7.85534e-005,,,,,,
-1.10277e-004,-1.82956e-005,,,,,,
-1.16655e-004,-1.11955e-004,,,,,,
-7.60357e-005,-1.47539e-004,,,,,,
-4.91798e-005,-1.13298e-004,,,,,,
1.20851e-005,-6.12650e-005,,,,,,
1.17662e-004,-3.40734e-005,,,,,,
1.24208e-004,7.51965e-005,,,,,,
4.44800e-005,1.78256e-004,,,,,,
-2.85344e-006,1.79431e-004,,,,,,
-8.22461e-006,1.47539e-004,,,,,,
9.73526e-006,9.91989e-005,,,,,,
4.95155e-005,2.93736e-005,,,,,,
9.44991e-005,-3.64233e-005,,,,,,
1.13802e-004,-5.79080e-005,,,,,,
1.07927e-004,-6.86503e-005,,,,,,
1.57778e-005,-3.00450e-005,,,,,,
-8.56031e-005,-1.84634e-006,,,,,,
-1.22362e-004,4.53193e-006,,,,,,
-1.48882e-004,1.66171e-005,,,,,,
-1.11284e-004,3.92767e-005,,,,,,
-7.72107e-005,7.90570e-005,,,,,,
-2.87022e-005,6.52934e-005,,,,,,
1.15816e-005,1.59457e-005,,,,,,
2.87022e-005,-7.72107e-006,,,,,,
2.19883e-005,-4.01160e-005,,,,,,
-1.46029e-005,-1.86313e-005,,,,,,
-5.85794e-005,1.82956e-005,,,,,,
-1.06584e-004,2.26596e-005,,,,,,
-1.26726e-004,6.21042e-006,,,,,,
-1.09941e-004,6.54612e-006,,,,,,
-9.44991e-005,-2.03098e-005,,,,,,
-6.12650e-005,-8.07355e-005,,,,,,
-1.96384e-005,-6.59647e-005,,,,,,
-3.18914e-006,-5.69009e-005,,,,,,
2.40024e-005,-9.63455e-005,,,,,,
4.26337e-005,-8.25818e-005,,,,,,
5.72366e-005,-2.16526e-005,,,,,,
8.03998e-005,4.66621e-005,,,,,,
1.11116e-004,5.22011e-005,,,,,,
1.11620e-004,1.35958e-005,,,,,,
6.79789e-005,-4.69978e-005,,,,,,
0.00000e+000,-5.99222e-005,,,,,,
-6.39506e-005,-2.19883e-005,,,,,,
-3.74304e-005,-1.15816e-005,,,,,,
-1.17494e-005,-3.74304e-005,,,,,,
-5.15297e-005,-8.39246e-007,,,,,,
-1.03227e-004,6.93217e-005,,,,,,
-1.14641e-004,7.16716e-005,,,,,,
-9.71847e-005,1.82956e-005,,,,,,
-6.99931e-005,-1.39315e-005,,,,,,
-4.24659e-005,-3.27306e-005,,,,,,
-7.88891e-006,-2.66880e-005,,,,,,
2.48417e-005,2.21561e-005,,,,,,
-4.19623e-006,4.61585e-005,,,,,,
-5.03548e-007,6.04257e-006,,,,,,
3.20592e-005,-2.63523e-005,,,,,,
1.12459e-005,-1.56100e-005,,,,,,
-1.56100e-005,-3.52483e-006,,,,,,
-2.48417e-005,5.53903e-006,,,,,,
-1.42672e-005,7.55322e-006,,,,,,
-1.20851e-005,-3.10521e-005,,,,,,
-2.76951e-005,-6.37827e-005,,,,,,
-2.48417e-005,-6.47898e-005,,,,,,
-1.02388e-005,-5.85794e-005,,,,,,
2.13169e-005,-6.63004e-005,,,,,,
5.58938e-005,-2.29953e-005,,,,,,
3.30663e-005,1.22530e-005,,,,,,
2.97093e-005,1.76242e-005,,,,,,
5.87472e-006,2.75273e-005,,,,,,
-5.53903e-006,1.59457e-005,,,,,,
1.17494e-006,-1.05745e-005,,,,,,
8.56031e-006,-4.38087e-005,,,,,,
2.34989e-005,-6.76432e-005,,,,,,
3.79339e-005,-7.60357e-005,,,,,,
4.54871e-005,-8.42603e-005,,,,,,
1.10781e-005,-8.64424e-005,,,,,,
-1.84634e-005,-4.44800e-005,,,,,,
-6.19364e-005,2.38346e-005,,,,,,
-8.66102e-005,9.90310e-006,,,,,,
-1.13466e-004,-4.59907e-005,,,,,,
-1.13970e-004,-6.93217e-005,,,,,,
-6.52934e-005,-4.98512e-005,,,,,,
-1.96384e-005,-2.48417e-005,,,,,,
2.66880e-005,-1.67849e-007,,,,,,
4.53193e-005,2.46738e-005,,,,,,
1.09102e-005,3.32342e-005,,,,,,
-2.58488e-005,1.42672e-005,,,,,,
-4.26337e-005,-2.11490e-005,,,,,,
-4.98512e-005,-2.13169e-005,,,,,,
-4.31373e-005,-1.19173e-005,,,,,,
-1.82956e-005,-2.40024e-005,,,,,,
-3.20592e-005,-2.90379e-005,,,,,,
-6.21042e-005,-1.39315e-005,,,,,,
-5.67330e-005,9.23171e-006,,,,,,
-5.65652e-005,2.29953e-005,,,,,,
-4.12909e-005,2.40024e-005,,,,,,
1.29244e-005,3.20592e-005,,,,,,
2.31632e-005,2.92058e-005,,,,,,
5.03548e-007,2.41703e-005,,,,,,
2.51774e-006,6.54612e-006,,,,,,
3.86053e-006,-4.02838e-006,,,,,,
1.84634e-006,-4.53193e-006,,,,,,
6.21042e-006,-7.21752e-006,,,,,,
1.42672e-005,6.71397e-007,,,,,,
9.23171e-006,8.56031e-006,,,,,,
-1.71206e-005,1.32601e-005,,,,,,
-2.33310e-005,1.29244e-005,,,,,,
-9.56741e-006,1.77920e-005,,,,,,
2.18204e-006,2.11490e-005,,,,,,
2.34989e-006,2.46738e-005,,,,,,
-9.39956e-006,2.58488e-005,,,,,,
-2.90379e-005,3.67590e-005,,,,,,
-2.85344e-005,3.57519e-005,,,,,,
-1.49386e-005,1.61135e-005,,,,,,
-1.12459e-005,2.53452e-005,,,,,,
-1.76242e-005,2.85344e-005,,,,,,
-2.43381e-005,2.92058e-005,,,,,,
-4.21302e-005,3.20592e-005,,,,,,
-4.93477e-005,3.64233e-005,,,,,,
-4.41444e-005,3.50805e-005,,,,,,
-4.33051e-005,2.58488e-005,,,,,,
-2.76951e-005,2.53452e-005,,,,,,
2.18204e-006,3.20592e-005,,,,,,
4.07874e-005,7.55322e-006,,,,,,
4.81727e-005,5.70687e-006,,,,,,
4.58228e-005,1.57778e-005,,,,,,
3.12200e-005,1.40993e-005,,,,,,
9.90310e-006,-5.03548e-006,,,,,,
-5.53903e-006,-3.07164e-005,,,,,,
-1.10781e-005,-2.04776e-005,,,,,,
-1.69528e-005,2.24918e-005,,,,,,
-2.70237e-005,9.70169e-005,,,,,,
-2.46738e-005,7.43572e-005,,,,,,
-1.10781e-005,2.92058e-005,,,,,,
5.20333e-006,3.40734e-005,,,,,,
-2.51774e-006,-1.49386e-005,,,,,,
-1.42672e-005,-3.12200e-005,,,,,,
-2.43381e-005,-1.49386e-005,,,,,,
-2.70237e-005,-2.04776e-005,,,,,,
-1.04067e-005,-3.23949e-005,,,,,,
-3.69268e-006,-2.21561e-005,,,,,,
-2.50095e-005,-2.14847e-005,,,,,,
-2.97093e-005,-2.97093e-005,,,,,,
2.51774e-006,-3.84375e-005,,,,,,
3.86053e-006,-3.52483e-005,,,,,,
7.55322e-006,-1.72885e-005,,,,,,
2.68559e-005,6.54612e-006,,,,,,
1.01549e-004,-6.37827e-006,,,,,,
2.27436e-004,5.20333e-006,,,,,,
2.59663e-004,-3.40734e-005,,,,,,
2.13001e-004,-6.76432e-005,,,,,,
4.73335e-005,-3.25628e-005,,,,,,
-1.88495e-004,-2.31632e-005,,,,,,
-3.22103e-004,-4.44800e-005,,,,,,
-3.43923e-004,-6.63004e-005,,,,,,
-2.80140e-004,-1.57610e-004,,,,,,
-1.21859e-004,-1.42168e-004,,,,,,
4.31373e-005,1.33776e-004,,,,,,
9.83597e-005,3.54833e-004,,,,,,
7.50286e-005,1.41161e-004,,,,,,
-2.06455e-005,-8.96315e-005,,,,,,
-1.79095e-004,-1.27398e-004,,,,,,
-2.80980e-004,-9.58419e-005,,,,,,
-2.32807e-004,-4.93477e-005,,,,,,
-1.15145e-004,-2.21561e-005,,,,,,
7.08324e-005,1.29244e-005,,,,,,
2.51270e-004,5.72366e-005,,,,,,
2.99611e-004,3.57519e-005,,,,,,
1.37972e-004,2.26596e-005,,,,,,
-6.39506e-005,1.48547e-004,,,,,,
-1.36461e-004,1.64324e-004,,,,,,
-1.98566e-004,7.53643e-005,,,,,,
-2.17700e-004,1.14305e-004,,,,,,
-7.67071e-005,7.57000e-005,,,,,,
-4.95155e-005,-2.15686e-004,,,,,,
5.00191e-005,3.86053e-006,,,,,,
3.02968e-004,3.61044e-004,,,,,,
4.76860e-004,9.71847e-005,,,,,,
3.93942e-004,-1.82452e-004,,,,,,
2.42206e-004,-2.20890e-004,,,,,,
-4.04517e-005,-2.11658e-004,,,,,,
-4.03342e-004,-1.54253e-004,,,,,,
-5.52895e-004,-1.07256e-004,,,,,,
-6.44709e-004,-9.31563e-005,,,,,,
-4.71489e-004,-7.67071e-005,,,,,,
6.94896e-005,7.21752e-005,,,,,,
5.15129e-004,2.77791e-004,,,,,,
6.58808e-004,2.47578e-004,,,,,,
6.41352e-004,2.33310e-005,,,,,,
4.37247e-004,2.87022e-005,,,,,,
-2.80308e-005,1.11620e-004,,,,,,
-6.28931e-004,1.09606e-004,,,,,,
-8.31525e-004,-5.42153e-005,,,,,,
-6.97581e-004,3.32342e-005,,,,,,
-6.31449e-004,2.47745e-004,,,,,,
-4.96666e-004,1.76074e-004,,,,,,
-2.72084e-004,-1.84131e-004,,,,,,
-2.70237e-005,-4.96330e-004,,,,,,
1.46532e-004,-4.00320e-004,,,,,,
1.79599e-004,-1.41161e-004,,,,,,
3.08339e-004,-2.90379e-005,,,,,,
5.69009e-004,-3.50805e-005,,,,,,
4.34058e-004,2.66880e-005,,,,,,
1.93194e-004,1.75906e-004,,,,,,
-4.04517e-005,2.33143e-004,,,,,,
-2.22065e-004,2.29114e-004,,,,,,
-2.55299e-004,3.41573e-004,,,,,,
-3.00450e-004,1.76410e-004,,,,,,
-8.29175e-005,1.15816e-005,,,,,,
2.28946e-004,4.07874e-005,,,,,,
2.09644e-004,-5.01869e-005,,,,,,
6.61326e-005,-1.46029e-005,,,,,,
5.47189e-005,8.12390e-005,,,,,,
5.89151e-005,1.62814e-005,,,,,,
-6.54612e-006,-9.51705e-005,,,,,,
-2.53956e-004,-2.14343e-004,,,,,,
-1.98901e-004,-3.85885e-004,,,,,,
3.82696e-005,-5.05562e-004,,,,,,
1.31762e-004,-4.83742e-004,,,,,,
8.92958e-005,-2.21057e-004,,,,,,
8.71138e-005,-1.84634e-005,,,,,,
1.07256e-004,1.72213e-004,,,,,,
2.48249e-004,2.78126e-004,,,,,,
2.04608e-004,4.48325e-004,,,,,,
1.37804e-004,6.20539e-004,,,,,,
3.50805e-004,5.45678e-004,,,,,,
6.77775e-004,1.36126e-004,,,,,,
5.01366e-004,-1.11788e-004,,,,,,
2.80308e-005,-3.77661e-005,,,,,,
-3.07164e-004,-1.69528e-005,,,,,,
-5.72198e-004,-3.40734e-005,,,,,,
-7.56161e-004,-5.58938e-005,,,,,,
-7.76303e-004,-1.62310e-004,,,,,,
-5.45342e-004,-1.83795e-004,,,,,,
-3.22103e-004,-2.64027e-004,,,,,,
-1.89502e-004,-2.38010e-004,,,,,,
1.19173e-005,-3.86053e-006,,,,,,
1.88663e-004,6.32792e-005,,,,,,
2.10651e-004,2.63523e-005,,,,,,
2.21057e-004,-8.57710e-005,,,,,,
2.19211e-004,-7.21752e-005,,,,,,
1.62814e-004,1.01549e-004,,,,,,
1.12123e-004,2.31632e-005,,,,,,
9.95346e-005,2.46738e-005,,,,,,
1.43511e-004,2.11154e-004,,,,,,
4.14755e-004,-5.82437e-005,,,,,,
5.32250e-004,-2.78126e-004,,,,,,
3.93103e-004,-2.09979e-004,,,,,,
1.18334e-004,-4.16266e-005,,,,,,
-1.05241e-004,1.09941e-004,,,,,,
-3.16732e-004,1.20684e-004,,,,,,
-5.28054e-004,1.30755e-004,,,,,,
-5.63806e-004,5.19493e-004,,,,,,
-3.55673e-004,3.92599e-004,,,,,,
-4.91798e-005,-1.46029e-005,,,,,,
1.15312e-004,6.73075e-005,,,,,,
5.22011e-005,-1.22362e-004,,,,,,
-6.32792e-005,-3.97635e-004,,,,,,
-1.07591e-004,-2.65202e-004,,,,,,
-9.58419e-005,-1.57443e-004,,,,,,
-1.51064e-004,-1.37469e-004,,,,,,
-7.70428e-005,-5.18654e-005,,,,,,
5.38796e-005,7.60357e-005,,,,,,
9.31563e-005,1.12459e-004,,,,,,
1.59289e-004,5.28725e-005,,,,,,
5.08080e-004,1.96384e-005,,,,,,
7.76974e-004,-7.90570e-005,,,,,,
6.08621e-004,-1.67514e-004,,,,,,
1.77752e-004,-1.18334e-004,,,,,,
-2.40528e-004,-4.78370e-005,,,,,,
-5.91836e-004,-5.48867e-005,,,,,,
-7.57168e-004,-8.27497e-005,,,,,,
-7.13695e-004,-1.17998e-004,,,,,,
-5.58770e-004,-1.12459e-005,,,,,,
-3.82361e-004,2.91890e-004,,,,,,
-1.84298e-004,2.48417e-004,,,,,,
-3.22271e-005,1.05241e-004,,,,,,
7.60357e-005,3.07164e-005,,,,,,
1.08934e-004,-1.15816e-005,,,,,,
5.92508e-005,-1.72885e-005,,,,,,
6.49577e-005,2.40024e-005,,,,,,
1.49218e-004,9.18135e-005,,,,,,
9.55062e-005,4.81727e-005,,,,,,
5.32082e-005,7.88891e-006,,,,,,
1.46197e-004,-6.47898e-005,,,,,,
2.21393e-004,-2.08301e-004,,,,,,
2.39185e-004,-8.49317e-005,,,,,,
1.22026e-004,-2.33310e-005,,,,,,
3.67590e-005,-1.04234e-004,,,,,,
5.25368e-005,-9.38277e-005,,,,,,
8.17426e-005,-3.13878e-005,,,,,,
-8.34211e-005,-2.18204e-005,,,,,,
-2.35996e-004,4.19623e-005,,,,,,
-1.39483e-004,1.02388e-005,,,,,,
-7.46929e-005,-6.17685e-005,,,,,,
-3.82696e-005,-7.93927e-005,,,,,,
-4.48157e-005,-1.60967e-004,,,,,,
-1.32601e-004,-2.17700e-004,,,,,,
-1.22362e-004,-1.85473e-004,,,,,,
-5.03548e-006,-6.51255e-005,,,,,,
2.66880e-005,8.64424e-005,,,,,,
1.25887e-005,1.06752e-004,,,,,,
7.23430e-005,8.24140e-005,,,,,,
8.15747e-005,6.54612e-005,,,,,,
1.27062e-004,5.18654e-005,,,,,,
7.40215e-005,3.18914e-005,,,,,,
-5.80758e-005,6.37827e-006,,,,,,
-1.20851e-005,-3.10521e-005,,,,,,
3.30663e-005,-8.00641e-005,,,,,,
-4.64942e-005,-3.77661e-005,,,,,,
-3.74304e-005,3.52483e-006,,,,,,
1.17830e-004,3.18914e-006,,,,,,
2.17029e-004,2.38346e-005,,,,,,
1.10445e-004,-2.66880e-005,,,,,,
-1.02388e-005,-3.39055e-005,,,,,,
-3.64233e-005,-3.07164e-005,,,,,,
-5.22011e-005,-4.48157e-005,,,,,,
-8.61067e-005,-6.37827e-005,,,,,,
-4.22980e-005,-8.61067e-005,,,,,,
-4.81727e-005,-2.33310e-005,,,,,,
-5.69009e-005,-1.32601e-005,,,,,,
-3.00450e-005,-5.65652e-005,,,,,,
-3.20592e-005,7.88891e-006,,,,,,
-3.81018e-005,8.91279e-005,,,,,,
-6.91539e-005,1.13634e-004,,,,,,
-2.43381e-005,2.29953e-005,,,,,,
1.46029e-005,-1.22698e-004,,,,,,
-1.86313e-005,-1.75738e-004,,,,,,
-4.88441e-005,-1.46868e-004,,,,,,
-1.17327e-004,-4.58228e-005,,,,,,
-1.36461e-004,7.85534e-005,,,,,,
-1.42672e-005,1.53414e-004,,,,,,
-6.61326e-005,2.22400e-004,,,,,,
-1.80102e-004,2.68391e-004,,,,,,
-2.09476e-004,2.38849e-004,,,,,,
-2.14343e-004,1.19341e-004,,,,,,
-2.13840e-004,1.84634e-006,,,,,,
-4.53193e-005,-1.62814e-005,,,,,,
1.28405e-004,7.55322e-006,,,,,,
1.15984e-004,-1.29244e-005,,,,,,
5.94186e-005,-7.97284e-005,,,,,,
5.32082e-005,-8.44282e-005,,,,,,
6.81468e-005,-6.68040e-005,,,,,,
-2.08133e-005,-1.24376e-004,,,,,,
-7.03288e-005,-1.50896e-004,,,,,,
3.07164e-005,-6.31113e-005,,,,,,
7.87213e-005,5.79080e-005,,,,,,
1.01549e-004,1.52239e-004,,,,,,
1.22194e-004,1.03899e-004,,,,,,
4.33051e-005,7.55322e-006,,,,,,
3.52483e-006,-9.41634e-005,,,,,,
5.25368e-005,-2.13840e-004,,,,,,
7.77142e-005,-1.43847e-004,,,,,,
5.08583e-005,8.56031e-006,,,,,,
6.21042e-006,4.75013e-005,,,,,,
-4.38087e-005,3.34020e-005,,,,,,
-7.46929e-005,1.37636e-005,,,,,,
-8.45960e-005,3.18914e-006,,,,,,
-6.79789e-005,1.32601e-005,,,,,,
-3.94446e-005,-2.60166e-005,,,,,,
8.56031e-006,-6.32792e-005,,,,,,
1.79599e-005,-5.58938e-005,,,,,,
-3.72625e-005,-2.23239e-005,,,,,,
-7.57000e-005,-2.19883e-005,,,,,,
-9.78561e-005,-6.73075e-005,,,,,,
-1.13130e-004,-1.04067e-004,,,,,,
-6.12650e-005,-7.30144e-005,,,,,,
-1.52743e-005,-9.23171e-006,,,,,,
-5.08583e-005,3.00450e-005,,,,,,
-4.48157e-005,3.44091e-005,,,,,,
2.03098e-005,6.21042e-006,,,,,,
1.47875e-004,5.20333e-006,,,,,,
1.16487e-004,5.55581e-005,,,,,,
2.53452e-005,1.14305e-004,,,,,,
3.18914e-006,3.72625e-005,,,,,,
-1.02388e-005,-4.19623e-005,,,,,,
2.38346e-005,-4.58228e-005,,,,,,
2.76951e-005,2.51774e-006,,,,,,
-4.53193e-006,2.29953e-005,,,,,,
-4.31373e-005,6.05936e-005,,,,,,
-1.16991e-004,5.48867e-005,,,,,,
-1.34783e-004,-1.69528e-005,,,,,,
-1.03059e-004,-5.32082e-005,,,,,,
-1.15648e-004,-7.36858e-005,,,,,,
-1.32433e-004,-7.23430e-005,,,,,,
-1.18334e-004,-3.03807e-005,,,,,,
-4.91798e-005,1.84634e-006,,,,,,
2.23239e-005,2.16526e-005,,,,,,
6.73075e-005,1.00710e-005,,,,,,
9.48348e-005,-4.19623e-006,,,,,,
8.14069e-005,-1.24208e-005,,,,,,
4.11231e-005,-1.25887e-005,,,,,,
3.00450e-005,1.02388e-005,,,,,,
3.50805e-005,3.40734e-005,,,,,,
1.64492e-005,3.22271e-005,,,,,,
-1.15816e-005,2.90379e-005,,,,,,
-2.43381e-005,5.55581e-005,,,,,,
-3.34020e-005,8.00641e-005,,,,,,
-3.13878e-005,1.17998e-004,,,,,,
-3.82696e-005,5.82437e-005,,,,,,
-3.40734e-005,2.26596e-005,,,,,,
-2.83665e-005,6.51255e-005,,,,,,
-1.96384e-005,5.11940e-005,,,,,,
-1.29244e-005,2.43381e-005,,,,,,
-3.86053e-006,1.82956e-005,,,,,,
-3.39055e-005,-6.88182e-006,,,,,,
-6.81468e-005,-1.25887e-005,,,,,,
-6.49577e-005,1.84634e-006,,,,,,
-4.21302e-005,4.36408e-006,,,,,,
-8.39246e-007,-1.86313e-005,,,,,,
4.98512e-005,-2.80308e-005,,,,,,
3.86053e-005,5.87472e-006,,,,,,
1.57778e-005,1.96384e-005,,,,,,
-2.87022e-005,6.37827e-006,,,,,,
-3.84375e-005,7.72107e-006,,,,,,
-5.53903e-006,1.69528e-005,,,,,,
-2.45060e-005,2.66880e-005,,,,,,
-3.10521e-005,3.12200e-005,,,,,,
3.94446e-005,2.60166e-005,,,,,,
5.94186e-005,2.50095e-005,,,,,,
3.57519e-005,4.28016e-005,,,,,,
1.22530e-005,8.22461e-006,,,,,,
-5.87472e-006,-4.17945e-005,,,,,,
-2.31632e-005,-5.25368e-005,,,,,,
-2.06455e-005,-5.28725e-005,,,,,,
-2.85344e-005,5.20333e-006,,,,,,
-2.75273e-005,1.93027e-005,,,,,,
-8.22461e-006,-2.93736e-005,,,,,,
8.39246e-007,-4.53193e-006,,,,,,
2.60166e-005,7.88891e-006,,,,,,
4.33051e-005,8.39246e-007,,,,,,
2.83665e-005,-2.60166e-005,,,,,,
-7.72107e-006,-4.59907e-005,,,,,,
-3.64233e-005,-1.59457e-005,,,,,,
-4.58228e-005,-1.69528e-005,,,,,,
-5.65652e-005,-1.86313e-005,,,,,,
-6.56291e-005,-2.24918e-005,,,,,,
-7.67071e-005,-4.36408e-006,,,,,,
-9.18135e-005,3.40734e-005,,,,,,
-7.53643e-005,3.07164e-005,,,,,,
-4.04517e-005,-1.15816e-005,,,,,,
-8.39246e-006,-4.44800e-005,,,,,,
4.19623e-006,-3.00450e-005,,,,,,
-2.01419e-006,-3.13878e-005,,,,,,
-7.72107e-006,-3.25628e-005,,,,,,
-2.04776e-005,-9.56741e-006,,,,,,
-2.18204e-005,2.08133e-005,,,,,,
-5.53903e-006,1.84634e-006,,,,,,
5.20333e-006,-2.48417e-005,,,,,,
7.21752e-006,-3.79339e-005,,,,,,
-1.62814e-005,7.55322e-006,,,,,,
-4.01160e-005,1.01549e-004,,,,,,
-4.59907e-005,1.55932e-004,,,,,,
-6.22721e-005,1.69528e-004,,,,,,
-6.26078e-005,1.40154e-004,,,,,,
-3.20592e-005,1.07424e-004,,,,,,
1.76242e-005,3.07164e-005,,,,,,
6.49577e-005,-2.56809e-005,,,,,,
6.76432e-005,-1.66171e-005,,,,,,
3.34020e-005,3.37377e-005,,,,,,
2.53452e-005,-3.40734e-005,,,,,,
-1.51064e-006,-1.24544e-004,,,,,,
-4.66621e-005,-2.51774e-006,,,,,,
-5.55581e-005,1.26390e-004,,,,,,
-4.80049e-005,8.67781e-005,,,,,,
-3.47448e-005,3.65911e-005,,,,,,
-2.97093e-005,2.16526e-005,,,,,,
-3.99481e-005,4.69978e-006,,,,,,
-4.73335e-005,-6.79789e-005,,,,,,
-6.19364e-005,-7.60357e-005,,,,,,
-5.06905e-005,-2.43381e-005,,,,,,
-3.07164e-005,6.21042e-006,,,,,,
-7.04967e-006,-6.41184e-005,,,,,,
1.37636e-005,-8.61067e-005,,,,,,
2.87022e-005,-1.86313e-005,,,,,,
3.40734e-005,-4.04517e-005,,,,,,
1.56100e-005,-1.05913e-004,,,,,,
2.34989e-006,-6.39506e-005,,,,,,
-1.67849e-006,4.34730e-005,,,,,,
-3.86053e-006,1.76577e-004,,,,,,
-1.61135e-005,1.99237e-004,,,,,,
-3.44091e-005,2.69062e-004,,,,,,
-3.03807e-005,2.08301e-004,,,,,,
-1.17494e-006,2.66880e-005,,,,,,
3.07164e-005,-9.50027e-005,,,,,,
3.44091e-005,-1.92691e-004,,,,,,
1.82956e-005,-2.11826e-004,,,,,,
3.40734e-005,-1.53246e-004,,,,,,
4.98512e-005,-1.21691e-004,,,,,,
3.03807e-005,-2.44556e-004,,,,,,
7.04967e-006,-3.90921e-004,,,,,,
-5.70687e-006,-1.17998e-004,,,,,,
-1.30922e-005,3.67590e-005,,,,,,
-4.36408e-005,1.58450e-004,,,,,,
-8.22461e-005,1.97559e-004,,,,,,
-9.68490e-005,1.11788e-004,,,,,,
-8.66102e-005,3.00450e-005,,,,,,
-7.13359e-005,-9.90310e-006,,,,,,
-6.09293e-005,-7.70428e-005,,,,,,
-4.28016e-005,-9.73526e-005,,,,,,
-2.70237e-005,-8.20783e-005,,,,,,
-1.02388e-005,-8.74495e-005,,,,,,
-8.39246e-006,-9.01350e-005,,,,,,
-2.19883e-005,-8.37568e-005,,,,,,
-5.89151e-005,-5.92508e-005,,,,,,
-6.86503e-005,-1.71206e-005,,,,,,
-2.16526e-005,1.00710e-005,,,,,,
1.52743e-005,6.36149e-005,,,,,,
1.12459e-005,2.41199e-004,,,,,,
3.39055e-005,3.05653e-004,,,,,,
3.65911e-005,1.47204e-004,,,,,,
-2.13169e-005,-7.60357e-005,,,,,,
-4.28016e-005,-2.92058e-005,,,,,,
-8.39246e-006,-1.86313e-005,,,,,,
1.54421e-005,-5.58938e-005,,,,,,
1.76242e-005,-5.60616e-005,,,,,,
1.79599e-005,-8.67781e-005,,,,,,
1.04402e-004,-1.05745e-004,,,,,,
1.56435e-004,-9.85275e-005,,,,,,
1.45525e-004,-8.69459e-005,,,,,,
9.24849e-005,-7.93927e-005,,,,,,
-5.20333e-006,-1.62814e-005,,,,,,
-6.86503e-005,5.01869e-005,,,,,,
-9.81918e-005,4.09552e-005,,,,,,
-8.47639e-005,-8.39246e-007,,,,,,
-7.68750e-005,-1.17494e-005,,,,,,
-6.76432e-005,-1.51064e-005,,,,,,
-5.79080e-005,-2.40024e-005,,,,,,
-3.86053e-005,-2.83665e-005,,,,,,
6.54612e-006,-1.54421e-005,,,,,,
2.11490e-005,3.91089e-005,,,,,,
4.61585e-005,3.67590e-005,,,,,,
6.36149e-005,1.17494e-006,,,,,,
5.15297e-005,-5.53903e-006,,,,,,
7.88891e-006,6.09293e-005,,,,,,
-6.54612e-005,9.78561e-005,,,,,,
-1.04906e-004,3.94446e-005,,,,,,
-1.05241e-004,-1.67849e-007,,,,,,
-1.02220e-004,1.05745e-005,,,,,,
-1.08934e-004,-1.17494e-006,,,,,,
-9.95346e-005,-2.56809e-005,,,,,,
-6.61326e-005,-1.86313e-005,,,,,,
-6.05936e-005,-1.32601e-005,,,,,,
-3.67590e-005,-1.07591e-004,,,,,,
-4.19623e-006,-2.00412e-004,,,,,,
-1.30922e-005,-2.35492e-004,,,,,,
-3.67590e-005,-1.19677e-004,,,,,,
-3.07164e-005,2.61845e-005,,,,,,
-2.50095e-005,9.11421e-005,,,,,,
-6.69719e-005,1.07927e-004,,,,,,
-8.19104e-005,2.40360e-004,,,,,,
-5.35439e-005,3.27474e-004,,,,,,
-1.56100e-005,2.03098e-004,,,,,,
3.03807e-005,5.75723e-005,,,,,,
8.40925e-005,-1.84634e-005,,,,,,
8.94636e-005,-3.12200e-005,,,,,,
4.54871e-005,-2.19883e-005,,,,,,
4.85084e-005,-4.53193e-005,,,,,,
5.79080e-005,-7.23430e-005,,,,,,
1.15816e-005,-6.42863e-005,,,,,,
-2.81987e-005,-1.89670e-005,,,,,,
-4.93477e-005,-3.35698e-006,,,,,,
-3.54162e-005,-4.95155e-005,,,,,,
3.23949e-005,-9.31563e-005,,,,,,
6.69719e-005,-9.28206e-005,,,,,,
2.03098e-005,-3.84375e-005,,,,,,
-4.61585e-005,-2.83665e-005,,,,,,
-4.83406e-005,1.67849e-006,,,,,,
-7.68750e-005,4.44800e-005,,,,,,
-7.60357e-005,-2.51774e-006,,,,,,
-4.21302e-005,-8.39246e-006,,,,,,
2.85344e-005,1.19173e-005,,,,,,
5.67330e-005,-3.25628e-005,,,,,,
4.38087e-005,-7.95605e-005,,,,,,
2.76951e-005,-8.15747e-005,,,,,,
-6.21042e-006,-6.46220e-005,,,,,,
-5.22011e-005,-2.90379e-005,,,,,,
-8.37568e-005,4.34730e-005,,,,,,
-7.06645e-005,1.00374e-004,,,,,,
-3.27306e-005,1.12291e-004,,,,,,
-3.35698e-005,1.53582e-004,,,,,,
-3.97803e-005,1.09773e-004,,,,,,
-4.11231e-005,9.90310e-006,,,,,,
-1.04067e-005,-4.78370e-005,,,,,,
3.86053e-005,-7.30144e-005,,,,,,
3.47448e-005,-6.12650e-005,,,,,,
2.76951e-005,-8.47639e-005,,,,,,
3.89410e-005,-7.63714e-005,,,,,,
-6.21042e-006,1.84634e-006,,,,,,
-5.65652e-005,9.29885e-005,,,,,,
-7.73785e-005,1.27230e-004,,,,,,
-5.48867e-005,5.84115e-005,,,,,,
2.66880e-005,-8.61067e-005,,,,,,
5.92508e-005,-1.33776e-004,,,,,,
6.49577e-005,-7.53643e-005,,,,,,
3.81018e-005,-6.54612e-006,,,,,,
1.57778e-005,-3.87732e-005,,,,,,
-3.52483e-006,2.16526e-005,,,,,,
-6.05936e-005,1.96216e-004,,,,,,
-9.91989e-005,2.36667e-004,,,,,,
-1.36126e-004,1.64828e-004,,,,,,
-1.54757e-004,3.57519e-005,,,,,,
-1.26055e-004,-5.03548e-005,,,,,,
-6.74754e-005,-1.16991e-004,,,,,,
-5.05226e-005,-1.29412e-004,,,,,,
-3.00450e-005,-1.02556e-004,,,,,,
1.76242e-005,-7.03288e-005,,,,,,
2.50095e-005,-3.47448e-005,,,,,,
-2.85344e-006,-6.37827e-006,,,,,,
-2.40024e-005,8.27497e-005,,,,,,
1.59457e-005,9.83597e-005,,,,,,
9.90310e-006,3.70947e-005,,,,,,
-2.26596e-005,-2.60166e-005,,,,,,
6.27756e-005,-7.90570e-005,,,,,,
1.32601e-004,-9.95346e-005,,,,,,
7.33501e-005,-6.16007e-005,,,,,,
-4.36408e-006,-2.53452e-005,,,,,,
-1.84634e-005,4.19623e-006,,,,,,
1.17494e-006,1.49386e-005,,,,,,
-1.34279e-006,2.75273e-005,,,,,,
1.84634e-006,1.05745e-005,,,,,,
-3.03807e-005,-2.97093e-005,,,,,,
-2.08133e-005,-6.69719e-005,,,,,,
1.51064e-006,-7.48608e-005,,,,,,
4.36408e-006,-7.36858e-005,,,,,,
2.66880e-005,-7.98962e-005,,,,,,
4.64942e-005,-5.25368e-005,,,,,,
3.84375e-005,1.37636e-005,,,,,,
2.98772e-005,5.45510e-005,,,,,,
-2.29953e-005,6.49577e-005,,,,,,
-6.02579e-005,4.14588e-005,,,,,,
-6.42863e-005,2.48417e-005,,,,,,
-3.59197e-005,1.81277e-005,,,,,,
1.12459e-005,1.22530e-005,,,,,,
3.27306e-005,-1.72885e-005,,,,,,
3.86053e-006,-1.29244e-005,,,,,,
-2.24918e-005,-7.73785e-005,,,,,,
-5.80758e-005,-1.21187e-004,,,,,,
-9.43313e-005,-9.14778e-005,,,,,,
-7.60357e-005,-8.74495e-005,,,,,,
-5.65652e-005,-9.76883e-005,,,,,,
-5.15297e-005,-8.25818e-005,,,,,,
-4.66621e-005,-6.69719e-005,,,,,,
-3.02129e-005,-6.26078e-005,,,,,,
-4.68299e-005,-5.75723e-005,,,,,,
-1.19173e-005,-7.87213e-005,,,,,,
1.52743e-005,-7.01610e-005,,,,,,
-1.35958e-005,-4.11231e-005,,,,,,
-2.85344e-005,-4.59907e-005,,,,,,
-3.64233e-005,-4.53193e-005,,,,,,
-4.54871e-005,-2.76951e-005,,,,,,
-3.35698e-006,-3.40734e-005,,,,,,
6.42863e-005,-6.29435e-005,,,,,,
9.21492e-005,-9.86954e-005,,,,,,
6.98253e-005,-8.61067e-005,,,,,,
2.56809e-005,-5.92508e-005,,,,,,
1.15816e-005,-2.40024e-005,,,,,,
1.62814e-005,3.91089e-005,,,,,,
-4.16266e-005,7.50286e-005,,,,,,
-1.19341e-004,6.64683e-005,,,,,,
-1.29412e-004,3.65911e-005,,,,,,
-1.22698e-004,4.12909e-005,,,,,,
-9.11421e-005,5.01869e-005,,,,,,
-2.73594e-005,6.16007e-005,,,,,,
2.40024e-005,7.46929e-005,,,,,,
4.61585e-005,6.14328e-005,,,,,,
3.67590e-005,2.61845e-005,,,,,,
2.19883e-005,2.97093e-005,,,,,,
-2.70237e-005,2.19883e-005,,,,,,
-5.82437e-005,1.56100e-005,,,,,,
-5.18654e-005,4.07874e-005,,,,,,
-2.97093e-005,4.48157e-005,,,,,,
-3.35698e-005,3.34020e-005,,,,,,
-5.11940e-005,3.13878e-005,,,,,,
-4.73335e-005,3.57519e-005,,,,,,
-3.30663e-005,3.72625e-005,,,,,,
-6.88182e-006,4.28016e-005,,,,,,
1.69528e-005,4.66621e-005,,,,,,
1.84634e-006,4.29694e-005,,,,,,
-2.53452e-005,3.27306e-005,,,,,,
-2.13169e-005,3.72625e-005,,,,,,
5.03548e-007,3.74304e-005,,,,,,
3.72625e-005,3.07164e-005,,,,,,
5.75723e-005,3.15557e-005,,,,,,
3.60876e-005,3.44091e-005,,,,,,
2.13169e-005,3.65911e-005,,,,,,
1.72885e-005,3.32342e-005,,,,,,
5.70687e-006,2.73594e-005,,,,,,
-6.88182e-006,2.90379e-005,,,,,,
-1.93027e-005,3.27306e-005,,,,,,
-2.50095e-005,3.44091e-005,,,,,,
-5.70687e-006,2.93736e-005,,,,,,
1.19173e-005,2.45060e-005,,,,,,
1.30922e-005,2.40024e-005,,,,,,
-5.87472e-006,2.58488e-005,,,,,,
-2.09812e-005,1.84634e-005,,,,,,
-2.26596e-005,1.00710e-005,,,,,,
-3.27306e-005,1.76242e-005,,,,,,
-3.37377e-005,2.08133e-005,,,,,,
-2.24918e-005,2.26596e-005,,,,,,
-1.42672e-005,1.76242e-005,,,,,,
-1.35958e-005,7.55322e-006,,,,,,
-2.13169e-005,6.21042e-006,,,,,,
-2.23239e-005,9.90310e-006,,,,,,
-2.80308e-005,1.17494e-006,,,,,,
-2.83665e-005,1.84634e-006,,,,,,
-3.20592e-005,5.20333e-006,,,,,,
-3.27306e-005,5.20333e-006,,,,,,
-1.44350e-005,4.36408e-006,,,,,,
-5.03548e-007,3.86053e-006,,,,,,
-1.67849e-007,1.34279e-006,,,,,,
-1.15816e-005,1.17494e-006,,,,,,
-1.69528e-005,1.67849e-007,,,,,,
-1.02388e-005,-2.51774e-006,,,,,,
-1.32601e-005,3.86053e-006,,,,,,
-9.23171e-006,3.18914e-006,,,,,,
2.93736e-005,4.86763e-006,,,,,,
9.85275e-005,3.35698e-007,,,,,,
1.27398e-004,-5.03548e-007,,,,,,
1.12963e-004,1.00710e-006,,,,,,
8.62745e-005,-1.00710e-006,,,,,,
5.20333e-005,-4.69978e-006,,,,,,
9.73526e-006,9.90310e-006,,,,,,
-1.50057e-004,2.06455e-005,,,,,,
-2.30625e-004,-1.19173e-005,,,,,,
-1.93866e-004,-1.52743e-005,,,,,,
-1.68856e-004,-9.56741e-006,,,,,,
-1.58618e-004,-1.22530e-005,,,,,,
-1.32097e-004,-1.46029e-005,,,,,,
-6.19364e-005,-1.62814e-005,,,,,,
5.47189e-005,-1.35958e-005,,,,,,
8.84566e-005,-1.66171e-005,,,,,,
4.33051e-005,-2.66880e-005,,,,,,
4.69978e-006,-2.51774e-005,,,,,,
-1.76242e-005,-1.32601e-005,,,,,,
-3.44091e-005,-1.35958e-005,,,,,,
-2.04776e-005,-1.22530e-005,,,,,,
1.25887e-005,2.40024e-005,,,,,,
3.40734e-005,4.61585e-005,,,,,,
4.41444e-005,4.14588e-005,,,,,,
7.23430e-005,3.03807e-005,,,,,,
9.65133e-005,-2.13169e-005,,,,,,
2.43381e-005,-5.25368e-005,,,,,,
5.20333e-006,-1.84634e-005,,,,,,
2.13169e-005,-7.55322e-006,,,,,,
-8.97993e-005,-1.59457e-005,,,,,,
-1.95544e-004,4.28016e-005,,,,,,
-1.45525e-004,9.28206e-005,,,,,,
-4.38087e-005,8.22461e-005,,,,,,
1.82956e-005,-2.24918e-005,,,,,,
6.49577e-005,-8.14069e-005,,,,,,
7.68750e-005,-6.79789e-005,,,,,,
1.72885e-005,-7.73785e-005,,,,,,
-1.42672e-004,-1.26223e-004,,,,,,
-2.58656e-004,-1.51400e-004,,,,,,
-2.25086e-004,-2.49760e-004,,,,,,
-2.39857e-004,-2.81819e-004,,,,,,
-1.89166e-004,1.25216e-004,,,,,,
3.60876e-005,3.95117e-004,,,,,,
2.72755e-004,1.72045e-004,,,,,,
3.19753e-004,9.61776e-005,,,,,,
1.96719e-004,2.85512e-004,,,,,,
5.89151e-005,1.97559e-004,,,,,,
-6.61326e-005,1.72381e-004,,,,,,
-1.47875e-004,2.07126e-004,,,,,,
-1.42504e-004,-2.18204e-006,,,,,,
2.13169e-005,-3.05653e-004,,,,,,
2.03937e-004,-1.56939e-004,,,,,,
2.81147e-004,1.29076e-004,,,,,,
3.04479e-004,-8.03998e-005,,,,,,
2.99947e-004,-3.32509e-004,,,,,,
1.85138e-004,-3.39895e-004,,,,,,
1.06920e-004,-3.39727e-004,,,,,,
-1.03563e-004,-2.02930e-004,,,,,,
-3.95453e-004,-1.03731e-004,,,,,,
-3.66583e-004,-2.18036e-004,,,,,,
-1.55596e-004,2.58488e-005,,,,,,
-1.09102e-004,3.67086e-004,,,,,,
-1.59457e-004,4.10895e-004,,,,,,
-2.72755e-004,3.68261e-004,,,,,,
-2.20386e-004,1.68688e-004,,,,,,
-1.22866e-004,1.12459e-004,,,,,,
-1.58785e-004,2.38849e-004,,,,,,
-2.85176e-004,1.98398e-004,,,,,,
-2.71748e-004,2.09812e-005,,,,,,
-1.63317e-004,-5.82437e-005,,,,,,
5.87472e-005,-8.40925e-005,,,,,,
2.48920e-004,-1.06249e-004,,,,,,
4.68803e-004,-2.44724e-004,,,,,,
4.69810e-004,-3.17739e-004,,,,,,
2.86519e-004,-2.21057e-004,,,,,,
9.58419e-005,-2.11490e-004,,,,,,
-1.38476e-004,-2.29786e-004,,,,,,
-3.55001e-004,-2.16526e-005,,,,,,
-3.58022e-004,2.99107e-004,,,,,,
-1.73053e-004,2.22400e-004,,,,,,
-1.09606e-004,4.41444e-005,,,,,,
-1.74731e-004,5.90829e-005,,,,,,
1.83627e-004,4.63264e-005,,,,,,
3.53994e-004,-3.87732e-005,,,,,,
3.16732e-004,-1.21019e-004,,,,,,
2.34485e-004,-1.43847e-004,,,,,,
5.58938e-005,-6.14328e-005,,,,,,
-4.68299e-005,-1.29244e-005,,,,,,
-2.21393e-004,-9.08064e-005,,,,,,
-4.56550e-004,-1.32433e-004,,,,,,
-3.99649e-004,2.46738e-005,,,,,,
-7.60357e-005,1.23369e-004,,,,,,
2.06958e-004,3.84375e-005,,,,,,
3.36706e-004,6.26078e-005,,,,,,
3.52148e-004,2.58488e-005,,,,,,
2.78462e-004,-2.70237e-005,,,,,,
5.20333e-005,-8.81209e-005,,,,,,
-2.24750e-004,5.58938e-005,,,,,,
-3.90249e-004,2.71748e-004,,,,,,
-3.75982e-004,3.63561e-004,,,,,,
-3.41909e-004,1.41833e-004,,,,,,
-2.00916e-004,9.23171e-005,,,,,,
4.53193e-006,1.40154e-004,,,,,,
2.36500e-004,-1.59457e-005,,,,,,
3.09346e-004,-7.95605e-005,,,,,,
2.03098e-004,-9.08064e-005,,,,,,
8.19104e-005,-1.23705e-004,,,,,,
6.14328e-005,-9.95346e-005,,,,,,
1.21355e-004,-4.88441e-005,,,,,,
3.43923e-004,-1.09102e-005,,,,,,
3.78836e-004,-3.44091e-005,,,,,,
1.24712e-004,1.84634e-006,,,,,,
-1.12627e-004,5.53903e-006,,,,,,
-1.14305e-004,-1.35790e-004,,,,,,
-6.96574e-005,-1.94034e-004,,,,,,
-2.35828e-004,-1.57610e-004,,,,,,
-1.96384e-004,-3.40734e-005,,,,,,
5.32082e-005,-5.03548e-007,,,,,,
1.74899e-004,-4.12909e-005,,,,,,
1.42840e-004,-6.49577e-005,,,,,,
-8.89601e-006,1.45357e-004,,,,,,
-1.61975e-004,1.95880e-004,,,,,,
-2.37507e-004,-8.69459e-005,,,,,,
-3.61547e-004,-7.67071e-005,,,,,,
-4.21973e-004,4.41444e-005,,,,,,
-3.33181e-004,1.07591e-004,,,,,,
-1.59457e-004,1.04906e-004,,,,,,
1.64492e-005,1.83291e-004,,,,,,
6.04257e-006,2.41367e-004,,,,,,
-6.37827e-006,-3.91089e-005,,,,,,
1.00206e-004,-2.76951e-004,,,,,,
2.41199e-004,-2.35660e-004,,,,,,
3.19753e-004,-5.28725e-005,,,,,,
2.00412e-004,2.73594e-005,,,,,,
3.35698e-005,1.52743e-005,,,,,,
-1.09941e-004,-4.07874e-005,,,,,,
-2.51270e-004,-4.21302e-005,,,,,,
-3.15724e-004,-5.38796e-005,,,,,,
-2.57313e-004,-9.38277e-005,,,,,,
-4.61585e-005,-1.02556e-004,,,,,,
4.61585e-005,-1.30755e-004,,,,,,
5.22011e-005,-5.99222e-005,,,,,,
8.57710e-005,7.28466e-005,,,,,,
8.84566e-005,8.64424e-005,,,,,,
1.23705e-004,1.02892e-004,,,,,,
1.78088e-004,1.01884e-004,,,,,,
1.39483e-004,9.44991e-005,,,,,,
4.81727e-005,-2.13169e-005,,,,,,
-8.56031e-006,-1.48043e-004,,,,,,
-4.59907e-005,-1.53246e-004,,,,,,
-5.85794e-005,-2.00244e-004,,,,,,
-3.30663e-005,-3.23278e-004,,,,,,
-1.44350e-005,8.39246e-007,,,,,,
8.71138e-005,4.24659e-004,,,,,,
1.50225e-004,5.32586e-004,,,,,,
8.57710e-005,2.81483e-004,,,,,,
-8.22461e-006,-7.13359e-005,,,,,,
-3.23949e-005,-9.53384e-005,,,,,,
-4.95155e-005,-7.20073e-005,,,,,,
-1.10948e-004,1.51064e-006,,,,,,
-1.25048e-004,-8.49317e-005,,,,,,
-8.77852e-005,-1.36461e-004,,,,,,
1.22530e-005,-2.61845e-005,,,,,,
1.33104e-004,-3.54162e-005,,,,,,
1.69360e-004,-1.35790e-004,,,,,,
1.02220e-004,-1.15145e-004,,,,,,
9.73526e-006,-1.77920e-005,,,,,,
-2.29953e-005,6.34470e-005,,,,,,
-4.51514e-005,-5.89151e-005,,,,,,
7.83856e-005,-1.70871e-004,,,,,,
1.11955e-004,-1.29076e-004,,,,,,
-2.34989e-005,5.70687e-006,,,,,,
-1.15312e-004,9.06386e-006,,,,,,
-6.26078e-005,-2.83665e-005,,,,,,
-1.96887e-004,-2.90379e-005,,,,,,
-3.97803e-004,-3.23949e-005,,,,,,
-3.72290e-004,-2.32975e-004,,,,,,
-1.30587e-004,-4.67460e-004,,,,,,
-6.88182e-006,-3.22438e-004,,,,,,
-5.82437e-005,-3.00450e-005,,,,,,
-3.94446e-005,1.06416e-004,,,,,,
-5.16976e-005,1.55596e-004,,,,,,
1.00710e-006,9.97024e-005,,,,,,
1.53582e-004,1.12627e-004,,,,,,
2.24750e-004,2.58320e-004,,,,,,
1.19677e-004,1.47539e-004,,,,,,
-5.87472e-005,-2.60166e-005,,,,,,
-1.42168e-004,-1.93027e-005,,,,,,
-5.20333e-005,2.19883e-005,,,,,,
-5.18654e-005,3.44259e-004,,,,,,
-8.14069e-005,4.45640e-004,,,,,,
-1.13970e-004,1.03563e-004,,,,,,
-1.98230e-004,-3.07164e-005,,,,,,
-2.18708e-004,-3.49126e-005,,,,,,
-2.36667e-005,-2.33310e-005,,,,,,
9.83597e-005,-5.87472e-006,,,,,,
1.50896e-004,4.19623e-005,,,,,,
2.00580e-004,8.44282e-005,,,,,,
1.63317e-004,6.56291e-005,,,,,,
1.14977e-004,-1.07759e-004,,,,,,
5.47189e-005,-1.56603e-004,,,,,,
3.30663e-005,-1.55596e-004,,,,,,
-5.38796e-005,-1.90509e-004,,,,,,
-9.04707e-005,-1.36461e-004,,,,,,
-4.17945e-005,-6.98253e-005,,,,,,
-3.20592e-005,-4.51514e-005,,,,,,
-3.94446e-005,-2.83665e-005,,,,,,
-4.11231e-005,-1.66171e-005,,,,,,
-1.32601e-005,-1.17494e-005,,,,,,
1.12459e-005,-1.56100e-005,,,,,,
3.97803e-005,-5.01869e-005,,,,,,
1.09270e-004,-7.46929e-005,,,,,,
8.74495e-005,-7.06645e-005,,,,,,
-5.70687e-006,-2.90379e-005,,,,,,
-4.86763e-005,2.40024e-005,,,,,,
-7.68750e-005,7.55322e-006,,,,,,
-7.93927e-005,-2.36667e-005,,,,,,
-8.45960e-005,1.04067e-005,,,,,,
-6.59647e-005,6.88182e-006,,,,,,
-1.01549e-004,-1.15816e-005,,,,,,
-1.49386e-004,-2.81987e-005,,,,,,
-1.46700e-004,-3.10521e-005,,,,,,
-9.48348e-005,-3.40734e-005,,,,,,
2.66880e-005,1.22530e-005,,,,,,
1.14641e-004,5.92508e-005,,,,,,
1.80102e-004,5.25368e-005,,,,,,
2.18372e-004,2.13169e-005,,,,,,
1.37469e-004,-1.72885e-005,,,,,,
1.89670e-005,-3.57519e-005,,,,,,
3.23949e-005,-2.31632e-005,,,,,,
2.80308e-005,-1.51064e-006,,,,,,
-4.53193e-005,1.15816e-005,,,,,,
-4.38087e-005,-1.84634e-006,,,,,,
-4.78370e-005,1.17494e-006,,,,,,
-3.47448e-005,5.08583e-005,,,,,,
-3.96124e-005,5.42153e-005,,,,,,
-6.79789e-005,2.03098e-005,,,,,,
-6.93217e-005,1.86313e-005,,,,,,
-5.22011e-005,2.98772e-005,,,,,,
9.90310e-006,4.86763e-005,,,,,,
1.11620e-004,4.24659e-005,,,,,,
1.33440e-004,1.32601e-005,,,,,,
1.49386e-004,-5.53903e-006,,,,,,
3.15557e-005,-2.60166e-005,,,,,,
-9.88632e-005,-3.79339e-005,,,,,,
-2.28946e-004,4.69978e-006,,,,,,
-3.48623e-004,5.79080e-005,,,,,,
-3.18746e-004,1.03899e-004,,,,,,
-1.61303e-004,9.29885e-005,,,,,,
-8.61067e-005,-6.88182e-006,,,,,,
-4.53193e-005,-7.55322e-006,,,,,,
-1.12459e-005,2.06455e-005,,,,,,
-1.62814e-005,3.37377e-005,,,,,,
-4.86763e-006,2.92058e-005,,,,,,
4.19623e-006,1.32601e-005,,,,,,
1.02388e-005,1.51064e-005,,,,,,
2.46738e-005,1.76242e-005,,,,,,
3.30663e-005,1.17494e-005,,,,,,
3.67590e-005,-7.55322e-006,,,,,,
2.93736e-005,-3.37377e-005,,,,,,
3.47448e-005,-4.11231e-005,,,,,,
4.21302e-005,-3.17235e-005,,,,,,
-2.04776e-005,1.91348e-005,,,,,,
-8.27497e-005,2.53452e-005,,,,,,
-5.11940e-005,-8.22461e-006,,,,,,
1.27565e-005,-3.13878e-005,,,,,,
5.05226e-005,-2.73594e-005,,,,,,
5.25368e-005,-1.32601e-005,,,,,,
4.28016e-005,5.42153e-005,,,,,,
2.60166e-005,5.43832e-005,,,,,,
3.99481e-005,1.05745e-005,,,,,,
6.41184e-005,-7.21752e-006,,,,,,
7.16716e-005,-4.19623e-006,,,,,,
3.60876e-005,1.82956e-005,,,,,,
4.69978e-006,3.81018e-005,,,,,,
-6.59647e-005,6.54612e-006,,,,,,
-1.19005e-004,1.56100e-005,,,,,,
-1.27733e-004,1.79599e-005,,,,,,
-1.12963e-004,1.51064e-005,,,,,,
-8.61067e-005,2.46738e-005,,,,,,
-6.59647e-005,2.40024e-005,,,,,,
-2.16526e-005,8.56031e-006,,,,,,
3.23949e-005,-2.51774e-006,,,,,,
4.41444e-005,1.93027e-005,,,,,,
4.12909e-005,1.84634e-006,,,,,,
1.69528e-005,-1.00710e-006,,,,,,
2.92058e-005,-2.19883e-005,,,,,,
4.69978e-005,-3.97803e-005,,,,,,
4.68299e-005,-1.17494e-006,,,,,,
1.59457e-005,3.02129e-005,,,,,,
1.67849e-007,3.37377e-005,,,,,,
2.45060e-005,2.63523e-005,,,,,,
3.13878e-005,-1.22530e-005,,,,,,
7.88891e-006,1.17494e-006,,,,,,
-1.76242e-005,9.39956e-006,,,,,,
-2.16526e-005,-4.31373e-005,,,,,,
-5.15297e-005,-2.29953e-005,,,,,,
-6.09293e-005,1.22530e-005,,,,,,
-3.91089e-005,3.91089e-005,,,,,,
-1.89670e-005,4.98512e-005,,,,,,
2.66880e-005,2.23239e-005,,,,,,
5.69009e-005,-4.86763e-006,,,,,,
5.28725e-005,-7.04967e-006,,,,,,
8.22461e-006,3.87732e-005,,,,,,
-3.55840e-005,2.65202e-005,,,,,,
-4.68299e-005,-1.96384e-005,,,,,,
-3.89410e-005,-2.93736e-005,,,,,,
-3.20592e-005,-2.09812e-005,,,,,,
-3.23949e-005,-2.90379e-005,,,,,,
-3.28984e-005,-3.40734e-005,,,,,,
-2.33310e-005,-3.10521e-005,,,,,,
-3.07164e-005,-1.52743e-005,,,,,,
-4.58228e-005,-1.98062e-005,,,,,,
-4.58228e-005,-6.61326e-005,,,,,,
-3.34020e-005,-8.76173e-005,,,,,,
-2.50095e-005,-7.16716e-005,,,,,,
-2.83665e-005,-2.36667e-005,,,,,,
-3.77661e-005,6.57969e-005,,,,,,
-4.58228e-005,1.68017e-004,,,,,,
-2.87022e-005,6.66362e-005,,,,,,
-1.51064e-006,-5.11940e-005,,,,,,
-4.53193e-006,-4.38087e-005,,,,,,
5.53903e-006,-8.94636e-005,,,,,,
1.79599e-005,-1.30083e-004,,,,,,
-1.14137e-005,-5.97543e-005,,,,,,
-1.30922e-005,-2.78630e-005,,,,,,
1.25887e-005,-9.41634e-005,,,,,,
1.42672e-005,-7.77142e-005,,,,,,
-2.70237e-005,7.87213e-005,,,,,,
-7.77142e-005,1.42000e-004,,,,,,
-1.15145e-004,8.71138e-005,,,,,,
-1.27062e-004,5.28725e-005,,,,,,
-1.03899e-004,3.64233e-005,,,,,,
-7.03288e-005,4.64942e-005,,,,,,
-5.42153e-005,4.59907e-005,,,,,,
-5.20333e-005,4.48157e-005,,,,,,
-4.41444e-005,-5.87472e-006,,,,,,
-2.26596e-005,-3.65911e-005,,,,,,
6.54612e-006,2.40024e-005,,,,,,
3.99481e-005,6.36149e-005,,,,,,
5.15297e-005,1.41833e-004,,,,,,
2.88701e-005,2.70741e-004,,,,,,
9.56741e-006,2.04608e-004,,,,,,
-6.54612e-006,-1.73053e-004,,,,,,
-6.21042e-006,-4.41108e-004,,,,,,
2.40024e-005,-2.90211e-004,,,,,,
3.87732e-005,8.89601e-005,,,,,,
2.93736e-005,1.66842e-004,,,,,,
2.66880e-005,-5.82437e-005,,,,,,
1.32601e-005,-1.97559e-004,,,,,,
-1.34279e-006,-1.50896e-004,,,,,,
2.87022e-005,-1.06584e-004,,,,,,
5.13619e-005,-9.66812e-005,,,,,,
6.49577e-005,-1.09270e-004,,,,,,
1.91348e-005,-8.00641e-005,,,,,,
-4.34730e-005,-2.58488e-005,,,,,,
-6.42863e-005,6.36149e-005,,,,,,
-4.63264e-005,1.48547e-004,,,,,,
-5.58938e-005,1.83291e-004,,,,,,
-9.51705e-005,1.63989e-004,,,,,,
-8.61067e-005,9.73526e-005,,,,,,
-4.76692e-005,4.11231e-005,,,,,,
-3.91089e-005,3.07164e-005,,,,,,
-3.86053e-005,1.32601e-005,,,,,,
-1.52743e-005,-6.21042e-006,,,,,,
-2.03098e-005,-2.85344e-006,,,,,,
-2.09812e-005,-1.56100e-005,,,,,,
1.98062e-005,9.56741e-006,,,,,,
4.02838e-005,6.88182e-006,,,,,,
2.28275e-005,-5.85794e-005,,,,,,
-2.43381e-005,-2.95415e-005,,,,,,
-2.56809e-005,3.67590e-005,,,,,,
3.67590e-005,4.34730e-005,,,,,,
5.95865e-005,6.26078e-005,,,,,,
6.17685e-005,1.56100e-005,,,,,,
6.88182e-005,-4.88441e-005,,,,,,
8.03998e-005,-7.21752e-006,,,,,,
2.93736e-005,-3.70947e-005,,,,,,
-5.43832e-005,-4.53193e-005,,,,,,
-1.00206e-004,-3.52483e-006,,,,,,
-6.52934e-005,-1.69528e-005,,,,,,
4.31373e-005,-5.42153e-005,,,,,,
1.07759e-004,-9.83597e-005,,,,,,
5.22011e-005,-1.16655e-004,,,,,,
-1.17494e-006,-6.59647e-005,,,,,,
-3.32342e-005,-3.69268e-006,,,,,,
-8.02319e-005,-2.26596e-005,,,,,,
-1.20348e-004,-4.98512e-005,,,,,,
-1.17662e-004,1.10781e-005,,,,,,
-1.00877e-004,1.03731e-004,,,,,,
-6.74754e-005,1.19844e-004,,,,,,
-3.79339e-005,5.22011e-005,,,,,,
-3.50805e-005,1.82956e-005,,,,,,
-5.52224e-005,-2.74098e-004,,,,,,
-6.66362e-005,-3.74807e-004,,,,,,
-8.57710e-005,1.46029e-005,,,,,,
-7.40215e-005,2.91890e-004,,,,,,
-7.20073e-005,3.14717e-004,,,,,,
-4.04517e-005,1.89166e-004,,,,,,
9.73526e-006,9.90310e-006,,,,,,
5.33761e-005,-1.22026e-004,,,,,,
9.81918e-005,-1.31929e-004,,,,,,
1.09773e-004,-7.13359e-005,,,,,,
1.03899e-004,-9.14778e-005,,,,,,
1.12627e-004,-1.31426e-004,,,,,,
9.38277e-005,-1.25719e-004,,,,,,
4.43122e-005,-9.70169e-005,,,,,,
-3.86053e-006,-5.48867e-005,,,,,,
-6.02579e-005,-1.09102e-005,,,,,,
-8.96315e-005,5.20333e-006,,,,,,
-9.34920e-005,3.17235e-005,,,,,,
-9.98703e-005,6.29435e-005,,,,,,
-1.08934e-004,1.32097e-004,,,,,,
-9.18135e-005,1.46197e-004,,,,,,
-9.97024e-005,1.07927e-004,,,,,,
-1.11116e-004,1.11955e-004,,,,,,
-5.25368e-005,8.74495e-005,,,,,,
-2.34989e-006,1.09102e-005,,,,,,
-8.89601e-006,-4.95155e-005,,,,,,
-2.53452e-005,-3.44091e-005,,,,,,
-1.17494e-005,-5.92508e-005,,,,,,
3.34020e-005,-6.49577e-005,,,,,,
3.40734e-005,-7.43572e-005,,,,,,
9.39956e-006,-7.87213e-005,,,,,,
1.94705e-005,-3.97803e-005,,,,,,
2.93736e-005,8.39246e-006,,,,,,
3.13878e-005,4.33051e-005,,,,,,
4.68299e-005,-1.12459e-005,,,,,,
5.40475e-005,-1.07927e-004,,,,,,
1.66171e-005,-6.86503e-005,,,,,,
-3.52483e-006,9.90310e-006,,,,,,
-2.36667e-005,5.13619e-005,,,,,,
-1.94705e-005,5.05226e-005,,,,,,
-1.46029e-005,3.67590e-005,,,,,,
-2.70237e-005,8.62745e-005,,,,,,
-1.19173e-005,1.55932e-004,,,,,,
2.29953e-005,1.42840e-004,,,,,,
2.50095e-005,1.81277e-005,,,,,,
1.15816e-005,-2.90379e-005,,,,,,
-1.89670e-005,-1.02388e-005,,,,,,
-5.45510e-005,-3.47448e-005,,,,,,
-5.32082e-005,-4.01160e-005,,,,,,
-3.13878e-005,-6.09293e-005,,,,,,
-3.37377e-005,-6.71397e-005,,,,,,
-4.01160e-005,-2.83665e-005,,,,,,
-1.39315e-005,-1.51064e-005,,,,,,
-1.19173e-005,-1.05745e-005,,,,,,
-4.01160e-005,-2.29953e-005,,,,,,
-3.40734e-005,-4.64942e-005,,,,,,
-1.67849e-007,-8.22461e-005,,,,,,
3.02129e-006,-8.94636e-005,,,,,,
-1.12459e-005,-4.85084e-005,,,,,,
-2.36667e-005,7.88891e-006,,,,,,
-1.71206e-005,2.26596e-005,,,,,,
-7.55322e-006,3.77661e-005,,,,,,
7.04967e-006,1.45525e-004,,,,,,
4.04517e-005,2.17365e-004,,,,,,
4.14588e-005,1.14977e-004,,,,,,
7.55322e-006,2.11490e-005,,,,,,
-2.63523e-005,-2.93736e-005,,,,,,
-4.78370e-005,-5.25368e-005,,,,,,
-7.77142e-005,-4.12909e-005,,,,,,
-9.01350e-005,-7.55322e-006,,,,,,
-5.45510e-005,-1.71206e-005,,,,,,
-3.77661e-005,-9.23171e-006,,,,,,
-3.84375e-005,-9.56741e-006,,,,,,
-3.20592e-005,-1.04067e-005,,,,,,
-1.66171e-005,-4.69978e-005,,,,,,
-2.23239e-005,-7.75463e-005,,,,,,
9.06386e-006,-9.01350e-005,,,,,,
7.01610e-005,-1.13466e-004,,,,,,
8.40925e-005,-1.33440e-004,,,,,,
4.07874e-005,-8.67781e-005,,,,,,
1.84634e-006,3.47448e-005,,,,,,
8.05676e-006,1.11284e-004,,,,,,
-3.30663e-005,1.59289e-004,,,,,,
-1.16320e-004,1.12291e-004,,,,,,
-1.49889e-004,3.20592e-005,,,,,,
-1.48547e-004,1.67849e-007,,,,,,
-5.97543e-005,-5.58938e-005,,,,,,
9.23171e-006,-5.69009e-005,,,,,,
6.71397e-007,4.78370e-005,,,,,,
2.40024e-005,3.27306e-005,,,,,,
4.88441e-005,-1.04067e-005,,,,,,
4.22980e-005,-3.10521e-005,,,,,,
-4.36408e-006,-3.57519e-005,,,,,,
-4.64942e-005,-4.07874e-005,,,,,,
-4.34730e-005,-6.86503e-005,,,,,,
-2.46738e-005,-7.26787e-005,,,,,,
7.77142e-005,-5.57259e-005,,,,,,
1.15648e-004,-7.21752e-006,,,,,,
5.79080e-005,-2.85344e-006,,,,,,
1.64492e-005,-3.44091e-005,,,,,,
-2.29953e-005,2.29953e-005,,,,,,
-4.59907e-005,8.17426e-005,,,,,,
-7.60357e-005,5.40475e-005,,,,,,
-6.52934e-005,4.44800e-005,,,,,,
-5.28725e-005,-6.88182e-006,,,,,,
-6.69719e-005,-3.69268e-005,,,,,,
-6.93217e-005,-5.06905e-005,,,,,,
-4.12909e-005,-5.99222e-005,,,,,,
1.09102e-005,-7.06645e-005,,,,,,
3.91089e-005,-5.25368e-005,,,,,,
5.60616e-005,2.51774e-006,,,,,,
5.25368e-005,5.20333e-005,,,,,,
2.92058e-005,8.89601e-006,,,,,,
6.71397e-006,-6.09293e-005,,,,,,
-1.22530e-005,-6.73075e-005,,,,,,
3.86053e-006,-1.56100e-005,,,,,,
9.06386e-006,1.77920e-005,,,,,,
-3.20592e-005,6.66362e-005,,,,,,
-6.12650e-005,7.43572e-005,,,,,,
-5.45510e-005,3.45769e-005,,,,,,
-5.55581e-005,1.62814e-005,,,,,,
-2.90379e-005,-7.72107e-006,,,,,,
-2.93736e-005,-3.81018e-005,,,,,,
-4.39765e-005,-4.91798e-005,,,,,,
-3.81018e-005,-6.42863e-005,,,,,,
-3.39055e-005,-7.77142e-005,,,,,,
-2.56809e-005,-7.26787e-005,,,,,,
-4.86763e-006,-8.87923e-005,,,,,,
1.42672e-005,-1.31090e-004,,,,,,
1.72885e-005,-1.43511e-004,,,,,,
2.09812e-005,-1.23201e-004,,,,,,
1.96384e-005,-1.05241e-004,,,,,,
-4.53193e-006,-8.62745e-005,,,,,,
-2.06455e-005,-2.11490e-005,,,,,,
7.21752e-006,8.39246e-006,,,,,,
1.96384e-005,-1.91348e-005,,,,,,
4.21302e-005,-5.95865e-005,,,,,,
8.56031e-005,-8.54353e-005,,,,,,
1.02388e-004,-7.36858e-005,,,,,,
7.83856e-005,-6.46220e-005,,,,,,
-6.69719e-005,-5.08583e-005,,,,,,
-1.61975e-004,-2.63523e-005,,,,,,
-1.64324e-004,-1.12459e-005,,,,,,
-1.28405e-004,-6.88182e-006,,,,,,
-8.49317e-005,1.35958e-005,,,,,,
-5.32082e-005,7.43572e-005,,,,,,
-2.33310e-005,1.11620e-004,,,,,,
-1.22530e-005,6.73075e-005,,,,,,
-1.84634e-006,4.95155e-005,,,,,,
-9.23171e-006,5.18654e-005,,,,,,
-1.56100e-005,3.42412e-005,,,,,,
-1.99741e-005,1.32601e-005,,,,,,
-2.90379e-005,5.37118e-006,,,,,,
-3.27306e-005,-1.00710e-006,,,,,,
-3.32342e-005,-1.17494e-006,,,,,,
-1.51064e-005,4.19623e-006,,,,,,
1.66171e-005,7.88891e-006,,,,,,
1.56100e-005,7.38537e-006,,,,,,
2.68559e-006,2.03098e-005,,,,,,
1.15816e-005,2.97093e-005,,,,,,
9.90310e-006,3.59197e-005,,,,,,
1.12459e-005,4.41444e-005,,,,,,
2.51774e-006,5.38796e-005,,,,,,
-2.50095e-005,5.28725e-005,,,,,,
-5.55581e-005,4.83406e-005,,,,,,
-5.40475e-005,5.01869e-005,,,,,,
-1.05745e-005,4.33051e-005,,,,,,
1.57778e-005,3.81018e-005,,,,,,
2.23239e-005,4.31373e-005,,,,,,
7.04967e-006,5.08583e-005,,,,,,
-1.29244e-005,4.93477e-005,,,,,,
-2.90379e-005,3.81018e-005,,,,,,
-4.31373e-005,3.60876e-005,,,,,,
-3.74304e-005,3.42412e-005,,,,,,
-2.93736e-005,3.45769e-005,,,,,,
-2.09812e-005,3.10521e-005,,,,,,
-2.85344e-006,2.29953e-005,,,,,,
2.11490e-005,2.73594e-005,,,,,,
4.59907e-005,3.57519e-005,,,,,,
4.02838e-005,2.65202e-005,,,,,,
2.23239e-005,2.26596e-005,,,,,,
-3.35698e-007,2.66880e-005,,,,,,
-1.84634e-005,2.45060e-005,,,,,,
-3.00450e-005,2.19883e-005,,,,,,
-3.40734e-005,3.10521e-005,,,,,,
-3.28984e-005,3.60876e-005,,,,,,
-2.56809e-005,4.24659e-005,,,,,,
-1.59457e-005,1.84634e-005,,,,,,
-1.46029e-005,-7.38537e-006,,,,,,
-1.52743e-005,-1.20851e-005,,,,,,
-1.30922e-005,-9.23171e-006,,,,,,
-1.25887e-005,-5.53903e-006,,,,,,
-2.21561e-005,-4.36408e-006,,,,,,
-2.66880e-005,-2.18204e-006,,,,,,
-2.38346e-005,-5.87472e-006,,,,,,
-2.03098e-005,-1.05745e-005,,,,,,
-1.86313e-005,-4.53193e-006,,,,,,
-1.22530e-005,-3.52483e-006,,,,,,
-7.21752e-006,-8.22461e-006,,,,,,
-7.55322e-006,-1.05745e-005,,,,,,
-1.67849e-007,-2.34989e-006,,,,,,
-3.86053e-006,-2.01419e-006,,,,,,
1.67849e-007,-4.69978e-006,,,,,,
1.64492e-005,-4.53193e-006,,,,,,
-2.18204e-006,-1.05745e-005,,,,,,
-3.55840e-005,-1.61135e-005,,,,,,
-4.61585e-005,-1.17494e-006,,,,,,
-3.60876e-005,-1.81277e-005,,,,,,
-2.33310e-005,-3.23949e-005,,,,,,
-3.40734e-005,-2.73594e-005,,,,,,
-3.20592e-005,-1.27565e-005,,,,,,
-1.27565e-005,-5.03548e-007,,,,,,
1.00710e-006,-1.66171e-005,,,,,,
3.77661e-005,-3.52483e-006,,,,,,
6.09293e-005,-9.56741e-006,,,,,,
6.12650e-005,6.88182e-006,,,,,,
6.02579e-005,1.20851e-005,,,,,,
2.21561e-005,-6.54612e-006,,,,,,
-3.91089e-005,-1.42672e-005,,,,,,
-4.44800e-005,-1.14137e-005,,,,,,
3.20592e-005,1.39315e-005,,,,,,
1.06584e-004,7.55322e-006,,,,,,
1.31426e-004,7.88891e-006,,,,,,
3.87732e-005,5.87472e-006,,,,,,
-9.55062e-005,-2.11490e-005,,,,,,
-1.92859e-004,-3.28984e-005,,,,,,
-2.47074e-004,2.34989e-006,,,,,,
-1.89837e-004,5.79080e-005,,,,,,
-9.75204e-005,8.42603e-005,,,,,,
-9.56741e-006,6.42863e-005,,,,,,
8.24140e-005,4.22980e-005,,,,,,
1.09773e-004,1.56100e-005,,,,,,
2.58488e-005,-2.29953e-005,,,,,,
-3.27306e-005,-7.82177e-005,,,,,,
-5.87472e-006,-8.87923e-005,,,,,,
-1.02388e-005,-3.70947e-005,,,,,,
-9.44991e-005,-1.52743e-005,,,,,,
-2.35492e-004,4.86763e-006,,,,,,
-2.81315e-004,1.46029e-005,,,,,,
-1.90845e-004,-3.84375e-005,,,,,,
-1.71206e-005,-2.50095e-005,,,,,,
2.09644e-004,5.47189e-005,,,,,,
3.63394e-004,4.64942e-005,,,,,,
3.08675e-004,1.58282e-004,,,,,,
1.60967e-004,1.72885e-004,,,,,,
-3.34020e-005,8.71138e-005,,,,,,
-2.35492e-004,1.00710e-004,,,,,,
-3.57351e-004,1.25887e-004,,,,,,
-3.99146e-004,2.56809e-005,,,,,,
-2.33143e-004,-2.26429e-004,,,,,,
1.20012e-004,-2.72923e-004,,,,,,
3.83536e-004,-9.14778e-005,,,,,,
4.00992e-004,6.54612e-006,,,,,,
2.28779e-004,5.89151e-005,,,,,,
-1.25048e-004,5.92508e-005,,,,,,
-4.17273e-004,1.19173e-005,,,,,,
-4.16266e-004,-1.67849e-006,,,,,,
-3.50973e-004,1.38476e-004,,,,,,
-2.49256e-004,2.31632e-005,,,,,,
-1.96384e-005,2.33310e-005,,,,,,
5.24529e-004,2.81819e-004,,,,,,
8.56535e-004,3.19753e-004,,,,,,
7.32830e-004,-2.45060e-005,,,,,,
5.42992e-004,-1.63989e-004,,,,,,
3.14046e-004,-1.40826e-004,,,,,,
-1.07591e-004,-1.57275e-004,,,,,,
-6.98253e-004,-2.02258e-004,,,,,,
-1.09975e-003,-2.30289e-004,,,,,,
-9.60937e-004,-1.72381e-004,,,,,,
-5.26543e-004,-1.37804e-004,,,,,,
-1.66842e-004,-1.69528e-005,,,,,,
2.05280e-004,2.07294e-004,,,,,,
4.43626e-004,1.99237e-004,,,,,,
4.44633e-004,7.55322e-005,,,,,,
3.05653e-004,2.23407e-004,,,,,,
3.54162e-005,2.07965e-004,,,,,,
-2.43214e-004,3.67590e-005,,,,,,
-3.63561e-004,-1.21691e-004,,,,,,
-3.55840e-004,-2.09812e-005,,,,,,
-3.76318e-004,2.31800e-004,,,,,,
-2.25757e-004,1.73220e-004,,,,,,
8.71138e-005,1.05745e-005,,,,,,
2.22736e-004,3.35698e-007,,,,,,
1.59960e-004,1.40993e-005,,,,,,
8.40925e-005,-1.01884e-004,,,,,,
5.08583e-005,-6.57969e-005,,,,,,
-1.24208e-005,7.55322e-006,,,,,,
-8.10712e-005,-3.18914e-005,,,,,,
4.02838e-006,-2.28779e-004,,,,,,
1.37972e-004,-2.65034e-004,,,,,,
1.73724e-004,-7.57000e-005,,,,,,
1.65667e-004,-1.47539e-004,,,,,,
2.87526e-004,-1.83795e-004,,,,,,
3.65072e-004,-1.04906e-004,,,,,,
2.69062e-004,-4.98512e-005,,,,,,
2.41535e-004,-1.29244e-005,,,,,,
1.62310e-004,-9.78561e-005,,,,,,
-1.50561e-004,-1.23369e-004,,,,,,
-2.37842e-004,5.22011e-005,,,,,,
-1.12291e-004,1.21691e-004,,,,,,
1.00710e-005,-9.88632e-005,,,,,,
2.36667e-005,-2.97093e-004,,,,,,
-6.99931e-005,-1.25719e-004,,,,,,
-8.20783e-005,2.72084e-004,,,,,,
-1.89502e-004,2.59327e-004,,,,,,
-2.90211e-004,1.08263e-004,,,,,,
-1.32433e-004,1.68688e-004,,,,,,
-5.92508e-005,2.04776e-005,,,,,,
-3.64233e-005,-1.90845e-004,,,,,,
2.13336e-004,-1.91180e-004,,,,,,
5.78576e-004,1.46029e-005,,,,,,
5.46014e-004,1.41497e-004,,,,,,
2.04944e-004,1.32601e-004,,,,,,
-9.44991e-005,-2.65202e-005,,,,,,
-3.50469e-004,-3.40734e-005,,,,,,
-5.06569e-004,5.45510e-005,,,,,,
-5.25200e-004,5.35439e-005,,,,,,
-5.07073e-004,6.84825e-005,,,,,,
-4.46479e-004,2.11490e-005,,,,,,
-2.91051e-004,1.86313e-005,,,,,,
-1.22530e-004,1.18669e-004,,,,,,
-2.08133e-005,9.75204e-005,,,,,,
1.18669e-004,5.52224e-005,,,,,,
2.08972e-004,1.07927e-004,,,,,,
2.30121e-004,1.75402e-004,,,,,,
1.56939e-004,1.54253e-004,,,,,,
-1.56100e-005,3.17235e-005,,,,,,
-1.17662e-004,-7.16716e-005,,,,,,
7.04967e-006,-2.51942e-004,,,,,,
8.97993e-005,-2.73930e-004,,,,,,
5.01869e-005,-2.10987e-004,,,,,,
-2.50095e-005,-2.60166e-004,,,,,,
9.61776e-005,-2.09644e-004,,,,,,
3.65408e-004,-1.89502e-004,,,,,,
3.18914e-004,-3.66079e-004,,,,,,
9.76883e-005,-3.16396e-004,,,,,,
3.82696e-005,7.73785e-005,,,,,,
-1.96384e-005,2.46738e-004,,,,,,
-2.35157e-004,2.97932e-004,,,,,,
-3.29824e-004,3.11360e-004,,,,,,
1.34783e-004,3.63729e-004,,,,,,
4.27176e-004,3.05989e-004,,,,,,
2.85344e-004,5.58938e-005,,,,,,
7.03288e-005,-4.85084e-005,,,,,,
-2.73091e-004,1.59457e-005,,,,,,
-5.38628e-004,-5.53903e-006,,,,,,
-5.92508e-004,-1.88830e-004,,,,,,
-4.36576e-004,-2.82658e-004,,,,,,
-1.23537e-004,-4.69978e-005,,,,,,
2.49928e-004,5.89151e-005,,,,,,
4.16770e-004,1.15312e-004,,,,,,
3.73968e-004,2.00916e-004,,,,,,
1.87320e-004,6.86503e-005,,,,,,
-2.59495e-004,-5.90829e-005,,,,,,
-4.42618e-004,-2.62684e-004,,,,,,
-2.84840e-004,-2.72084e-004,,,,,,
-1.87488e-004,-1.38476e-004,,,,,,
-1.64660e-004,3.92767e-005,,,,,,
-4.17945e-005,1.98062e-004,,,,,,
6.29435e-005,1.70367e-004,,,,,,
1.07591e-004,2.66880e-005,,,,,,
1.39818e-004,-8.30854e-005,,,,,,
1.55596e-004,-1.47707e-005,,,,,,
1.63317e-004,2.70237e-005,,,,,,
1.39483e-004,-9.73526e-006,,,,,,
5.22011e-005,4.53193e-006,,,,,,
-2.73594e-005,-3.74304e-005,,,,,,
-3.86053e-006,-1.79431e-004,,,,,,
-4.31373e-005,2.85344e-006,,,,,,
-1.03059e-004,7.15038e-005,,,,,,
-7.82177e-005,-9.04707e-005,,,,,,
-1.67849e-007,-1.44183e-004,,,,,,
2.13169e-005,-1.79431e-004,,,,,,
9.31563e-005,-1.60967e-004,,,,,,
2.15351e-004,-1.14473e-004,,,,,,
1.97894e-004,-9.08064e-005,,,,,,
9.85275e-005,-4.61585e-005,,,,,,
4.14588e-005,1.84634e-006,,,,,,
-2.18204e-006,1.42672e-005,,,,,,
-7.28466e-005,2.51774e-006,,,,,,
-1.40154e-004,2.01419e-006,,,,,,
-1.46029e-004,-2.31632e-005,,,,,,
-1.00542e-004,-4.85084e-005,,,,,,
-6.88182e-005,-2.46738e-005,,,,,,
-5.42153e-005,-6.29435e-005,,,,,,
6.52934e-005,-8.24140e-005,,,,,,
1.14641e-004,2.65202e-005,,,,,,
4.36408e-005,1.22362e-004,,,,,,
6.71397e-007,9.21492e-005,,,,,,
-1.12459e-005,1.77920e-005,,,,,,
1.18837e-004,-7.67071e-005,,,,,,
3.30495e-004,-1.33944e-004,,,,,,
3.23949e-004,-1.05074e-004,,,,,,
1.50561e-004,-8.67781e-005,,,,,,
2.11490e-005,6.54612e-006,,,,,,
-1.55596e-004,9.29885e-005,,,,,,
-3.88403e-004,7.93927e-005,,,,,,
-3.68765e-004,1.08598e-004,,,,,,
-2.60670e-004,6.09293e-005,,,,,,
-2.89540e-004,1.05913e-004,,,,,,
-2.22568e-004,1.49554e-004,,,,,,
-8.57710e-005,2.17365e-004,,,,,,
1.71206e-005,1.85306e-004,,,,,,
5.95865e-005,6.10971e-005,,,,,,
4.54871e-005,3.59197e-005,,,,,,
-9.48348e-005,-3.02129e-006,,,,,,
-2.36500e-004,-1.87823e-004,,,,,,
-2.32639e-004,-1.75235e-004,,,,,,
-1.10277e-004,-5.65652e-005,,,,,,
9.90310e-006,-8.22461e-006,,,,,,
2.73426e-004,-1.94705e-005,,,,,,
3.85214e-004,-6.21042e-006,,,,,,
1.69528e-004,-9.23171e-006,,,,,,
-5.20333e-006,-1.69528e-005,,,,,,
-6.54612e-005,2.90379e-005,,,,,,
-1.72381e-004,4.53193e-006,,,,,,
-2.12329e-004,-1.51064e-005,,,,,,
-1.52743e-005,2.51774e-006,,,,,,
4.81727e-005,-2.09812e-005,,,,,,
6.56291e-005,-7.38537e-005,,,,,,
7.30144e-005,-1.17327e-004,,,,,,
4.09552e-005,-1.25048e-004,,,,,,
-5.55581e-005,-7.46929e-005,,,,,,
-1.11788e-004,-3.60876e-005,,,,,,
-1.31426e-004,-4.04517e-005,,,,,,
-9.68490e-005,3.52483e-006,,,,,,
-1.68185e-004,2.12329e-004,,,,,,
-2.56306e-004,2.02426e-004,,,,,,
-1.67681e-004,1.09941e-004,,,,,,
-2.28275e-005,1.44854e-004,,,,,,
8.47639e-005,1.40826e-004,,,,,,
8.77852e-005,5.94186e-005,,,,,,
1.37636e-005,-3.05486e-005,,,,,,
4.39765e-005,-5.94186e-005,,,,,,
1.21355e-004,-3.55840e-005,,,,,,
1.45190e-004,-1.37636e-005,,,,,,
1.49218e-004,-1.27565e-005,,,,,,
1.40826e-004,1.17494e-006,,,,,,
2.17700e-004,8.22461e-006,,,,,,
2.69398e-004,-3.18914e-006,,,,,,
1.68521e-004,-4.86763e-006,,,,,,
1.02220e-004,-1.79599e-005,,,,,,
7.72107e-006,-5.65652e-005,,,,,,
-2.00244e-004,-1.30922e-004,,,,,,
-3.60037e-004,-2.31128e-004,,,,,,
-3.03136e-004,-1.98062e-004,,,,,,
-1.74060e-004,-2.24918e-005,,,,,,
-1.30587e-004,7.93927e-005,,,,,,
-7.85534e-005,8.45960e-005,,,,,,
3.87732e-005,7.53643e-005,,,,,,
6.76432e-005,4.48157e-005,,,,,,
1.94705e-005,6.21042e-006,,,,,,
-1.37636e-005,-2.85344e-006,,,,,,
-6.78111e-005,-8.89601e-006,,,,,,
-1.22194e-004,8.56031e-006,,,,,,
-9.88632e-005,2.04776e-005,,,,,,
-3.67590e-005,1.69528e-005,,,,,,
-1.77920e-005,2.50095e-005,,,,,,
-1.84634e-005,2.11490e-005,,,,,,
-5.27047e-005,-1.39315e-005,,,,,,
-9.36599e-005,-3.59197e-005,,,,,,
-7.95605e-005,9.23171e-006,,,,,,
-2.03098e-005,1.12459e-005,,,,,,
7.06645e-005,-3.30663e-005,,,,,,
1.50057e-004,-4.51514e-005,,,,,,
1.40826e-004,-5.35439e-005,,,,,,
9.80240e-005,-8.89601e-006,,,,,,
6.89860e-005,4.88441e-005,,,,,,
3.67590e-005,5.27047e-005,,,,,,
1.69528e-005,3.27306e-005,,,,,,
9.56741e-006,1.79599e-005,,,,,,
8.39246e-007,-9.90310e-006,,,,,,
-1.51064e-006,-2.38346e-005,,,,,,
-1.99741e-005,-8.39246e-007,,,,,,
-4.68299e-005,-1.99741e-005,,,,,,
-4.16266e-005,-2.83665e-005,,,,,,
-1.62814e-005,-9.90310e-006,,,,,,
4.86763e-006,-2.09812e-005,,,,,,
2.51774e-006,-4.04517e-005,,,,,,
-1.42672e-005,-3.34020e-005,,,,,,
-1.46029e-005,-1.62814e-005,,,,,,
-8.87923e-005,-3.35698e-007,,,,,,
-1.30419e-004,4.14588e-005,,,,,,
-1.09102e-005,9.06386e-006,,,,,,
5.79080e-005,-4.44800e-005,,,,,,
8.64424e-005,-2.97093e-005,,,,,,
5.75723e-005,-3.86053e-006,,,,,,
-1.29244e-005,-2.98772e-005,,,,,,
-4.38087e-005,-2.18204e-006,,,,,,
-8.99672e-005,4.01160e-005,,,,,,
-4.46479e-005,9.23171e-006,,,,,,
-2.36667e-005,5.53903e-006,,,,,,
-1.02388e-005,7.55322e-005,,,,,,
-4.69978e-006,4.75013e-005,,,,,,
-4.66621e-005,-2.46738e-005,,,,,,
-4.44800e-005,8.39246e-007,,,,,,
-9.95346e-005,1.79599e-005,,,,,,
-9.93667e-005,8.89601e-006,,,,,,
-5.72366e-005,1.51064e-005,,,,,,
-3.72625e-005,1.52743e-005,,,,,,
-2.06455e-005,2.24918e-005,,,,,,
-9.90310e-006,3.62554e-005,,,,,,
-8.56031e-006,1.99741e-005,,,,,,
-1.98062e-005,-1.56100e-005,,,,,,
-1.96384e-005,-5.05226e-005,,,,,,
-1.02388e-005,-4.31373e-005,,,,,,
1.15816e-005,-2.18204e-006,,,,,,
2.21561e-005,4.53193e-006,,,,,,
1.59457e-005,-3.18914e-006,,,,,,
9.73526e-006,9.23171e-006,,,,,,
-1.32601e-005,9.90310e-006,,,,,,
-4.59907e-005,3.20592e-005,,,,,,
-2.43381e-005,4.17945e-005,,,,,,
1.19173e-005,1.46029e-005,,,,,,
3.20592e-005,-6.04257e-006,,,,,,
3.96124e-005,-1.76242e-005,,,,,,
2.26596e-005,6.54612e-006,,,,,,
-1.02388e-005,2.90379e-005,,,,,,
-2.11490e-005,9.06386e-006,,,,,,
-1.09102e-005,-1.29244e-005,,,,,,
-2.18204e-006,-1.84634e-006,,,,,,
5.03548e-006,3.12200e-005,,,,,,
9.90310e-006,7.21752e-006,,,,,,
9.73526e-006,4.86763e-006,,,,,,
9.23171e-006,2.29953e-005,,,,,,
1.84634e-006,1.79599e-005,,,,,,
-2.34989e-006,-1.10781e-005,,,,,,
3.69268e-006,-3.65911e-005,,,,,,
1.84634e-006,-4.12909e-005,,,,,,
-1.49386e-005,8.56031e-006,,,,,,
-2.04776e-005,4.21302e-005,,,,,,
-2.56809e-005,2.88701e-005,,,,,,
-3.07164e-005,5.87472e-006,,,,,,
-3.50805e-005,-2.50095e-005,,,,,,
-4.24659e-005,-4.24659e-005,,,,,,
-5.72366e-005,-2.36667e-005,,,,,,
-6.76432e-005,4.86763e-006,,,,,,
-6.88182e-005,1.82956e-005,,,,,,
-6.21042e-005,-6.21042e-006,,,,,,
-6.99931e-005,-2.92058e-005,,,,,,
-7.13359e-005,-1.91348e-005,,,,,,
-5.13619e-005,-2.51774e-006,,,,,,
-2.63523e-005,1.84634e-006,,,,,,
-3.69268e-006,4.41444e-005,,,,,,
-6.04257e-006,6.19364e-005,,,,,,
-1.66171e-005,-1.91348e-005,,,,,,
-1.15816e-005,-4.31373e-005,,,,,,
2.18204e-006,-1.51064e-006,,,,,,
7.55322e-006,5.03548e-007,,,,,,
3.02129e-006,-2.90379e-005,,,,,,
1.67849e-005,-4.68299e-005,,,,,,
4.66621e-005,-6.79789e-005,,,,,,
6.51255e-005,-5.62295e-005,,,,,,
5.85794e-005,-3.87732e-005,,,,,,
1.82956e-005,-6.21042e-006,,,,,,
-2.34989e-005,5.06905e-005,,,,,,
-4.44800e-005,-1.37636e-005,,,,,,
-4.22980e-005,9.90310e-006,,,,,,
-5.57259e-005,9.98703e-005,,,,,,
-7.57000e-005,8.67781e-005,,,,,,
-8.17426e-005,3.34020e-005,,,,,,
-6.91539e-005,3.86053e-006,,,,,,
-2.46738e-005,-2.98772e-005,,,,,,
9.23171e-006,-3.87732e-005,,,,,,
-8.39246e-007,6.88182e-006,,,,,,
-1.07424e-005,1.12459e-005,,,,,,
-1.44350e-005,-1.29244e-005,,,,,,
-8.56031e-006,-5.70687e-005,,,,,,
6.54612e-006,-3.22271e-005,,,,,,
2.60166e-005,3.13878e-005,,,,,,
6.79789e-005,1.19173e-005,,,,,,
1.09606e-004,-2.24918e-005,,,,,,
1.03227e-004,-5.11940e-005,,,,,,
5.87472e-005,-6.68040e-005,,,,,,
2.56809e-005,-3.84375e-005,,,,,,
1.84634e-006,-3.39055e-005,,,,,,
-5.11940e-005,-1.51064e-006,,,,,,
-1.49554e-004,3.23949e-005,,,,,,
-2.39185e-004,5.48867e-005,,,,,,
-2.14847e-004,5.95865e-005,,,,,,
-9.58419e-005,5.92508e-005,,,,,,
-1.09102e-005,8.89601e-005,,,,,,
3.86053e-006,9.11421e-005,,,,,,
-5.87472e-006,1.06584e-004,,,,,,
-1.86313e-005,5.87472e-005,,,,,,
-9.56741e-006,-3.10521e-005,,,,,,
1.00710e-006,-6.79789e-005,,,,,,
-8.72816e-006,-1.39315e-005,,,,,,
-7.55322e-006,-1.02388e-005,,,,,,
1.12459e-005,-1.53246e-004,,,,,,
6.52934e-005,-1.56603e-004,,,,,,
8.66102e-005,1.12291e-004,,,,,,
5.82437e-005,2.62348e-004,,,,,,
3.34020e-005,2.11994e-004,,,,,,
3.27306e-005,6.42863e-005,,,,,,
4.02838e-006,4.71656e-005,,,,,,
-8.39246e-007,-1.67849e-007,,,,,,
3.10521e-005,-1.94369e-004,,,,,,
6.59647e-005,-2.11658e-004,,,,,,
9.48348e-005,-1.85473e-004,,,,,,
5.25368e-005,-1.72213e-004,,,,,,
-1.82956e-005,-9.55062e-005,,,,,,
-4.98512e-005,-4.75013e-005,,,,,,
-5.57259e-005,-4.61585e-005,,,,,,
-6.74754e-005,-3.57519e-005,,,,,,
-1.00877e-004,-5.20333e-005,,,,,,
-1.23537e-004,-5.16976e-005,,,,,,
-1.21187e-004,-9.90310e-006,,,,,,
-8.34211e-005,8.56031e-006,,,,,,
-2.66880e-005,6.63004e-005,,,,,,
-1.67849e-007,1.14473e-004,,,,,,
-4.86763e-006,4.31373e-005,,,,,,
-9.73526e-006,-1.62814e-004,,,,,,
-2.53452e-005,-1.57946e-004,,,,,,
-2.98772e-005,-9.18135e-005,,,,,,
-5.20333e-006,-7.28466e-005,,,,,,
-1.02388e-005,-8.87923e-005,,,,,,
1.25887e-005,-8.92958e-005,,,,,,
5.85794e-005,-4.64942e-005,,,,,,
9.68490e-005,-4.19623e-005,,,,,,
7.16716e-005,-5.25368e-005,,,,,,
3.69268e-005,-4.71656e-005,,,,,,
-3.52483e-006,3.35698e-007,,,,,,
-3.00450e-005,4.46479e-005,,,,,,
-3.10521e-005,7.06645e-005,,,,,,
-7.93927e-005,1.12291e-004,,,,,,
-1.54086e-004,1.60296e-004,,,,,,
-1.83963e-004,1.34112e-004,,,,,,
-1.02220e-004,1.93027e-005,,,,,,
5.20333e-006,-4.73335e-005,,,,,,
5.11940e-005,-2.29953e-005,,,,,,
3.94446e-005,1.13298e-004,,,,,,
1.39315e-005,1.26223e-004,,,,,,
-1.71206e-005,-1.69360e-004,,,,,,
-3.97803e-005,1.05913e-004,,,,,,
-3.91089e-005,3.76318e-004,,,,,,
-2.06455e-005,1.54253e-004,,,,,,
-3.94446e-005,1.41833e-004,,,,,,
-5.52224e-005,1.35454e-004,,,,,,
-2.18204e-005,3.18914e-005,,,,,,
4.53193e-006,-2.13169e-005,,,,,,
-1.09102e-005,-6.07614e-005,,,,,,
-1.52743e-005,-8.57710e-005,,,,,,
3.00450e-005,-5.65652e-005,,,,,,
5.20333e-005,-8.39246e-007,,,,,,
3.50805e-005,2.85344e-006,,,,,,
2.29953e-005,-3.50805e-005,,,,,,
1.66171e-005,-6.74754e-005,,,,,,
1.09102e-005,-3.23949e-005,,,,,,
-3.52483e-006,6.83146e-005,,,,,,
-2.85344e-006,1.67346e-004,,,,,,
2.36667e-005,1.05577e-004,,,,,,
3.27306e-005,3.67590e-005,,,,,,
5.87472e-006,-4.17945e-005,,,,,,
-3.18914e-005,-1.59289e-004,,,,,,
-6.36149e-005,-1.27733e-004,,,,,,
-7.87213e-005,2.87022e-005,,,,,,
-5.32082e-005,1.13634e-004,,,,,,
7.04967e-006,3.34020e-005,,,,,,
1.22530e-005,-1.89670e-005,,,,,,
-2.33310e-005,-2.16526e-005,,,,,,
-9.90310e-006,5.70687e-006,,,,,,
-1.35958e-005,2.16526e-005,,,,,,
-6.93217e-005,2.65202e-005,,,,,,
-9.95346e-005,7.87213e-005,,,,,,
-1.12627e-004,1.15984e-004,,,,,,
-1.02892e-004,5.89151e-005,,,,,,
-9.04707e-005,-6.37827e-005,,,,,,
-4.34730e-005,-1.66674e-004,,,,,,
3.87732e-005,-1.87320e-004,,,,,,
4.76692e-005,-1.17662e-004,,,,,,
4.09552e-005,-4.19623e-006,,,,,,
4.14588e-005,1.20348e-004,,,,,,
3.35698e-005,1.34112e-004,,,,,,
-1.04067e-005,-1.29244e-005,,,,,,
-4.44800e-005,-6.76432e-005,,,,,,
-4.06195e-005,6.83146e-005,,,,,,
-2.63523e-005,1.39315e-005,,,,,,
-3.18914e-005,-7.70428e-005,,,,,,
-4.54871e-005,-3.94446e-005,,,,,,
-1.19173e-005,3.18914e-006,,,,,,
5.62295e-005,-3.47448e-005,,,,,,
8.40925e-005,-3.47448e-005,,,,,,
8.34211e-005,2.18204e-006,,,,,,
4.58228e-005,2.06455e-005,,,,,,
-2.85344e-006,-1.76242e-005,,,,,,
-6.21042e-006,-9.04707e-005,,,,,,
3.23949e-005,-1.44686e-004,,,,,,
4.17945e-005,-1.41833e-004,,,,,,
-3.18914e-006,-1.04570e-004,,,,,,
-5.35439e-005,-7.78820e-005,,,,,,
-7.30144e-005,-1.22530e-005,,,,,,
-7.20073e-005,9.88632e-005,,,,,,
-6.56291e-005,1.84970e-004,,,,,,
-4.04517e-005,1.56771e-004,,,,,,
-2.33310e-005,6.10971e-005,,,,,,
-4.91798e-005,-1.34279e-006,,,,,,
8.39246e-007,-3.86053e-005,,,,,,
6.05936e-005,-7.97284e-005,,,,,,
1.52743e-005,-8.47639e-005,,,,,,
-4.21302e-005,-7.03288e-005,,,,,,
-2.85344e-005,-4.36408e-005,,,,,,
-4.49836e-005,-6.04257e-006,,,,,,
-9.01350e-005,-1.12459e-005,,,,,,
-8.57710e-005,-2.06455e-005,,,,,,
-4.58228e-005,-8.56031e-006,,,,,,
-6.86503e-005,5.53903e-006,,,,,,
-1.03731e-004,3.86053e-006,,,,,,
-6.16007e-005,-5.70687e-006,,,,,,
-5.65652e-005,-3.64233e-005,,,,,,
-3.55840e-005,-7.93927e-005,,,,,,
2.06455e-005,-6.59647e-005,,,,,,
4.44800e-005,6.88182e-006,,,,,,
8.22461e-006,7.23430e-005,,,,,,
-1.62814e-005,7.43572e-005,,,,,,
-6.88182e-006,4.71656e-005,,,,,,
5.38796e-005,2.34989e-005,,,,,,
1.22194e-004,-9.23171e-006,,,,,,
1.37469e-004,-2.66880e-005,,,,,,
1.07256e-004,-6.69719e-005,,,,,,
2.50095e-005,-8.96315e-005,,,,,,
1.32601e-005,-4.59907e-005,,,,,,
1.17494e-006,-7.55322e-006,,,,,,
-1.12459e-005,-2.19883e-005,,,,,,
-8.39246e-007,-4.36408e-006,,,,,,
-1.62814e-005,4.76692e-005,,,,,,
-2.03098e-005,3.77661e-005,,,,,,
-2.50095e-005,4.19623e-006,,,,,,
8.89601e-006,-1.91348e-005,,,,,,
2.66880e-005,-4.71656e-005,,,,,,
-3.37377e-005,-5.03548e-005,,,,,,
-7.60357e-005,-3.54162e-005,,,,,,
-9.90311e-005,1.52743e-005,,,,,,
-9.44991e-005,6.49577e-005,,,,,,
-8.40925e-005,5.45510e-005,,,,,,
-6.96574e-005,1.56100e-005,,,,,,
-2.43381e-005,-1.49386e-005,,,,,,
9.73526e-006,-4.58228e-005,,,,,,
2.87022e-005,-4.91798e-005,,,,,,
-4.19623e-006,-3.23949e-005,,,,,,
-3.52483e-006,-7.73785e-005,,,,,,
-2.26596e-005,-6.31113e-005,,,,,,
-5.32082e-005,3.35698e-007,,,,,,
-1.35958e-005,2.76951e-005,,,,,,
3.00450e-005,9.90310e-006,,,,,,
1.67849e-007,-4.28016e-005,,,,,,
-3.64233e-005,-9.41634e-005,,,,,,
-3.96124e-005,-1.14641e-004,,,,,,
1.39315e-005,-1.12291e-004,,,,,,
9.01350e-005,-1.03899e-004,,,,,,
9.83597e-005,-7.53643e-005,,,,,,
4.61585e-005,2.31632e-005,,,,,,
-2.92058e-005,1.01884e-004,,,,,,
-1.12963e-004,8.66102e-005,,,,,,
-1.13802e-004,4.98512e-005,,,,,,
-8.87923e-005,1.17494e-006,,,,,,
-1.06584e-004,-2.83665e-005,,,,,,
-1.01549e-004,-3.18914e-005,,,,,,
-1.66171e-005,-3.81018e-005,,,,,,
5.89151e-005,-8.89601e-006,,,,,,
7.30144e-005,2.71916e-005,,,,,,
5.92508e-005,4.95155e-005,,,,,,
2.43381e-005,5.20333e-005,,,,,,
-2.31632e-005,3.52483e-006,,,,,,
-5.47189e-005,-2.38346e-005,,,,,,
-5.87472e-005,-2.36667e-005,,,,,,
-6.14328e-005,-2.76951e-005,,,,,,
-3.03807e-005,-4.78370e-005,,,,,,
-2.16526e-005,-2.16526e-005,,,,,,
-9.23171e-006,-3.77661e-005,,,,,,
1.05745e-005,-9.63455e-005,,,,,,
-1.37636e-005,-2.90379e-005,,,,,,
-4.19623e-005,1.12459e-005,,,,,,
-6.79789e-005,4.86763e-006,,,,,,
-5.90829e-005,2.23239e-005,,,,,,
-1.15816e-005,1.86313e-005,,,,,,
-1.35958e-005,-2.51774e-006,,,,,,
-4.26337e-005,1.84634e-006,,,,,,
-5.45510e-005,2.24918e-005,,,,,,
-4.53193e-005,4.46479e-005,,,,,,
-6.37827e-006,3.03807e-005,,,,,,
6.37827e-005,2.40024e-005,,,,,,
4.93477e-005,2.87022e-005,,,,,,
9.56741e-006,4.07874e-005,,,,,,
-3.69268e-006,5.75723e-005,,,,,,
5.20333e-006,3.79339e-005,,,,,,
1.99741e-005,2.18204e-006,,,,,,
1.76242e-005,1.29244e-005,,,,,,
1.52743e-005,3.00450e-005,,,,,,
8.56031e-006,3.52483e-006,,,,,,
4.86763e-006,7.88891e-006,,,,,,
-1.96384e-005,3.07164e-005,,,,,,
-3.50805e-005,3.34020e-005,,,,,,
-4.64942e-005,2.83665e-005,,,,,,
-4.44800e-005,3.03807e-005,,,,,,
-3.92767e-005,3.00450e-005,,,,,,
-5.28725e-005,3.20592e-005,,,,,,
-2.97093e-005,3.37377e-005,,,,,,
-1.15816e-005,2.93736e-005,,,,,,
-2.63523e-005,3.10521e-005,,,,,,
-1.76242e-005,2.40024e-005,,,,,,
1.79599e-005,1.25887e-005,,,,,,
1.98062e-005,1.25887e-005,,,,,,
1.57778e-005,8.72816e-006,,,,,,
-3.18914e-006,-1.51064e-006,,,,,,
-2.03098e-005,-4.36408e-006,,,,,,
-1.54421e-005,-1.51064e-006,,,,,,
-9.73526e-006,2.51774e-006,,,,,,
-2.43381e-005,2.23239e-005,,,,,,
-2.97093e-005,7.21752e-006,,,,,,
-1.49386e-005,-8.56031e-006,,,,,,
5.20333e-006,-1.15816e-005,,,,,,
1.29244e-005,-3.52483e-006,,,,,,
-1.09102e-005,7.88891e-006,,,,,,
-3.42412e-005,8.39246e-007,,,,,,
-4.75013e-005,2.51774e-006,,,,,,
-6.46220e-005,1.02388e-005,,,,,,
-4.54871e-005,1.24208e-005,,,,,,
-9.56741e-006,1.59457e-005,,,,,,
3.13878e-005,-3.13878e-005,,,,,,
4.91798e-005,-4.38087e-005,,,,,,
3.79339e-005,-2.29953e-005,,,,,,
1.32601e-005,-2.73594e-005,,,,,,
-7.04967e-006,-2.16526e-005,,,,,,
-2.11490e-005,-1.42672e-005,,,,,,
-1.96384e-005,-1.51064e-005,,,,,,
-1.15816e-005,-1.46029e-005,,,,,,
-7.21752e-006,-1.09102e-005,,,,,,
-3.02129e-006,-2.85344e-006,,,,,,
3.18914e-006,-7.04967e-006,,,,,,
2.18204e-006,-1.52743e-005,,,,,,
-1.15816e-005,-7.21752e-006,,,,,,
-2.53452e-005,3.86053e-006,,,,,,
-2.80308e-005,4.19623e-006,,,,,,
-2.36667e-005,-2.03098e-005,,,,,,
-2.13169e-005,-1.62814e-005,,,,,,
-1.76242e-005,-5.03548e-007,,,,,,
1.42672e-005,-1.51064e-006,,,,,,
2.16526e-005,-2.56809e-005,,,,,,
-1.56100e-005,-2.03098e-005,,,,,,
-5.15297e-005,-1.22530e-005,,,,,,
-6.76432e-005,-3.86053e-006,,,,,,
-3.57519e-005,-5.53903e-006,,,,,,
1.84634e-006,-3.02129e-006,,,,,,
4.66621e-005,-2.18204e-006,,,,,,
1.12963e-004,1.17494e-006,,,,,,
1.19005e-004,-1.20851e-005,,,,,,
8.81209e-005,-1.42672e-005,,,,,,
5.15297e-005,7.55322e-006,,,,,,
6.21042e-006,-7.70428e-005,,,,,,
-1.21019e-004,-5.99222e-005,,,,,,
-1.79431e-004,1.76242e-005,,,,,,
-1.04234e-004,2.13169e-005,,,,,,
-2.70237e-005,3.27306e-005,,,,,,
6.41184e-005,1.24208e-005,,,,,,
6.49577e-005,-5.35439e-005,,,,,,
-1.56100e-005,-4.91798e-005,,,,,,
-1.00877e-004,9.90310e-006,,,,,,
-1.68856e-004,-1.39315e-005,,,,,,
-2.04944e-004,-8.22461e-006,,,,,,
-2.33646e-004,8.30854e-005,,,,,,
-2.32471e-004,6.49577e-005,,,,,,
-1.49554e-004,1.99741e-005,,,,,,
1.82956e-005,1.29412e-004,,,,,,
2.10651e-004,1.39818e-004,,,,,,
2.41703e-004,8.34211e-005,,,,,,
2.11322e-004,1.59457e-005,,,,,,
1.37133e-004,-9.73526e-006,,,,,,
5.08583e-005,-9.19814e-005,,,,,,
-4.11231e-005,-5.15297e-005,,,,,,
-1.42504e-004,4.01160e-005,,,,,,
-1.51568e-004,3.54162e-005,,,,,,
-2.03098e-005,4.09552e-005,,,,,,
1.27062e-004,-7.55322e-006,,,,,,
1.14305e-004,-1.76242e-005,,,,,,
4.21302e-005,2.51774e-006,,,,,,
-1.32097e-004,-5.95865e-005,,,,,,
-2.29282e-004,-9.51705e-005,,,,,,
-7.41894e-005,-9.48348e-005,,,,,,
-9.23171e-006,1.25383e-004,,,,,,
-1.00542e-004,1.40658e-004,,,,,,
-2.44556e-004,-3.94446e-005,,,,,,
-2.12329e-004,-3.18914e-006,,,,,,
-7.88891e-005,-7.88891e-005,,,,,,
1.00877e-004,-3.22438e-004,,,,,,
1.44015e-004,-2.50935e-004,,,,,,
1.29076e-004,-1.35958e-005,,,,,,
3.87732e-005,1.33272e-004,,,,,,
-7.82177e-005,1.59457e-004,,,,,,
-3.39055e-005,-7.21752e-006,,,,,,
7.36858e-005,-1.52575e-004,,,,,,
6.68040e-005,-8.39246e-007,,,,,,
1.83795e-004,2.09812e-004,,,,,,
3.38552e-004,2.72251e-004,,,,,,
2.66880e-004,6.69719e-005,,,,,,
1.03731e-004,-1.07759e-004,,,,,,
-1.52071e-004,-1.36797e-004,,,,,,
-4.04685e-004,-7.38537e-006,,,,,,
-4.46143e-004,-4.31373e-005,,,,,,
-4.66117e-004,-1.48379e-004,,,,,,
-3.96963e-004,-5.48867e-005,,,,,,
-1.45861e-004,2.58991e-004,,,,,,
3.54162e-004,3.38048e-004,,,,,,
5.03212e-004,1.66171e-005,,,,,,
4.66285e-004,-6.05936e-005,,,,,,
3.56176e-004,4.34730e-005,,,,,,
1.50896e-004,4.28016e-005,,,,,,
-1.86481e-004,9.78561e-005,,,,,,
-3.65911e-004,7.36858e-005,,,,,,
-4.70817e-004,-1.19173e-004,,,,,,
-5.21004e-004,-1.88495e-004,,,,,,
-4.62425e-004,-2.01587e-004,,,,,,
-2.35157e-004,-3.50805e-005,,,,,,
-4.88441e-005,2.52445e-004,,,,,,
1.81277e-005,2.65537e-004,,,,,,
8.10712e-005,1.76410e-004,,,,,,
8.24140e-005,1.15648e-004,,,,,,
8.67781e-005,2.19883e-005,,,,,,
2.17533e-004,-9.51705e-005,,,,,,
2.76783e-004,-1.66674e-004,,,,,,
2.50095e-004,-9.48348e-005,,,,,,
2.50263e-004,8.77852e-005,,,,,,
2.41535e-004,7.41894e-005,,,,,,
1.83627e-004,7.63714e-005,,,,,,
-4.85084e-005,9.18135e-005,,,,,,
-2.26093e-004,-7.03288e-005,,,,,,
-2.42039e-004,-1.61975e-004,,,,,,
-1.96048e-004,-1.23201e-004,,,,,,
-1.81277e-005,-9.95346e-005,,,,,,
1.70199e-004,-1.43175e-004,,,,,,
2.17197e-004,-1.46868e-004,,,,,,
2.44892e-004,-2.59998e-004,,,,,,
1.92859e-004,-2.96254e-004,,,,,,
-3.60876e-005,-9.14778e-005,,,,,,
-2.79469e-004,1.68017e-004,,,,,,
-3.74472e-004,3.81186e-004,,,,,,
-3.35531e-004,3.25795e-004,,,,,,
-4.91798e-005,1.80774e-004,,,,,,
3.27306e-004,2.90379e-005,,,,,,
5.09758e-004,-5.92508e-005,,,,,,
4.45304e-004,-4.93477e-005,,,,,,
3.50637e-004,-7.87213e-005,,,,,,
1.55932e-004,1.09270e-004,,,,,,
-2.83330e-004,2.66377e-004,,,,,,
-5.84955e-004,1.67514e-004,,,,,,
-5.81598e-004,4.75013e-005,,,,,,
-4.05859e-004,-1.54253e-004,,,,,,
-2.63691e-004,-1.99908e-004,,,,,,
-1.43175e-004,-1.14977e-004,,,,,,
3.32342e-005,-1.13466e-004,,,,,,
1.14305e-004,-1.01213e-004,,,,,,
2.61677e-004,1.12459e-005,,,,,,
2.84337e-004,3.10521e-005,,,,,,
2.14679e-004,-2.23239e-004,,,,,,
1.29412e-004,-2.91890e-004,,,,,,
-8.47639e-005,-5.38796e-005,,,,,,
-3.00954e-004,6.19364e-005,,,,,,
-2.91051e-004,7.60357e-005,,,,,,
-2.53284e-004,7.03288e-005,,,,,,
-9.88632e-005,1.01884e-004,,,,,,
8.71138e-005,2.78126e-004,,,,,,
2.30121e-004,2.16526e-004,,,,,,
3.84543e-004,-1.32601e-005,,,,,,
3.60037e-004,-5.67330e-005,,,,,,
1.78424e-004,-8.02319e-005,,,,,,
-1.86313e-005,-1.83963e-004,,,,,,
-3.34859e-004,-3.60204e-004,,,,,,
-5.02037e-004,-2.97261e-004,,,,,,
-4.76524e-004,-1.71374e-004,,,,,,
-3.66079e-004,-2.29953e-005,,,,,,
-1.68688e-004,3.59701e-004,,,,,,
-3.57519e-005,5.81598e-004,,,,,,
4.95155e-005,2.95247e-004,,,,,,
8.45960e-005,5.03548e-005,,,,,,
1.21691e-004,2.63523e-005,,,,,,
1.50561e-004,-1.46029e-005,,,,,,
8.42603e-005,-3.79339e-005,,,,,,
6.21042e-005,-6.76432e-005,,,,,,
9.24849e-005,-1.62310e-004,,,,,,
4.53193e-006,-2.47578e-004,,,,,,
-2.58488e-005,-2.54627e-004,,,,,,
1.16655e-004,-1.86481e-004,,,,,,
4.05859e-004,-1.50057e-004,,,,,,
3.53994e-004,-2.20554e-004,,,,,,
1.87655e-004,-1.07591e-004,,,,,,
1.51232e-004,4.01160e-005,,,,,,
-7.16716e-005,-1.25719e-004,,,,,,
-3.11528e-004,-8.61067e-005,,,,,,
-3.17739e-004,1.89166e-004,,,,,,
-2.14008e-004,1.29412e-004,,,,,,
-1.59289e-004,1.56603e-004,,,,,,
-6.96574e-005,1.17830e-004,,,,,,
7.65393e-005,9.24849e-005,,,,,,
1.38140e-004,1.49218e-004,,,,,,
1.91684e-004,9.24849e-005,,,,,,
1.91852e-004,-4.01160e-005,,,,,,
1.38140e-004,-1.76745e-004,,,,,,
1.69528e-005,-2.46571e-004,,,,,,
-1.66674e-004,-1.30083e-004,,,,,,
-3.00954e-004,1.33776e-004,,,,,,
-3.55337e-004,1.91012e-004,,,,,,
-3.33852e-004,1.87991e-005,,,,,,
-2.22065e-004,-3.37377e-005,,,,,,
-1.41497e-004,-9.58419e-005,,,,,,
-5.95865e-005,-2.99947e-004,,,,,,
6.39506e-005,-3.89746e-004,,,,,,
7.28466e-005,-3.38552e-004,,,,,,
7.55322e-006,-2.13001e-004,,,,,,
1.04067e-005,3.94446e-005,,,,,,
9.81918e-005,1.79095e-004,,,,,,
1.05913e-004,2.83833e-004,,,,,,
1.02388e-004,4.05020e-004,,,,,,
1.63317e-004,3.77157e-004,,,,,,
1.60296e-004,2.15351e-004,,,,,,
8.61067e-005,1.74060e-004,,,,,,
2.06455e-005,1.20516e-004,,,,,,
-1.37301e-004,4.85084e-005,,,,,,
-2.39017e-004,1.25887e-005,,,,,,
-1.38476e-004,-4.86763e-006,,,,,,
-4.19623e-005,-1.13298e-004,,,,,,
2.46738e-005,-1.83124e-004,,,,,,
6.29435e-005,-1.47036e-004,,,,,,
8.92958e-005,-1.19677e-004,,,,,,
1.53918e-004,-1.25048e-004,,,,,,
1.11284e-004,-1.24712e-004,,,,,,
-9.56741e-006,-1.27901e-004,,,,,,
-1.00542e-004,-9.66812e-005,,,,,,
-8.37568e-005,-4.66621e-005,,,,,,
-6.24399e-005,-2.97093e-005,,,,,,
1.05745e-005,2.11490e-005,,,,,,
1.07927e-004,4.38087e-005,,,,,,
1.13298e-004,1.52743e-005,,,,,,
8.81209e-005,-1.46029e-005,,,,,,
1.76242e-005,-6.88182e-006,,,,,,
-1.61975e-004,3.70947e-005,,,,,,
-2.57984e-004,6.05936e-005,,,,,,
-1.87823e-004,8.89601e-006,,,,,,
-1.25048e-004,-2.18204e-006,,,,,,
-5.77401e-005,1.44350e-005,,,,,,
4.71656e-005,2.13169e-005,,,,,,
1.06416e-004,-2.85344e-006,,,,,,
4.16266e-005,-4.04517e-005,,,,,,
-4.78370e-005,-5.11940e-005,,,,,,
-7.06645e-005,-4.64942e-005,,,,,,
-1.52575e-004,-1.29244e-005,,,,,,
-1.39147e-004,-2.29953e-005,,,,,,
-3.18914e-006,-5.65652e-005,,,,,,
4.68299e-005,-5.03548e-005,,,,,,
-1.06416e-004,3.07164e-005,,,,,,
-1.30587e-004,8.69459e-005,,,,,,
1.76242e-005,6.56291e-005,,,,,,
1.12123e-004,4.53193e-006,,,,,,
5.95865e-005,-3.35698e-006,,,,,,
1.34783e-004,-6.54612e-006,,,,,,
7.90570e-005,-2.88701e-005,,,,,,
-1.26055e-004,1.56100e-005,,,,,,
-1.18837e-004,5.18654e-005,,,,,,
-2.78630e-005,6.54612e-006,,,,,,
1.50561e-004,1.66171e-005,,,,,,
1.80102e-004,1.93027e-005,,,,,,
1.00038e-004,2.88701e-005,,,,,,
4.26337e-005,4.91798e-005,,,,,,
-1.18669e-004,5.47189e-005,,,,,,
-1.63821e-004,3.60876e-005,,,,,,
-1.09941e-004,5.15297e-005,,,,,,
-3.52483e-005,4.14588e-005,,,,,,
-4.11231e-005,-1.40993e-005,,,,,,
-6.32792e-005,-3.99481e-005,,,,,,
-7.15038e-005,-4.85084e-005,,,,,,
-5.69009e-005,-5.06905e-005,,,,,,
-3.74304e-005,-4.68299e-005,,,,,,
-2.85344e-005,-3.44091e-005,,,,,,
-4.68299e-005,-1.59457e-005,,,,,,
-4.91798e-005,2.51774e-006,,,,,,
-2.78630e-005,3.18914e-005,,,,,,
6.54612e-006,4.95155e-005,,,,,,
5.11940e-005,2.80308e-005,,,,,,
5.45510e-005,1.86313e-005,,,,,,
3.60876e-005,2.66880e-005,,,,,,
2.46738e-005,4.86763e-006,,,,,,
-4.19623e-006,-6.86503e-005,,,,,,
-4.17945e-005,-8.27497e-005,,,,,,
-3.22271e-005,-3.30663e-005,,,,,,
-2.92058e-005,-1.84634e-006,,,,,,
-1.32601e-005,-1.51064e-006,,,,,,
1.15816e-005,-3.20592e-005,,,,,,
-6.88182e-006,-7.72107e-006,,,,,,
-1.84634e-006,2.93736e-005,,,,,,
3.52483e-006,2.28275e-005,,,,,,
8.39246e-007,-7.72107e-006,,,,,,
-9.23171e-006,-5.87472e-006,,,,,,
-2.85344e-006,1.67849e-006,,,,,,
2.29953e-005,-6.21042e-006,,,,,,
3.13878e-005,-1.32601e-005,,,,,,
8.89601e-006,-1.29244e-005,,,,,,
-1.52743e-005,-3.79339e-005,,,,,,
-4.22980e-005,-2.53452e-005,,,,,,
-9.34920e-005,5.06905e-005,,,,,,
-8.30854e-005,7.16716e-005,,,,,,
-3.59197e-005,2.60166e-005,,,,,,
-1.59457e-005,-2.01419e-006,,,,,,
-1.39315e-005,-4.86763e-006,,,,,,
-1.96384e-005,1.17494e-006,,,,,,
-2.33310e-005,1.91348e-005,,,,,,
-2.38346e-005,1.66171e-005,,,,,,
-1.35958e-005,-6.88182e-006,,,,,,
-9.23171e-006,-1.19173e-005,,,,,,
-1.39315e-005,1.51064e-006,,,,,,
-1.22530e-005,6.37827e-006,,,,,,
-2.34989e-006,-7.55322e-006,,,,,,
4.19623e-006,-1.66171e-005,,,,,,
-1.35958e-005,-1.49386e-005,,,,,,
-1.51064e-005,-9.06386e-006,,,,,,
-2.33310e-005,1.86313e-005,,,,,,
-2.90379e-005,-3.35698e-006,,,,,,
-3.91089e-005,-8.22461e-006,,,,,,
-1.37636e-005,1.51064e-005,,,,,,
4.53193e-006,2.45060e-005,,,,,,
2.85344e-006,8.22461e-006,,,,,,
7.88891e-006,-1.67849e-007,,,,,,
5.87472e-006,-6.54612e-006,,,,,,
-1.67849e-006,-1.09102e-005,,,,,,
9.90310e-006,-4.53193e-006,,,,,,
8.39246e-006,-1.02388e-005,,,,,,
-1.84634e-005,-1.93027e-005,,,,,,
-1.46029e-005,-2.26596e-005,,,,,,
-1.05745e-005,-6.88182e-006,,,,,,
-2.58488e-005,1.12459e-005,,,,,,
-2.92058e-005,1.66171e-005,,,,,,
-1.96384e-005,1.02388e-005,,,,,,
-1.49386e-005,7.04967e-006,,,,,,
-2.09812e-005,-1.67849e-007,,,,,,
-3.59197e-005,2.18204e-006,,,,,,
-4.71656e-005,-1.64492e-005,,,,,,
-2.83665e-005,-1.94705e-005,,,,,,
2.73594e-005,1.67849e-007,,,,,,
3.81018e-005,8.39246e-006,,,,,,
2.09812e-005,3.17235e-005,,,,,,
-1.51064e-006,3.05486e-005,,,,,,
-2.56809e-005,4.19623e-006,,,,,,
-4.28016e-005,-2.18204e-006,,,,,,
-3.60876e-005,-1.09102e-005,,,,,,
-4.64942e-005,-1.93027e-005,,,,,,
-3.84375e-005,-1.56100e-005,,,,,,
-1.86313e-005,-1.51064e-005,,,,,,
-1.22530e-005,-1.39315e-005,,,,,,
3.05486e-005,-1.22530e-005,,,,,,
7.90570e-005,-1.69528e-005,,,,,,
6.94896e-005,-1.35958e-005,,,,,,
2.29953e-005,-9.56741e-006,,,,,,
-2.88701e-005,-1.79599e-005,,,,,,
-1.13130e-004,-2.53452e-005,,,,,,
-9.66812e-005,-4.76692e-005,,,,,,
-4.49836e-005,-4.90120e-005,,,,,,
-1.93027e-005,-4.01160e-005,,,,,,
5.20333e-006,-1.66171e-005,,,,,,
1.96384e-005,3.65911e-005,,,,,,
2.78630e-005,7.03288e-005,,,,,,
1.30922e-005,8.24140e-005,,,,,,
-7.72107e-006,1.02556e-004,,,,,,
-1.76242e-005,-5.67330e-005,,,,,,
-3.00450e-005,-1.77417e-004,,,,,,
-3.77661e-005,-7.46929e-005,,,,,,
-3.86053e-005,-2.40024e-005,,,,,,
-2.51774e-005,1.46029e-005,,,,,,
-3.47448e-005,-3.60876e-005,,,,,,
-4.44800e-005,-2.51774e-006,,,,,,
-4.16266e-005,2.77119e-004,,,,,,
-3.92767e-005,2.56641e-004,,,,,,
-1.96384e-005,4.01160e-005,,,,,,
1.17494e-006,-3.84375e-005,,,,,,
2.51774e-006,-4.14588e-005,,,,,,
1.02388e-005,-3.27306e-005,,,,,,
6.37827e-006,-4.41444e-005,,,,,,
1.67849e-007,-3.39055e-005,,,,,,
2.18204e-006,-3.00450e-005,,,,,,
-4.53193e-006,-4.41444e-005,,,,,,
-8.22461e-006,-3.64233e-005,,,,,,
-1.81277e-005,-1.82956e-005,,,,,,
-2.63523e-005,-1.47707e-005,,,,,,
-1.76242e-005,-1.94705e-005,,,,,,
-3.18914e-006,-1.49386e-005,,,,,,
1.04067e-005,-6.04257e-006,,,,,,
3.02129e-006,1.84634e-006,,,,,,
-3.52483e-006,-1.42672e-005,,,,,,
-5.70687e-006,-2.01419e-005,,,,,,
-1.81277e-005,1.72885e-005,,,,,,
-2.16526e-005,3.87732e-005,,,,,,
-3.45769e-005,3.13878e-005,,,,,,
-6.49577e-005,4.21302e-005,,,,,,
-7.13359e-005,9.78561e-005,,,,,,
-6.12650e-005,1.19341e-004,,,,,,
-4.28016e-005,9.11421e-005,,,,,,
9.06386e-006,2.73594e-005,,,,,,
5.48867e-005,-1.91348e-005,,,,,,
2.93736e-005,-8.61067e-005,,,,,,
-2.61845e-005,-1.38476e-004,,,,,,
-3.91089e-005,-1.29076e-004,,,,,,
-3.34020e-005,-8.74495e-005,,,,,,
-3.07164e-005,-1.24041e-004,,,,,,
-4.11231e-005,-1.63989e-004,,,,,,
-2.87022e-005,-1.34112e-004,,,,,,
-8.39246e-006,-7.36858e-005,,,,,,
-1.04067e-005,4.39765e-005,,,,,,
1.05745e-005,2.18204e-004,,,,,,
5.27047e-005,3.69436e-004,,,,,,
5.48867e-005,2.04608e-004,,,,,,
1.99741e-005,2.78630e-005,,,,,,
6.88182e-006,3.92767e-005,,,,,,
-2.43381e-005,6.79789e-005,,,,,,
-5.01869e-005,1.56100e-004,,,,,,
-4.66621e-005,1.83124e-004,,,,,,
-4.48157e-005,1.30083e-004,,,,,,
-3.13878e-005,2.53452e-005,,,,,,
-1.29244e-005,-3.41741e-004,,,,,,
-1.19173e-005,-4.87602e-004,,,,,,
-1.10781e-005,-2.43381e-005,,,,,,
-2.45060e-005,1.47204e-004,,,,,,
-3.97803e-005,1.93027e-005,,,,,,
-2.73594e-005,-5.62295e-005,,,,,,
-9.56741e-006,-3.77661e-005,,,,,,
-1.04067e-005,-1.86313e-005,,,,,,
-4.88441e-005,-5.03548e-007,,,,,,
-9.44991e-005,-5.03548e-006,,,,,,
-7.75463e-005,-1.89670e-005,,,,,,
-2.83665e-005,-2.83665e-005,,,,,,
8.56031e-006,-5.92508e-005,,,,,,
2.93736e-005,-7.20073e-005,,,,,,
1.64492e-005,-8.07355e-005,,,,,,
-3.52483e-006,-9.83597e-005,,,,,,
-1.62814e-005,-4.01160e-005,,,,,,
1.10781e-005,3.86053e-006,,,,,,
6.49577e-005,1.04067e-005,,,,,,
1.04402e-004,-4.19623e-006,,,,,,
8.24140e-005,-8.00641e-005,,,,,,
3.96124e-005,-2.63523e-005,,,,,,
2.46738e-005,1.17998e-004,,,,,,
-8.39246e-007,1.34783e-004,,,,,,
-2.24918e-005,9.21492e-005,,,,,,
-3.64233e-005,2.65202e-005,,,,,,
-4.66621e-005,-4.48157e-005,,,,,,
-3.77661e-005,-1.51904e-004,,,,,,
-3.55840e-005,-2.29953e-004,,,,,,
-4.51514e-005,-1.61807e-004,,,,,,
-6.36149e-005,-1.16152e-004,,,,,,
-7.46929e-005,-6.79789e-005,,,,,,
-4.91798e-005,7.21752e-005,,,,,,
-2.18204e-005,1.49050e-004,,,,,,
-7.21752e-006,1.56603e-004,,,,,,
7.38537e-006,9.95346e-005,,,,,,
2.06455e-005,6.26078e-005,,,,,,
1.67849e-006,9.88632e-005,,,,,,
-3.32342e-005,7.97284e-005,,,,,,
-3.47448e-005,8.89601e-006,,,,,,
-3.57519e-005,-9.90310e-006,,,,,,
-4.78370e-005,-1.66171e-005,,,,,,
-1.22530e-005,-1.93027e-005,,,,,,
-7.55322e-006,-1.67849e-006,,,,,,
-7.72107e-006,1.93027e-005,,,,,,
2.51774e-006,3.25628e-005,,,,,,
2.51774e-005,1.15816e-005,,,,,,
1.96384e-005,3.75982e-005,,,,,,
1.67849e-007,7.06645e-005,,,,,,
5.70687e-006,-5.20333e-006,,,,,,
-1.62814e-005,-1.63989e-004,,,,,,
-8.97993e-005,-3.42580e-004,,,,,,
-1.37133e-004,-1.24544e-004,,,,,,
-1.31929e-004,2.77119e-004,,,,,,
-9.14778e-005,2.87022e-004,,,,,,
-5.85794e-005,1.88830e-004,,,,,,
-1.32601e-005,6.81468e-005,,,,,,
3.44091e-005,2.63523e-005,,,,,,
7.83856e-005,-2.04776e-005,,,,,,
1.03899e-004,-7.33501e-005,,,,,,
1.01717e-004,-8.30854e-005,,,,,,
7.23430e-005,-9.60098e-005,,,,,,
4.06195e-005,-8.34211e-005,,,,,,
-8.89601e-006,-4.21302e-005,,,,,,
-4.90120e-005,1.69528e-005,,,,,,
2.76951e-005,-2.03098e-005,,,,,,
1.15480e-004,-9.78561e-005,,,,,,
9.08064e-005,-1.21691e-004,,,,,,
3.67590e-005,-1.10277e-004,,,,,,
-3.03807e-005,-5.89151e-005,,,,,,
-1.32601e-004,5.37118e-006,,,,,,
-1.24376e-004,3.08843e-005,,,,,,
-6.76432e-005,6.19364e-005,,,,,,
-6.07614e-005,6.69719e-005,,,,,,
-8.97993e-005,2.23239e-005,,,,,,
-1.02556e-004,-2.61845e-005,,,,,,
-7.98962e-005,-2.93736e-005,,,,,,
-5.01869e-005,-4.07874e-005,,,,,,
-2.83665e-005,-5.77401e-005,,,,,,
-2.13169e-005,-3.03807e-005,,,,,,
-2.90379e-005,3.67590e-005,,,,,,
-1.56100e-005,1.15312e-004,,,,,,
2.40024e-005,1.48043e-004,,,,,,
3.67590e-005,8.09033e-005,,,,,,
3.27306e-005,1.29244e-005,,,,,,
1.47707e-005,-1.49386e-005,,,,,,
4.53193e-006,-8.56031e-006,,,,,,
-1.77920e-005,7.38537e-006,,,,,,
-1.76242e-005,-9.90310e-006,,,,,,
-4.19623e-006,-1.30922e-005,,,,,,
-4.91798e-005,-2.29953e-005,,,,,,
-8.45960e-005,-3.30663e-005,,,,,,
-8.05676e-005,-4.12909e-005,,,,,,
-7.53643e-005,-3.05486e-005,,,,,,
-3.92767e-005,-1.04067e-005,,,,,,
5.08583e-005,-1.02388e-005,,,,,,
1.13970e-004,-2.90379e-005,,,,,,
9.75204e-005,-9.06386e-006,,,,,,
7.06645e-005,2.03098e-005,,,,,,
6.88182e-006,4.58228e-005,,,,,,
-6.64683e-005,2.46738e-005,,,,,,
-3.34020e-005,-1.91348e-005,,,,,,
-2.97093e-005,-2.65202e-005,,,,,,
-9.55062e-005,-4.38087e-005,,,,,,
-6.69719e-005,-6.83146e-005,,,,,,
1.37636e-005,-6.52934e-005,,,,,,
2.58488e-005,-3.00450e-005,,,,,,
1.00710e-006,1.98062e-005,,,,,,
1.84634e-006,-6.88182e-006,,,,,,
4.19623e-006,8.89601e-006,,,,,,
-2.76951e-005,5.35439e-005,,,,,,
-9.58419e-005,1.28069e-004,,,,,,
-1.07088e-004,1.06249e-004,,,,,,
-7.20073e-005,5.87472e-006,,,,,,
-2.01419e-005,-4.66621e-005,,,,,,
-4.86763e-006,-6.05936e-005,,,,,,
-3.79339e-005,-4.31373e-005,,,,,,
-5.35439e-005,-2.63523e-005,,,,,,
-2.36667e-005,-3.84375e-005,,,,,,
5.75723e-005,-2.66880e-005,,,,,,
8.14069e-005,-3.27306e-005,,,,,,
4.33051e-005,-3.77661e-005,,,,,,
-8.39246e-007,2.18204e-006,,,,,,
-2.33310e-005,4.75013e-005,,,,,,
-7.55322e-006,6.12650e-005,,,,,,
5.70687e-005,4.78370e-005,,,,,,
9.85275e-005,5.27047e-005,,,,,,
6.02579e-005,8.27497e-005,,,,,,
3.67590e-005,2.66880e-005,,,,,,
-1.25887e-005,-1.09102e-005,,,,,,
-4.59907e-005,-2.06455e-005,,,,,,
-2.03098e-005,-3.64233e-005,,,,,,
-8.56031e-006,-3.67590e-005,,,,,,
-4.91798e-005,-3.12200e-005,,,,,,
-3.87732e-005,-5.85794e-005,,,,,,
6.88182e-006,-6.63004e-005,,,,,,
-2.53452e-005,-3.57519e-005,,,,,,
-7.10002e-005,-2.29953e-005,,,,,,
-3.28984e-005,1.98062e-005,,,,,,
1.51064e-006,8.44282e-005,,,,,,
-2.83665e-005,1.28740e-004,,,,,,
-5.38796e-005,1.10613e-004,,,,,,
-3.08843e-005,5.18654e-005,,,,,,
-4.19623e-006,2.18204e-005,,,,,,
-5.89151e-005,-1.10781e-005,,,,,,
-9.01350e-005,-3.15557e-005,,,,,,
-4.95155e-005,-2.76951e-005,,,,,,
-2.36667e-005,-5.11940e-005,,,,,,
-4.51514e-005,-5.00191e-005,,,,,,
-5.94186e-005,-3.84375e-005,,,,,,
-6.56291e-005,-2.43381e-005,,,,,,
-7.26787e-005,3.02129e-006,,,,,,
-4.66621e-005,-1.87991e-005,,,,,,
-1.91348e-005,-7.46929e-005,,,,,,
2.51774e-006,-8.97993e-005,,,,,,
4.07874e-005,-9.31563e-005,,,,,,
3.99481e-005,-6.42863e-005,,,,,,
4.04517e-005,-1.93027e-005,,,,,,
8.03998e-005,5.53903e-006,,,,,,
6.64683e-005,4.12909e-005,,,,,,
3.57519e-005,9.55062e-005,,,,,,
3.86053e-006,7.33501e-005,,,,,,
-1.87991e-005,3.32342e-005,,,,,,
-7.10002e-005,1.81277e-005,,,,,,
-6.00900e-005,2.03098e-005,,,,,,
-2.88701e-005,3.12200e-005,,,,,,
-5.85794e-005,6.54612e-006,,,,,,
-5.45510e-005,-2.97093e-005,,,,,,
-2.16526e-005,-4.95155e-005,,,,,,
-1.79599e-005,-3.99481e-005,,,,,,
-3.97803e-005,-3.15557e-005,,,,,,
-5.08583e-005,-4.26337e-005,,,,,,
-6.19364e-005,-5.08583e-005,,,,,,
-6.12650e-005,-4.71656e-005,,,,,,
-3.00450e-005,-2.16526e-005,,,,,,
9.56741e-006,4.86763e-006,,,,,,
3.52483e-005,-1.09102e-005,,,,,,
6.59647e-005,-7.88891e-005,,,,,,
8.74495e-005,-7.40215e-005,,,,,,
6.49577e-005,-6.29435e-005,,,,,,
2.40024e-005,-4.58228e-005,,,,,,
1.15816e-005,-1.17494e-005,,,,,,
7.21752e-006,-2.16526e-005,,,,,,
-1.67849e-007,-4.01160e-005,,,,,,
-1.84634e-005,-4.17945e-005,,,,,,
-1.46029e-005,-5.15297e-005,,,,,,
8.56031e-006,-6.07614e-005,,,,,,
2.31632e-005,-7.51965e-005,,,,,,
-3.54162e-005,-6.32792e-005,,,,,,
-8.17426e-005,-3.25628e-005,,,,,,
-7.93927e-005,-2.46738e-005,,,,,,
-8.66102e-005,-1.05745e-005,,,,,,
-8.05676e-005,4.86763e-006,,,,,,
-5.35439e-005,-1.71206e-005,,,,,,
-2.70237e-005,-6.09293e-005,,,,,,
-1.96384e-005,-9.08064e-005,,,,,,
-1.10781e-005,-7.77142e-005,,,,,,
5.20333e-006,8.39246e-007,,,,,,
2.16526e-005,9.11421e-005,,,,,,
2.38346e-005,1.23369e-004,,,,,,
1.66171e-005,9.06386e-005,,,,,,
1.15816e-005,3.67590e-005,,,,,,
4.53193e-006,2.90379e-005,,,,,,
-3.54162e-005,4.21302e-005,,,,,,
-3.03807e-005,4.91798e-005,,,,,,
-8.22461e-006,2.80308e-005,,,,,,
-3.40734e-005,2.70237e-005,,,,,,
-2.33310e-005,-5.53903e-006,,,,,,
0.00000e+000,3.52483e-006,,,,,,
-2.09812e-005,3.37377e-005,,,,,,
-1.49386e-005,5.87472e-006,,,,,,
-1.67849e-007,3.86053e-006,,,,,,
-2.56809e-005,6.54612e-006,,,,,,
-5.42153e-005,2.01419e-006,,,,,,
-4.06195e-005,6.21042e-006,,,,,,
-2.95415e-005,9.73526e-006,,,,,,
-2.43381e-005,1.39315e-005,,,,,,
-1.47707e-005,1.30922e-005,,,,,,
-3.86053e-006,7.72107e-006,,,,,,
-7.04967e-006,1.05745e-005,,,,,,
-3.52483e-006,2.51774e-005,,,,,,
-9.56741e-006,1.05745e-005,,,,,,
-2.33310e-005,1.84634e-006,,,,,,
-2.36667e-005,1.29244e-005,,,,,,
-7.88891e-006,2.76951e-005,,,,,,
2.06455e-005,2.29953e-005,,,,,,
3.02129e-005,3.52483e-006,,,,,,
3.77661e-005,8.22461e-006,,,,,,
4.02838e-005,9.23171e-006,,,,,,
2.48417e-005,8.89601e-006,,,,,,
-1.84634e-006,1.19173e-005,,,,,,
-2.70237e-005,1.12459e-005,,,,,,
-3.57519e-005,1.12459e-005,,,,,,
-2.56809e-005,7.88891e-006,,,,,,
-2.81987e-005,1.99741e-005,,,,,,
-2.81987e-005,1.69528e-005,,,,,,
-4.86763e-006,-4.19623e-006,,,,,,
6.21042e-006,1.12459e-005,,,,,,
1.52743e-005,1.15816e-005,,,,,,
1.67849e-006,5.03548e-007,,,,,,
-3.45769e-005,3.18914e-006,,,,,,
-4.26337e-005,2.34989e-006,,,,,,
-3.72625e-005,2.51774e-006,,,,,,
-2.93736e-005,7.21752e-006,,,,,,
-3.30663e-005,1.59457e-005,,,,,,
-4.58228e-005,1.22530e-005,,,,,,
-3.00450e-005,-4.86763e-006,,,,,,
9.90310e-006,-6.37827e-006,,,,,,
1.05745e-005,1.67849e-007,,,,,,
7.55322e-006,4.53193e-006,,,,,,
2.73594e-005,9.56741e-006,,,,,,
3.64233e-005,1.05745e-005,,,,,,
4.54871e-005,9.90310e-006,,,,,,
4.76692e-005,1.84634e-006,,,,,,
3.00450e-005,5.53903e-006,,,,,,
1.98062e-005,-1.51064e-006,,,,,,
1.29244e-005,-2.85344e-006,,,,,,
-5.52224e-005,6.21042e-006,,,,,,
-1.33104e-004,1.04067e-005,,,,,,
-1.34447e-004,4.53193e-006,,,,,,
-8.25818e-005,3.18914e-006,,,,,,
-1.32601e-005,5.20333e-006,,,,,,
9.61776e-005,1.66171e-005,,,,,,
1.12291e-004,-9.23171e-006,,,,,,
7.33501e-005,-1.62814e-005,,,,,,
4.17945e-005,-5.03548e-006,,,,,,
2.13169e-005,-7.55322e-006,,,,,,
-3.32342e-005,-2.18204e-006,,,,,,
-1.10613e-004,4.53193e-006,,,,,,
-7.28466e-005,-3.52483e-006,,,,,,
2.33310e-005,-1.02388e-005,,,,,,
8.03998e-005,-1.17494e-005,,,,,,
4.49836e-005,-1.52743e-005,,,,,,
1.67849e-007,-1.67849e-005,,,,,,
-4.48157e-005,-7.21752e-006,,,,,,
-1.50225e-004,9.23171e-006,,,,,,
-2.02930e-004,1.00710e-005,,,,,,
-2.25757e-004,-7.21752e-006,,,,,,
-2.57649e-004,-1.99741e-005,,,,,,
-2.54795e-004,-2.13169e-005,,,,,,
-2.10651e-004,3.18914e-006,,,,,,
-1.39818e-004,6.47898e-005,,,,,,
-5.03548e-007,-1.67849e-007,,,,,,
1.18669e-004,-1.03059e-004,,,,,,
1.41329e-004,-7.31823e-005,,,,,,
7.26787e-005,-2.04776e-005,,,,,,
-3.69268e-006,1.00710e-005,,,,,,
4.53193e-005,9.38277e-005,,,,,,
1.60800e-004,4.44800e-005,,,,,,
2.40864e-004,-9.98703e-005,,,,,,
2.34150e-004,-2.01251e-004,,,,,,
1.82116e-004,2.13169e-005,,,,,,
8.29175e-005,2.90379e-004,,,,,,
-7.83856e-005,1.45861e-004,,,,,,
-2.03433e-004,-9.23171e-006,,,,,,
-2.91890e-004,2.51774e-005,,,,,,
-2.38178e-004,6.26078e-005,,,,,,
-5.08583e-005,3.69268e-005,,,,,,
9.28206e-005,-2.18204e-005,,,,,,
1.64324e-004,-9.06386e-006,,,,,,
1.33272e-004,-1.12459e-005,,,,,,
4.14588e-005,-1.06249e-004,,,,,,
2.18204e-005,-1.55932e-004,,,,,,
-2.90379e-005,-9.34920e-005,,,,,,
-2.17700e-004,5.16976e-005,,,,,,
-3.25292e-004,1.25887e-004,,,,,,
-1.95041e-004,3.57519e-005,,,,,,
2.83665e-005,-1.40490e-004,,,,,,
1.66506e-004,4.19623e-006,,,,,,
2.85344e-004,2.21393e-004,,,,,,
4.65782e-004,8.02319e-005,,,,,,
4.35904e-004,4.38087e-005,,,,,,
1.48547e-004,1.17998e-004,,,,,,
-6.61326e-005,3.34020e-005,,,,,,
-2.22568e-004,-8.20783e-005,,,,,,
-3.83703e-004,-1.25048e-004,,,,,,
-5.38628e-004,-1.87320e-004,,,,,,
-6.64851e-004,-1.93530e-004,,,,,,
-4.73671e-004,-5.87472e-005,,,,,,
-2.18036e-004,2.80476e-004,,,,,,
2.31632e-005,4.35233e-004,,,,,,
1.53582e-004,3.61044e-004,,,,,,
1.97223e-004,2.54124e-004,,,,,,
2.34821e-004,9.90310e-006,,,,,,
2.15015e-004,-2.97597e-004,,,,,,
6.59647e-005,-3.16732e-004,,,,,,
-9.81918e-005,-1.62646e-004,,,,,,
-1.91852e-004,-1.17494e-006,,,,,,
-4.71656e-005,1.80774e-004,,,,,,
3.47448e-004,2.20050e-004,,,,,,
3.73297e-004,-3.07164e-005,,,,,,
3.41909e-004,-2.56809e-004,,,,,,
2.34150e-004,-2.82322e-004,,,,,,
9.63455e-005,-2.05615e-004,,,,,,
2.33310e-005,-1.45861e-004,,,,,,
-7.46929e-005,-1.59625e-004,,,,,,
-1.87320e-004,-1.49889e-004,,,,,,
-1.33440e-004,-4.71656e-005,,,,,,
1.00206e-004,1.25887e-004,,,,,,
1.44518e-004,1.20684e-004,,,,,,
8.37568e-005,1.35622e-004,,,,,,
9.21492e-005,2.11658e-004,,,,,,
-3.87732e-005,1.95209e-004,,,,,,
-3.12367e-004,6.49577e-005,,,,,,
-5.95529e-004,-6.36149e-005,,,,,,
-7.16716e-004,-3.05150e-004,,,,,,
-6.51423e-004,-4.16602e-004,,,,,,
-4.35401e-004,-2.10315e-004,,,,,,
-2.15015e-004,-1.07591e-004,,,,,,
6.09293e-005,-1.14977e-004,,,,,,
3.59533e-004,-3.87732e-005,,,,,,
4.19791e-004,8.07355e-005,,,,,,
4.71153e-004,3.55673e-004,,,,,,
2.82490e-004,4.76860e-004,,,,,,
1.03563e-004,1.56603e-004,,,,,,
-1.82956e-005,-4.19623e-006,,,,,,
-1.12627e-004,7.63714e-005,,,,,,
-2.70237e-005,-7.68750e-005,,,,,,
1.42168e-004,-2.29786e-004,,,,,,
2.24414e-004,-1.28237e-004,,,,,,
7.53643e-005,7.36858e-005,,,,,,
6.54612e-006,-6.41184e-005,,,,,,
-5.69009e-005,-1.81781e-004,,,,,,
-2.72084e-004,-4.85084e-005,,,,,,
-5.08751e-004,4.61585e-005,,,,,,
-4.09888e-004,1.13298e-004,,,,,,
-1.92859e-004,4.59907e-005,,,,,,
-2.13169e-005,2.44892e-004,,,,,,
1.42504e-004,4.36576e-004,,,,,,
3.36706e-004,2.04608e-004,,,,,,
3.69436e-004,-9.73526e-006,,,,,,
3.24956e-004,-4.21302e-005,,,,,,
2.20386e-004,-6.34470e-005,,,,,,
-4.04517e-005,-1.60967e-004,,,,,,
-2.08301e-004,-2.69398e-004,,,,,,
-1.75067e-004,-1.99573e-004,,,,,,
-1.01213e-004,-2.38346e-005,,,,,,
-5.72366e-005,1.27398e-004,,,,,,
8.15747e-005,3.24117e-004,,,,,,
2.65034e-004,2.63691e-004,,,,,,
2.56641e-004,-9.75204e-005,,,,,,
1.45357e-004,-4.46479e-004,,,,,,
1.68353e-004,-5.15969e-004,,,,,,
3.18914e-005,-3.72457e-004,,,,,,
-2.34150e-004,-3.17906e-004,,,,,,
-2.66712e-004,-6.89860e-005,,,,,,
-1.85641e-004,3.26802e-004,,,,,,
-9.41634e-005,5.32082e-004,,,,,,
8.10712e-005,5.13787e-004,,,,,,
7.33501e-005,3.54330e-004,,,,,,
8.76173e-005,3.00618e-004,,,,,,
1.19341e-004,1.07927e-004,,,,,,
4.49836e-005,-5.82437e-005,,,,,,
-1.25383e-004,-5.18654e-005,,,,,,
-2.73259e-004,-1.49386e-005,,,,,,
-1.49050e-004,5.79080e-005,,,,,,
-9.04707e-005,-4.86763e-006,,,,,,
3.27306e-005,-2.51606e-004,,,,,,
3.90417e-004,-3.52987e-004,,,,,,
4.87938e-004,-2.06287e-004,,,,,,
2.42039e-004,-7.67071e-005,,,,,,
-2.93736e-005,-1.91348e-004,,,,,,
-2.42542e-004,-2.66377e-004,,,,,,
-5.48363e-004,-1.97223e-004,,,,,,
-7.35012e-004,-1.90173e-004,,,,,,
-5.00694e-004,1.29244e-005,,,,,,
-2.24079e-004,4.77699e-004,,,,,,
-6.64683e-005,6.10468e-004,,,,,,
-1.96384e-005,3.11025e-004,,,,,,
-4.75013e-005,1.36797e-004,,,,,,
-4.41444e-005,5.11940e-005,,,,,,
3.45769e-005,-1.28069e-004,,,,,,
8.24140e-005,-2.43885e-004,,,,,,
1.04234e-004,-1.65667e-004,,,,,,
1.03563e-004,-1.22362e-004,,,,,,
8.32532e-005,-1.34783e-004,,,,,,
9.76883e-005,-5.70687e-005,,,,,,
2.09140e-004,-6.16007e-005,,,,,,
2.17533e-004,-1.71710e-004,,,,,,
1.01549e-004,-1.83795e-004,,,,,,
4.93477e-005,-1.40826e-004,,,,,,
-3.18914e-006,-2.07630e-004,,,,,,
-5.18654e-005,-2.60670e-004,,,,,,
-5.06905e-005,-1.45525e-004,,,,,,
-8.56031e-006,-6.68040e-005,,,,,,
5.11940e-005,1.20851e-005,,,,,,
7.90570e-005,1.41497e-004,,,,,,
9.51705e-005,1.40154e-004,,,,,,
1.52575e-004,1.43511e-004,,,,,,
2.03769e-004,2.14511e-004,,,,,,
2.23911e-004,1.70367e-004,,,,,,
8.56031e-005,6.63004e-005,,,,,,
-7.06645e-005,2.80308e-005,,,,,,
-2.39521e-004,4.69978e-006,,,,,,
-4.22980e-004,-5.65652e-005,,,,,,
-4.72160e-004,-1.19509e-004,,,,,,
-3.68765e-004,-1.53246e-004,,,,,,
-2.67720e-004,-6.00900e-005,,,,,,
-7.10002e-005,-6.21042e-006,,,,,,
8.81209e-005,-1.39315e-005,,,,,,
1.83795e-004,-1.93027e-005,,,,,,
1.96887e-004,-2.13169e-005,,,,,,
1.26055e-004,-1.25887e-005,,,,,,
1.52407e-004,-6.37827e-006,,,,,,
1.40826e-004,3.57519e-005,,,,,,
6.96574e-005,6.00900e-005,,,,,,
3.40734e-005,-3.23949e-005,,,,,,
1.59457e-005,-9.81918e-005,,,,,,
1.79599e-005,-8.17426e-005,,,,,,
-1.66171e-005,-3.67590e-005,,,,,,
-4.58228e-005,1.59457e-005,,,,,,
-3.32342e-005,-3.18914e-006,,,,,,
-8.22461e-006,1.79599e-005,,,,,,
2.97093e-005,2.06455e-005,,,,,,
-2.85344e-006,-5.53903e-006,,,,,,
-4.68299e-005,3.37377e-005,,,,,,
-5.74044e-005,6.83146e-005,,,,,,
-1.30755e-004,3.27306e-005,,,,,,
-5.85794e-005,1.19173e-005,,,,,,
1.60128e-004,-1.25887e-005,,,,,,
2.38849e-004,-3.34020e-005,,,,,,
1.00038e-004,-3.87732e-005,,,,,,
-1.49386e-005,-4.31373e-005,,,,,,
-1.61303e-004,-6.19364e-005,,,,,,
-3.43587e-004,5.03548e-006,,,,,,
-2.56474e-004,9.90310e-006,,,,,,
-2.43381e-005,1.34279e-006,,,,,,
1.15648e-004,4.58228e-005,,,,,,
1.97894e-004,9.85275e-005,,,,,,
9.66812e-005,1.07759e-004,,,,,,
-5.79080e-005,4.04517e-005,,,,,,
-1.61639e-004,2.58488e-005,,,,,,
-3.21935e-004,2.66880e-005,,,,,,
-3.62219e-004,-3.13878e-005,,,,,,
-2.62013e-004,-1.49386e-005,,,,,,
-5.42153e-005,2.48417e-005,,,,,,
2.78630e-005,6.56291e-005,,,,,,
1.12459e-005,8.49317e-005,,,,,,
-5.15297e-005,1.67849e-007,,,,,,
-8.30854e-005,-4.04517e-005,,,,,,
-7.50286e-005,-3.97803e-005,,,,,,
-2.66880e-005,-4.21302e-005,,,,,,
2.85344e-006,-3.64233e-005,,,,,,
4.61585e-005,-3.20592e-005,,,,,,
1.29076e-004,7.38537e-006,,,,,,
1.64996e-004,1.82956e-005,,,,,,
1.48882e-004,6.88182e-006,,,,,,
1.11955e-004,5.87472e-006,,,,,,
5.43832e-005,-1.67849e-007,,,,,,
1.86313e-005,-2.18204e-005,,,,,,
2.23239e-005,-5.65652e-005,,,,,,
1.84634e-006,-8.56031e-006,,,,,,
-3.52483e-006,9.38277e-005,,,,,,
2.16526e-005,5.87472e-005,,,,,,
9.88632e-005,6.54612e-006,,,,,,
5.69009e-005,1.62814e-005,,,,,,
-1.59457e-005,-9.04707e-005,,,,,,
-3.37377e-005,-1.22362e-004,,,,,,
-2.06455e-005,-1.82956e-005,,,,,,
-8.27497e-005,-4.19623e-006,,,,,,
-1.70031e-004,-2.76951e-005,,,,,,
-1.34447e-004,-3.94446e-005,,,,,,
-9.48348e-005,-4.19623e-006,,,,,,
-4.61585e-005,7.88891e-006,,,,,,
1.93027e-005,-1.51064e-005,,,,,,
-9.23171e-006,-7.55322e-006,,,,,,
-3.64233e-005,8.39246e-007,,,,,,
-3.18914e-005,-8.39246e-006,,,,,,
-1.64492e-005,1.84634e-006,,,,,,
-1.35958e-005,6.49577e-005,,,,,,
2.38346e-005,6.56291e-005,,,,,,
5.08583e-005,2.93736e-005,,,,,,
8.22461e-006,3.18914e-005,,,,,,
-3.60876e-005,2.73594e-005,,,,,,
1.17494e-005,-1.29244e-005,,,,,,
5.47189e-005,-1.46029e-005,,,,,,
2.76951e-005,3.44091e-005,,,,,,
9.39956e-006,3.27306e-005,,,,,,
-4.86763e-006,1.47707e-005,,,,,,
-4.19623e-006,-1.89670e-005,,,,,,
-7.46929e-005,-2.29953e-005,,,,,,
-1.18669e-004,-2.73594e-005,,,,,,
-7.30144e-005,-5.33761e-005,,,,,,
-3.03807e-005,-3.87732e-005,,,,,,
9.90310e-006,1.52743e-005,,,,,,
3.47448e-005,-1.22530e-005,,,,,,
1.22530e-005,-2.63523e-005,,,,,,
-3.03807e-005,-2.16526e-005,,,,,,
-5.06905e-005,-3.67590e-005,,,,,,
-2.11490e-005,-2.43381e-005,,,,,,
1.67849e-006,-1.42672e-005,,,,,,
5.87472e-006,-2.36667e-005,,,,,,
2.26596e-005,-1.96384e-005,,,,,,
-5.20333e-006,-6.88182e-006,,,,,,
-6.37827e-006,4.53193e-006,,,,,,
-5.70687e-006,3.23949e-005,,,,,,
1.98062e-005,4.21302e-005,,,,,,
8.05676e-005,2.09812e-005,,,,,,
4.14588e-005,6.71397e-006,,,,,,
-8.56031e-006,2.03098e-005,,,,,,
-3.47448e-005,5.42153e-005,,,,,,
-9.88632e-005,7.43572e-005,,,,,,
-9.75204e-005,-7.04967e-006,,,,,,
-5.30404e-005,-1.12459e-005,,,,,,
-4.46479e-005,-1.24208e-005,,,,,,
-3.81018e-005,-2.63523e-005,,,,,,
-2.16526e-005,-4.80049e-005,,,,,,
-8.89601e-006,-8.14069e-005,,,,,,
-4.85084e-005,-5.75723e-005,,,,,,
-1.22698e-004,-6.89860e-005,,,,,,
-1.25383e-004,-7.70428e-005,,,,,,
-6.74754e-005,-1.10781e-005,,,,,,
-7.55322e-006,2.38346e-005,,,,,,
8.67781e-005,7.36858e-005,,,,,,
1.30755e-004,1.03899e-004,,,,,,
8.56031e-005,2.80308e-005,,,,,,
2.13169e-005,9.56741e-006,,,,,,
-9.56741e-006,1.93027e-005,,,,,,
1.40993e-005,1.99741e-005,,,,,,
3.86053e-005,1.72885e-005,,,,,,
8.22461e-005,2.87022e-005,,,,,,
7.63714e-005,3.92767e-005,,,,,,
-3.30663e-005,2.50095e-005,,,,,,
-1.04234e-004,2.87022e-005,,,,,,
-6.27756e-005,2.45060e-005,,,,,,
-4.85084e-005,2.51774e-006,,,,,,
-4.17945e-005,-6.04257e-006,,,,,,
-1.93027e-005,-7.55322e-006,,,,,,
-2.16526e-005,1.71206e-005,,,,,,
-5.08583e-005,3.03807e-005,,,,,,
-4.88441e-005,6.88182e-006,,,,,,
-3.12200e-005,1.00710e-006,,,,,,
2.51774e-006,-2.03098e-005,,,,,,
3.17235e-005,-4.63264e-005,,,,,,
1.71206e-005,-3.91089e-005,,,,,,
-4.86763e-006,-3.97803e-005,,,,,,
-1.42672e-005,-3.59197e-005,,,,,,
-1.72885e-005,-5.20333e-006,,,,,,
-2.03098e-005,6.54612e-006,,,,,,
-3.69268e-005,1.02388e-005,,,,,,
-6.84825e-005,2.50095e-005,,,,,,
-6.73075e-005,-2.23239e-005,,,,,,
-4.48157e-005,-4.12909e-005,,,,,,
-3.18914e-005,-1.39315e-005,,,,,,
-2.83665e-005,1.05745e-005,,,,,,
-1.49386e-005,4.19623e-006,,,,,,
-4.19623e-006,-1.56100e-005,,,,,,
-1.35958e-005,-2.80308e-005,,,,,,
-1.89670e-005,-5.55581e-005,,,,,,
-2.09812e-005,-5.25368e-005,,,,,,
-1.46029e-005,-3.13878e-005,,,,,,
1.81277e-005,-1.69528e-005,,,,,,
4.68299e-005,-6.37827e-006,,,,,,
5.57259e-005,5.20333e-006,,,,,,
3.30663e-005,7.21752e-006,,,,,,
4.86763e-006,1.39315e-005,,,,,,
-4.19623e-006,-4.86763e-006,,,,,,
7.88891e-006,-1.22530e-005,,,,,,
1.69528e-005,-1.56100e-005,,,,,,
2.51774e-006,-1.15816e-005,,,,,,
-1.54421e-005,4.34730e-005,,,,,,
-2.04776e-005,4.34730e-005,,,,,,
-2.98772e-005,-1.84634e-006,,,,,,
-4.06195e-005,2.48417e-005,,,,,,
-4.58228e-005,8.44282e-005,,,,,,
-7.15038e-005,9.65133e-005,,,,,,
-8.77852e-005,6.42863e-005,,,,,,
-7.30144e-005,-7.55322e-006,,,,,,
-6.94896e-005,-4.24659e-005,,,,,,
-5.99222e-005,-2.23239e-005,,,,,,
-1.72885e-005,1.59457e-005,,,,,,
2.80308e-005,4.19623e-005,,,,,,
3.81018e-005,8.47639e-005,,,,,,
1.09102e-005,9.98703e-005,,,,,,
-1.72885e-005,3.12200e-005,,,,,,
-2.08133e-005,-3.59197e-005,,,,,,
1.51064e-006,-1.84634e-005,,,,,,
2.45060e-005,-5.00191e-005,,,,,,
3.42412e-005,-6.09293e-005,,,,,,
2.36667e-005,-4.98512e-005,,,,,,
-1.32601e-005,-9.21492e-005,,,,,,
-3.87732e-005,-1.11116e-004,,,,,,
-3.10521e-005,-1.02220e-004,,,,,,
-2.76951e-005,-7.15038e-005,,,,,,
-3.60876e-005,-8.67781e-005,,,,,,
-4.71656e-005,-2.13169e-004,,,,,,
-6.07614e-005,-4.14588e-005,,,,,,
-5.55581e-005,2.65370e-004,,,,,,
-5.70687e-006,2.45563e-004,,,,,,
3.12200e-005,2.11994e-004,,,,,,
3.65911e-005,1.64492e-004,,,,,,
2.56809e-005,5.72366e-005,,,,,,
3.86053e-006,3.35698e-006,,,,,,
2.51774e-006,4.46479e-005,,,,,,
1.12459e-005,3.37377e-005,,,,,,
4.21302e-005,-3.03807e-005,,,,,,
5.67330e-005,-2.01419e-005,,,,,,
5.18654e-005,-9.73526e-006,,,,,,
3.60876e-005,-6.98253e-005,,,,,,
1.69528e-005,-1.16320e-004,,,,,,
3.00450e-005,-1.60632e-004,,,,,,
2.23239e-005,-1.80941e-004,,,,,,
-8.39246e-007,-2.23575e-004,,,,,,
-2.29953e-005,-1.97559e-004,,,,,,
-4.69978e-005,-3.65911e-005,,,,,,
-6.51255e-005,4.53193e-006,,,,,,
-9.01350e-005,1.79599e-005,,,,,,
-1.08263e-004,1.36461e-004,,,,,,
-1.28740e-004,1.56939e-004,,,,,,
-1.43175e-004,2.60334e-004,,,,,,
-1.15648e-004,2.54292e-004,,,,,,
-9.76883e-005,6.47898e-005,,,,,,
-7.03288e-005,1.39315e-005,,,,,,
-3.52483e-005,-4.31373e-005,,,,,,
-2.11490e-005,-1.04402e-004,,,,,,
-2.63523e-005,-2.18204e-006,,,,,,
-3.50805e-005,-2.29953e-005,,,,,,
-2.29953e-005,-7.67071e-005,,,,,,
5.20333e-006,-3.23949e-005,,,,,,
1.22530e-005,7.57000e-005,,,,,,
5.60616e-005,9.71847e-005,,,,,,
8.30854e-005,-6.46220e-005,,,,,,
7.33501e-005,-2.30625e-004,,,,,,
2.43381e-005,-1.15816e-004,,,,,,
2.34989e-005,5.42153e-005,,,,,,
2.34989e-005,5.52224e-005,,,,,,
-5.87472e-006,-8.44282e-005,,,,,,
6.54612e-006,-1.98230e-004,,,,,,
3.79339e-005,-2.42206e-004,,,,,,
9.41634e-005,-1.76410e-004,,,,,,
1.27398e-004,-6.26078e-005,,,,,,
8.50996e-005,2.66880e-005,,,,,,
1.34279e-005,1.41329e-004,,,,,,
-4.33051e-005,1.14977e-004,,,,,,
-1.11955e-004,1.03731e-004,,,,,,
-1.68185e-004,5.38796e-005,,,,,,
-1.40826e-004,-9.39956e-006,,,,,,
-7.95605e-005,-2.51774e-005,,,,,,
-1.99741e-005,-3.70947e-005,,,,,,
2.46738e-005,-1.49386e-005,,,,,,
2.76951e-005,1.32601e-005,,,,,,
4.64942e-005,1.24208e-005,,,,,,
3.08843e-005,4.61585e-005,,,,,,
-2.83665e-005,6.66362e-005,,,,,,
-7.88891e-005,8.71138e-005,,,,,,
-9.41634e-005,8.81209e-005,,,,,,
-6.91539e-005,-1.32601e-005,,,,,,
-2.60166e-005,-9.18135e-005,,,,,,
-6.54612e-006,-5.92508e-005,,,,,,
-3.84375e-005,-5.87472e-006,,,,,,
-4.93477e-005,3.70947e-005,,,,,,
-4.95155e-005,7.50286e-005,,,,,,
-5.05226e-005,1.55596e-004,,,,,,
-4.86763e-006,1.73556e-004,,,,,,
5.58938e-005,1.17327e-004,,,,,,
9.21492e-005,1.24712e-004,,,,,,
8.14069e-005,1.10613e-004,,,,,,
3.81018e-005,3.20592e-005,,,,,,
2.29953e-005,-2.75273e-005,,,,,,
1.81277e-005,-7.15038e-005,,,,,,
-1.66171e-005,-9.14778e-005,,,,,,
-4.31373e-005,-6.52934e-005,,,,,,
-6.76432e-005,-2.70237e-005,,,,,,
-9.63455e-005,-4.02838e-006,,,,,,
-1.04570e-004,3.69268e-006,,,,,,
-6.39506e-005,-2.51774e-006,,,,,,
-3.69268e-006,-6.61326e-005,,,,,,
3.25628e-005,-1.13298e-004,,,,,,
2.18204e-005,-2.53452e-005,,,,,,
1.66171e-005,1.49386e-005,,,,,,
5.35439e-005,-7.10002e-005,,,,,,
4.16266e-005,-4.17945e-005,,,,,,
3.72625e-005,4.21302e-005,,,,,,
4.48157e-005,3.50805e-005,,,,,,
6.54612e-006,-1.40658e-004,,,,,,
-2.90379e-005,-8.27497e-005,,,,,,
-8.81209e-005,8.61067e-005,,,,,,
-1.19677e-004,7.50286e-005,,,,,,
-4.58228e-005,2.90379e-005,,,,,,
-6.02579e-005,1.29244e-005,,,,,,
-8.54353e-005,6.88182e-006,,,,,,
-1.71206e-005,1.02388e-005,,,,,,
2.11490e-005,1.82956e-005,,,,,,
1.99741e-005,3.67590e-005,,,,,,
6.88182e-006,9.56741e-006,,,,,,
-3.91089e-005,-1.17494e-004,,,,,,
-1.05241e-004,-1.90845e-004,,,,,,
-6.79789e-005,-1.70703e-004,,,,,,
-1.72885e-005,-1.35119e-004,,,,,,
-3.20592e-005,-7.57000e-005,,,,,,
-4.75013e-005,4.53193e-006,,,,,,
-4.61585e-005,5.89151e-005,,,,,,
-7.21752e-006,8.30854e-005,,,,,,
2.87022e-005,1.06416e-004,,,,,,
4.21302e-005,9.65133e-005,,,,,,
6.79789e-005,7.36858e-005,,,,,,
2.41703e-005,3.59197e-005,,,,,,
-6.37827e-006,-5.72366e-005,,,,,,
5.20333e-006,-1.46197e-004,,,,,,
3.86053e-006,-1.19341e-004,,,,,,
1.39315e-005,-5.43832e-005,,,,,,
-1.96384e-005,2.58488e-005,,,,,,
-6.07614e-005,8.61067e-005,,,,,,
-7.67071e-005,1.05409e-004,,,,,,
-7.85534e-005,1.02556e-004,,,,,,
-2.06455e-005,4.61585e-005,,,,,,
5.35439e-005,-1.49386e-005,,,,,,
7.73785e-005,-5.03548e-005,,,,,,
4.86763e-005,-5.62295e-005,,,,,,
8.72816e-006,-5.00191e-005,,,,,,
1.51064e-006,-4.24659e-005,,,,,,
3.00450e-005,-1.46029e-005,,,,,,
5.32082e-005,6.54612e-006,,,,,,
3.86053e-006,-8.22461e-006,,,,,,
-9.04707e-005,-3.40734e-005,,,,,,
-1.35286e-004,-6.12650e-005,,,,,,
-1.00877e-004,-8.54353e-005,,,,,,
3.86053e-006,-8.87923e-005,,,,,,
8.74495e-005,-8.14069e-005,,,,,,
8.25818e-005,-4.11231e-005,,,,,,
3.99481e-005,1.17494e-005,,,,,,
-2.13169e-005,6.12650e-005,,,,,,
-6.16007e-005,1.23369e-004,,,,,,
-4.71656e-005,1.24041e-004,,,,,,
-3.57519e-005,6.41184e-005,,,,,,
-6.69719e-005,3.39055e-005,,,,,,
-5.18654e-005,-9.90310e-006,,,,,,
-3.54162e-005,-9.56741e-006,,,,,,
-1.29244e-005,-3.84375e-005,,,,,,
-6.63004e-005,-7.77142e-005,,,,,,
-6.88182e-005,-3.40734e-005,,,,,,
-6.42863e-005,4.01160e-005,,,,,,
-5.62295e-005,9.78561e-005,,,,,,
-4.19623e-006,1.07256e-004,,,,,,
-1.30922e-005,7.50286e-005,,,,,,
-2.13169e-005,2.26596e-005,,,,,,
-3.20592e-005,-1.05745e-005,,,,,,
-9.23171e-006,-2.83665e-005,,,,,,
4.86763e-006,-4.07874e-005,,,,,,
-4.86763e-006,-2.23239e-005,,,,,,
5.13619e-005,-8.89601e-006,,,,,,
6.21042e-005,-1.84634e-006,,,,,,
-2.36667e-005,-1.00710e-006,,,,,,
-8.20783e-005,-3.18914e-006,,,,,,
-5.45510e-005,-3.28984e-005,,,,,,
-4.39765e-005,-4.39765e-005,,,,,,
-3.94446e-005,-6.83146e-005,,,,,,
9.23171e-006,-9.31563e-005,,,,,,
3.54162e-005,-4.04517e-005,,,,,,
4.58228e-005,-3.79339e-005,,,,,,
4.73335e-005,1.91348e-005,,,,,,
1.66171e-005,1.05745e-005,,,,,,
-7.55322e-006,-8.56031e-006,,,,,,
-3.18914e-006,-1.29244e-005,,,,,,
-3.96124e-005,-3.50805e-005,,,,,,
-1.09941e-004,-4.54871e-005,,,,,,
-5.62295e-005,-4.98512e-005,,,,,,
-3.02129e-005,-6.54612e-006,,,,,,
-4.98512e-005,1.59457e-005,,,,,,
-3.55840e-005,7.88891e-006,,,,,,
-2.11490e-005,3.65911e-005,,,,,,
-6.54612e-006,4.06195e-005,,,,,,
1.05745e-005,2.11490e-005,,,,,,
2.13169e-005,-4.86763e-006,,,,,,
-6.37827e-006,-1.79599e-005,,,,,,
-1.67849e-007,-2.04776e-005,,,,,,
1.79599e-005,-1.12459e-005,,,,,,
3.86053e-006,-2.29953e-005,,,,,,
2.43381e-005,-6.27756e-005,,,,,,
4.81727e-005,-5.45510e-005,,,,,,
2.98772e-005,-2.58488e-005,,,,,,
3.52483e-006,-8.89601e-006,,,,,,
-1.05745e-005,-2.66880e-005,,,,,,
-3.07164e-005,-2.06455e-005,,,,,,
-2.87022e-005,-2.03098e-005,,,,,,
-1.29244e-005,-3.47448e-005,,,,,,
-1.52743e-005,-1.89670e-005,,,,,,
-2.06455e-005,-1.20851e-005,,,,,,
-2.40024e-005,-1.46029e-005,,,,,,
-1.30922e-005,-6.21042e-006,,,,,,
-1.99741e-005,1.17494e-006,,,,,,
-1.93027e-005,-1.67849e-007,,,,,,
-1.09102e-005,1.09102e-005,,,,,,
-1.42672e-005,2.16526e-005,,,,,,
-3.81018e-005,2.19883e-005,,,,,,
-3.44091e-005,1.35958e-005,,,,,,
-5.53903e-006,1.44350e-005,,,,,,
8.39246e-006,1.67849e-005,,,,,,
-6.88182e-006,1.04067e-005,,,,,,
-2.16526e-005,1.84634e-006,,,,,,
-2.95415e-005,1.89670e-005,,,,,,
-2.92058e-005,2.46738e-005,,,,,,
-2.51774e-005,4.86763e-006,,,,,,
-1.62814e-005,4.19623e-006,,,,,,
-1.71206e-005,1.52743e-005,,,,,,
-1.79599e-005,2.73594e-005,,,,,,
-1.52743e-005,3.60876e-005,,,,,,
-2.51774e-006,3.28984e-005,,,,,,
-1.15816e-005,3.00450e-005,,,,,,
-1.67849e-005,1.64492e-005,,,,,,
-1.52743e-005,1.76242e-005,,,,,,
-2.34989e-005,1.93027e-005,,,,,,
-1.32601e-005,2.06455e-005,,,,,,
-1.51064e-005,2.03098e-005,,,,,,
-2.90379e-005,1.32601e-005,,,,,,
-3.60876e-005,1.12459e-005,,,,,,
-4.14588e-005,1.49386e-005,,,,,,
-4.48157e-005,1.59457e-005,,,,,,
-1.49386e-005,9.90310e-006,,,,,,
1.37636e-005,4.19623e-006,,,,,,
-4.36408e-006,1.00710e-006,,,,,,
-2.31632e-005,-1.10781e-005,,,,,,
-3.84375e-005,-1.25887e-005,,,,,,
-2.16526e-005,-1.15816e-005,,,,,,
8.89601e-006,-2.03098e-005,,,,,,
1.76242e-005,-3.34020e-005,,,,,,
8.89601e-006,-3.89410e-005,,,,,,
-5.03548e-006,-2.83665e-005,,,,,,
6.88182e-006,-4.28016e-005,,,,,,
3.12200e-005,-5.16976e-005,,,,,,
2.51774e-005,-4.71656e-005,,,,,,
8.89601e-006,-4.24659e-005,,,,,,
1.67849e-007,-3.54162e-005,,,,,,
-9.90310e-006,-3.67590e-005,,,,,,
-3.02129e-005,-2.98772e-005,,,,,,
-3.86053e-005,-1.76242e-005,,,,,,
-3.20592e-005,-1.02388e-005,,,,,,
-3.30663e-005,-1.76242e-005,,,,,,
-2.06455e-005,-2.51774e-005,,,,,,
5.03548e-007,-2.90379e-005,,,,,,
8.56031e-006,-1.82956e-005,,,,,,
-6.37827e-006,1.46029e-005,,,,,,
-2.66880e-005,5.87472e-006,,,,,,
-5.80758e-005,3.86053e-006,,,,,,
-5.95865e-005,4.86763e-006,,,,,,
-1.51064e-005,9.23171e-006,,,,,,
2.09812e-005,1.42672e-005,,,,,,
6.14328e-005,-1.49386e-005,,,,,,
1.07256e-004,-1.10781e-005,,,,,,
1.10277e-004,2.51774e-006,,,,,,
8.44282e-005,-1.00710e-005,,,,,,
8.30854e-005,-2.78630e-005,,,,,,
1.33608e-004,-4.09552e-005,,,,,,
1.35454e-004,-2.61845e-005,,,,,,
1.31090e-004,1.17494e-005,,,,,,
5.47189e-005,5.40475e-005,,,,,,
-5.15297e-005,8.77852e-005,,,,,,
-1.97894e-004,7.77142e-005,,,,,,
-3.26299e-004,2.90379e-005,,,,,,
-4.20294e-004,4.54871e-005,,,,,,
-4.13413e-004,4.86763e-006,,,,,,
-2.60670e-004,-1.06584e-004,,,,,,
-7.46929e-005,-6.96574e-005,,,,,,
4.88441e-005,7.06645e-005,,,,,,
1.34447e-004,1.29747e-004,,,,,,
1.30755e-004,9.51705e-005,,,,,,
-2.18204e-005,3.60876e-005,,,,,,
-1.30251e-004,1.05745e-005,,,,,,
-1.34112e-004,-6.21042e-006,,,,,,
-6.54612e-005,-1.83795e-004,,,,,,
6.68040e-005,-3.20256e-004,,,,,,
2.26764e-004,-2.64530e-004,,,,,,
3.92264e-004,-1.94873e-004,,,,,,
4.91630e-004,-6.66362e-005,,,,,,
4.40940e-004,9.91989e-005,,,,,,
1.68856e-004,1.04906e-004,,,,,,
-1.45190e-004,1.12627e-004,,,,,,
-3.75479e-004,1.85809e-004,,,,,,
-4.71824e-004,2.45563e-004,,,,,,
-4.21805e-004,3.08003e-004,,,,,,
-2.98604e-004,4.65782e-004,,,,,,
-1.23705e-004,4.34226e-004,,,,,,
-5.53903e-006,1.54925e-004,,,,,,
3.57519e-005,2.13169e-005,,,,,,
-5.95865e-005,3.02129e-006,,,,,,
-1.51064e-004,-1.17494e-005,,,,,,
-2.43381e-004,-5.03548e-006,,,,,,
-2.81651e-004,-3.77661e-005,,,,,,
-1.72381e-004,-4.90120e-005,,,,,,
-5.00191e-005,-1.49218e-004,,,,,,
1.92020e-004,-3.33852e-004,,,,,,
3.88571e-004,-4.89616e-004,,,,,,
3.16732e-004,-3.96124e-004,,,,,,
2.34821e-004,-1.34112e-004,,,,,,
1.44183e-004,-1.12963e-004,,,,,,
2.29953e-005,-4.88441e-005,,,,,,
-2.33310e-005,5.74044e-005,,,,,,
-1.22530e-005,2.65202e-005,,,,,,
2.23239e-005,1.42840e-004,,,,,,
1.97894e-004,3.93271e-004,,,,,,
3.73129e-004,2.98604e-004,,,,,,
5.58434e-004,1.74899e-004,,,,,,
6.20203e-004,2.92058e-005,,,,,,
2.48585e-004,-1.76074e-004,,,,,,
-2.41871e-004,-2.23743e-004,,,,,,
-6.44877e-004,-1.00542e-004,,,,,,
-8.74495e-004,-4.26337e-005,,,,,,
-9.07057e-004,1.35958e-005,,,,,,
-7.83352e-004,1.81781e-004,,,,,,
-3.11696e-004,2.00244e-004,,,,,,
2.16693e-004,1.88495e-004,,,,,,
3.10689e-004,2.18036e-004,,,,,,
2.93568e-004,1.06584e-004,,,,,,
2.63691e-004,7.23430e-005,,,,,,
-4.41444e-005,-5.08583e-005,,,,,,
-3.13039e-004,-2.29114e-004,,,,,,
-3.10353e-004,-2.78126e-004,,,,,,
-2.44221e-004,-1.53246e-004,,,,,,
-2.68727e-004,-2.17365e-004,,,,,,
-2.86686e-004,-1.42168e-004,,,,,,
-9.65133e-005,2.23743e-004,,,,,,
1.06584e-004,3.88571e-004,,,,,,
1.55093e-004,3.52316e-004,,,,,,
1.80438e-004,3.40566e-004,,,,,,
1.97223e-004,1.44518e-004,,,,,,
1.73053e-004,-1.10781e-005,,,,,,
1.30587e-004,-3.54162e-005,,,,,,
4.98512e-005,-1.93194e-004,,,,,,
3.74304e-005,-2.49256e-004,,,,,,
1.13298e-004,5.38796e-005,,,,,,
2.05280e-004,4.28016e-005,,,,,,
2.82322e-004,-2.17700e-004,,,,,,
3.06325e-004,-2.78126e-004,,,,,,
2.42039e-004,-2.31464e-004,,,,,,
1.35958e-004,-1.73388e-004,,,,,,
-3.18914e-005,-1.80774e-004,,,,,,
-1.27733e-004,-1.02556e-004,,,,,,
5.32082e-005,2.18204e-005,,,,,,
5.63806e-004,1.56603e-004,,,,,,
7.01946e-004,2.08637e-004,,,,,,
4.09720e-004,1.14305e-004,,,,,,
8.03998e-005,-1.52743e-005,,,,,,
-1.07927e-004,-9.08064e-005,,,,,,
-3.76318e-004,-1.58953e-004,,,,,,
-7.27291e-004,-1.73724e-004,,,,,,
-8.22293e-004,-1.88830e-004,,,,,,
-6.24903e-004,-8.56031e-006,,,,,,
-2.74769e-004,3.86053e-006,,,,,,
4.90120e-005,-2.41535e-004,,,,,,
2.75441e-004,-2.60166e-005,,,,,,
3.96292e-004,3.31670e-004,,,,,,
3.36706e-004,3.93942e-004,,,,,,
5.89151e-005,2.52949e-004,,,,,,
-2.02594e-004,1.26390e-004,,,,,,
-3.11360e-004,7.78820e-005,,,,,,
-4.35904e-004,1.29076e-004,,,,,,
-5.87976e-004,8.54353e-005,,,,,,
-5.33425e-004,-1.76242e-005,,,,,,
-3.56680e-004,-4.61585e-005,,,,,,
-1.84131e-004,3.81018e-005,,,,,,
2.80308e-005,3.32342e-005,,,,,,
1.76074e-004,-1.30922e-004,,,,,,
2.99947e-004,-2.68559e-004,,,,,,
3.46944e-004,-2.72755e-004,,,,,,
2.65202e-004,-2.17700e-004,,,,,,
7.16716e-005,-2.39185e-004,,,,,,
-1.09102e-004,-2.30625e-004,,,,,,
-1.49722e-004,-1.52911e-004,,,,,,
-8.47639e-005,1.62814e-005,,,,,,
3.03807e-005,2.61509e-004,,,,,,
8.44282e-005,2.75608e-004,,,,,,
1.05745e-004,1.39818e-004,,,,,,
1.79767e-004,-5.45510e-005,,,,,,
1.61975e-004,-1.16991e-004,,,,,,
1.00542e-004,8.39246e-006,,,,,,
4.91798e-005,1.42168e-004,,,,,,
1.71206e-005,5.55581e-005,,,,,,
2.65202e-005,-3.97803e-005,,,,,,
1.35119e-004,-1.50057e-004,,,,,,
1.56939e-004,-1.64828e-004,,,,,,
2.01923e-004,-5.75723e-005,,,,,,
1.12627e-004,2.19883e-005,,,,,,
-6.93217e-005,1.40993e-005,,,,,,
-1.30419e-004,5.18654e-005,,,,,,
-1.05074e-004,1.37804e-004,,,,,,
-9.98703e-005,8.27497e-005,,,,,,
-1.16991e-004,-2.63523e-005,,,,,,
-3.25628e-005,-9.21492e-005,,,,,,
2.02258e-004,-2.07294e-004,,,,,,
5.84283e-004,-1.02556e-004,,,,,,
7.04799e-004,-3.18914e-005,,,,,,
4.12741e-004,-1.00206e-004,,,,,,
2.16526e-005,-6.09293e-005,,,,,,
-2.78126e-004,1.21691e-004,,,,,,
-6.10971e-004,1.22530e-004,,,,,,
-8.39414e-004,1.10781e-004,,,,,,
-8.10208e-004,3.06996e-004,,,,,,
-7.08156e-004,2.04608e-004,,,,,,
-4.30701e-004,-1.56100e-005,,,,,,
-9.04707e-005,-5.11940e-005,,,,,,
3.47448e-005,-4.80049e-005,,,,,,
1.10948e-004,-2.06455e-005,,,,,,
2.25757e-004,-8.39246e-005,,,,,,
2.01587e-004,-1.74731e-004,,,,,,
-6.37827e-006,-1.73053e-004,,,,,,
-6.99931e-005,-1.66339e-004,,,,,,
-2.40024e-005,-7.63714e-005,,,,,,
-9.08064e-005,-9.90310e-006,,,,,,
-8.69459e-005,-3.00450e-005,,,,,,
3.67590e-005,-2.29953e-005,,,,,,
1.44518e-004,8.24140e-005,,,,,,
1.79767e-004,1.64324e-004,,,,,,
1.35119e-004,4.16266e-005,,,,,,
6.73075e-005,-6.04257e-005,,,,,,
8.24140e-005,2.29953e-005,,,,,,
2.36667e-005,1.05913e-004,,,,,,
6.14328e-005,1.46029e-005,,,,,,
1.73053e-004,-6.42863e-005,,,,,,
1.84634e-006,1.13634e-004,,,,,,
-1.99908e-004,4.88441e-005,,,,,,
-1.90509e-004,-8.12390e-005,,,,,,
-1.78088e-004,-4.39765e-005,,,,,,
-1.13634e-004,-1.27398e-004,,,,,,
-7.13359e-005,-6.52934e-005,,,,,,
4.48157e-005,2.70237e-005,,,,,,
2.25589e-004,-1.91348e-005,,,,,,
2.74098e-004,-4.17945e-005,,,,,,
2.44724e-004,-1.74563e-005,,,,,,
8.71138e-005,-1.30922e-005,,,,,,
-3.54162e-005,-1.72885e-005,,,,,,
-1.32265e-004,-1.29244e-005,,,,,,
-6.86503e-005,2.53452e-005,,,,,,
7.53643e-005,4.19623e-005,,,,,,
5.20333e-006,6.29435e-005,,,,,,
-1.06584e-004,6.29435e-005,,,,,,
-7.77142e-005,2.26596e-005,,,,,,
4.53193e-006,-2.70237e-005,,,,,,
9.31563e-005,-7.13359e-005,,,,,,
1.87823e-004,-1.37133e-004,,,,,,
1.46868e-004,-1.30587e-004,,,,,,
4.68299e-005,-5.13619e-005,,,,,,
3.52483e-006,-1.10781e-005,,,,,,
-1.86313e-005,1.19173e-005,,,,,,
-2.93736e-005,1.17494e-005,,,,,,
-7.98962e-005,-2.14847e-005,,,,,,
-9.98703e-005,-5.13619e-005,,,,,,
-5.79080e-005,-6.27756e-005,,,,,,
-3.64233e-005,-7.08324e-005,,,,,,
-4.11231e-005,-1.02388e-005,,,,,,
-4.85084e-005,5.58938e-005,,,,,,
-2.06455e-005,-2.34989e-006,,,,,,
1.01717e-004,-2.83665e-005,,,,,,
1.11955e-004,7.04967e-006,,,,,,
-1.99741e-005,5.65652e-005,,,,,,
-1.48211e-004,8.37568e-005,,,,,,
-1.73892e-004,9.88632e-005,,,,,,
-2.03601e-004,9.43313e-005,,,,,,
-2.22736e-004,1.01213e-004,,,,,,
-1.16655e-004,1.13298e-004,,,,,,
-1.06249e-004,7.98962e-005,,,,,,
-1.15145e-004,2.16526e-005,,,,,,
-2.61845e-005,1.32601e-005,,,,,,
4.88441e-005,1.35958e-005,,,,,,
1.08598e-004,3.00450e-005,,,,,,
1.54253e-004,9.56741e-006,,,,,,
7.36858e-005,-3.18914e-005,,,,,,
-8.64424e-005,-3.32342e-005,,,,,,
-5.87472e-006,-4.53193e-005,,,,,,
1.07927e-004,-7.01610e-005,,,,,,
8.97993e-005,-2.76951e-005,,,,,,
1.25887e-005,4.21302e-005,,,,,,
-1.60632e-004,5.15297e-005,,,,,,
-2.95750e-004,5.13619e-005,,,,,,
-2.33814e-004,3.57519e-005,,,,,,
-1.11620e-004,1.66171e-005,,,,,,
-8.47639e-005,6.31113e-005,,,,,,
-1.52743e-005,-1.84634e-005,,,,,,
4.81727e-005,-1.66842e-004,,,,,,
4.75013e-005,-1.70871e-004,,,,,,
9.11421e-005,-1.50561e-004,,,,,,
5.45510e-005,-1.31762e-004,,,,,,
-5.38796e-005,-1.11620e-004,,,,,,
-1.00374e-004,-4.85084e-005,,,,,,
-4.51514e-005,4.07874e-005,,,,,,
-3.18914e-006,1.10781e-005,,,,,,
-6.66362e-005,5.89151e-005,,,,,,
-3.99481e-005,1.17327e-004,,,,,,
4.75013e-005,9.68490e-005,,,,,,
5.42153e-005,4.63264e-005,,,,,,
3.40734e-005,-1.51064e-006,,,,,,
8.56031e-006,-3.52483e-005,,,,,,
-1.49386e-005,-3.39055e-005,,,,,,
-9.23171e-006,-3.27306e-005,,,,,,
-3.30663e-005,-1.91348e-005,,,,,,
1.84634e-006,-9.90310e-006,,,,,,
2.03098e-005,3.59197e-005,,,,,,
-2.01419e-005,6.09293e-005,,,,,,
-3.52483e-006,1.25887e-005,,,,,,
1.59457e-005,-5.53903e-006,,,,,,
2.13169e-005,-7.38537e-006,,,,,,
5.62295e-005,1.17494e-006,,,,,,
4.75013e-005,3.23949e-005,,,,,,
2.09812e-005,2.19883e-005,,,,,,
3.82696e-005,-1.54421e-005,,,,,,
3.17235e-005,-1.86313e-005,,,,,,
1.67849e-005,-4.53193e-006,,,,,,
3.47448e-005,3.18914e-006,,,,,,
5.03548e-006,-1.17494e-006,,,,,,
-1.52743e-005,-1.05745e-005,,,,,,
-2.97093e-005,-4.19623e-006,,,,,,
-8.81209e-005,-1.77920e-005,,,,,,
-5.27047e-005,-2.40024e-005,,,,,,
-1.49386e-005,-2.18204e-005,,,,,,
-1.46029e-005,-1.02388e-005,,,,,,
1.57778e-005,-1.79599e-005,,,,,,
7.72107e-006,-2.06455e-005,,,,,,
-2.33310e-005,-2.33310e-005,,,,,,
-1.30922e-005,-3.87732e-005,,,,,,
6.54612e-006,-6.71397e-007,,,,,,
-2.65202e-005,4.48157e-005,,,,,,
-1.50225e-004,4.36408e-006,,,,,,
-2.37842e-004,9.23171e-006,,,,,,
-1.78256e-004,-1.82956e-005,,,,,,
-5.52224e-005,-1.67849e-005,,,,,,
8.27497e-005,2.43381e-005,,,,,,
1.87152e-004,7.70428e-005,,,,,,
1.54589e-004,1.52743e-004,,,,,,
8.03998e-005,6.69719e-005,,,,,,
5.11940e-005,-1.00542e-004,,,,,,
4.68299e-005,-7.80499e-005,,,,,,
7.43572e-005,-3.34020e-005,,,,,,
-4.17945e-005,-3.89410e-005,,,,,,
-1.29747e-004,-4.41444e-005,,,,,,
-7.97284e-005,-4.59907e-005,,,,,,
-6.71397e-005,-4.17945e-005,,,,,,
-7.46929e-005,-2.87022e-005,,,,,,
-4.98512e-005,-3.60876e-005,,,,,,
-2.46738e-005,-4.19623e-005,,,,,,
-1.79599e-005,-2.51774e-006,,,,,,
-3.42412e-005,1.67849e-006,,,,,,
-4.07874e-005,-1.09102e-005,,,,,,
-4.11231e-005,-4.19623e-006,,,,,,
-2.93736e-005,7.88891e-006,,,,,,
-2.19883e-005,1.05745e-005,,,,,,
-1.39315e-005,-1.35958e-005,,,,,,
-5.20333e-006,-2.13169e-005,,,,,,
-4.86763e-006,-3.23949e-005,,,,,,
-8.56031e-006,-3.34020e-005,,,,,,
5.03548e-007,-7.21752e-006,,,,,,
2.45060e-005,2.85344e-005,,,,,,
3.20592e-005,1.39315e-005,,,,,,
3.18914e-006,3.18914e-006,,,,,,
-2.06455e-005,1.59457e-005,,,,,,
-1.62814e-005,1.96384e-005,,,,,,
-3.69268e-006,2.83665e-005,,,,,,
-1.39315e-005,2.29953e-005,,,,,,
-1.52743e-005,1.32601e-005,,,,,,
-5.53903e-006,2.26596e-005,,,,,,
-1.82956e-005,4.88441e-005,,,,,,
-5.45510e-005,5.47189e-005,,,,,,
-6.21042e-005,6.86503e-005,,,,,,
-8.64424e-005,5.60616e-005,,,,,,
-4.58228e-005,4.81727e-005,,,,,,
2.70237e-005,1.99741e-005,,,,,,
1.89670e-005,-1.32601e-005,,,,,,
-1.51064e-006,-1.15816e-005,,,,,,
-1.84634e-006,-1.81277e-005,,,,,,
2.18204e-006,-2.26596e-005,,,,,,
4.53193e-006,-1.51064e-005,,,,,,
2.85344e-006,-2.08133e-005,,,,,,
1.20851e-005,-5.53903e-006,,,,,,
9.56741e-006,2.13169e-005,,,,,,
-6.54612e-006,-2.56809e-005,,,,,,
-2.04776e-005,-1.76242e-005,,,,,,
-3.50805e-005,1.42672e-005,,,,,,
-1.81277e-005,4.17945e-005,,,,,,
2.85344e-006,1.17327e-004,,,,,,
-3.86053e-006,9.91989e-005,,,,,,
-1.62814e-005,3.27306e-005,,,,,,
-1.42672e-005,-1.51064e-006,,,,,,
-1.20851e-005,-4.04517e-005,,,,,,
-2.80308e-005,-4.95155e-005,,,,,,
-2.98772e-005,-9.65133e-005,,,,,,
-4.86763e-006,-6.26078e-005,,,,,,
5.03548e-007,1.32601e-004,,,,,,
-1.77920e-005,1.31426e-004,,,,,,
-2.18204e-005,4.54871e-005,,,,,,
-2.33310e-005,3.03807e-005,,,,,,
-2.14847e-005,2.31632e-005,,,,,,
-2.43381e-005,2.09812e-005,,,,,,
-3.70947e-005,2.65202e-005,,,,,,
-2.38346e-005,-3.18914e-006,,,,,,
-1.15816e-005,-8.89601e-006,,,,,,
-2.16526e-005,1.84634e-006,,,,,,
-1.09102e-005,-8.05676e-006,,,,,,
-3.35698e-006,-9.56741e-006,,,,,,
1.46029e-005,-3.17235e-005,,,,,,
2.90379e-005,-6.86503e-005,,,,,,
2.80308e-005,-8.71138e-005,,,,,,
2.33310e-005,-1.22362e-004,,,,,,
1.25887e-005,-1.36126e-004,,,,,,
1.51064e-006,-1.01549e-004,,,,,,
-1.49386e-005,-5.94186e-005,,,,,,
-1.27565e-005,-2.50095e-005,,,,,,
-2.04776e-005,6.19364e-005,,,,,,
-5.35439e-005,1.32769e-004,,,,,,
-7.06645e-005,1.38643e-004,,,,,,
-6.36149e-005,8.14069e-005,,,,,,
-6.24399e-005,7.21752e-006,,,,,,
-7.50286e-005,2.26596e-005,,,,,,
-9.68490e-005,1.12291e-004,,,,,,
-1.11620e-004,5.55581e-005,,,,,,
-8.02319e-005,-2.19883e-005,,,,,,
-4.58228e-005,-7.63714e-005,,,,,,
-8.22461e-006,-1.71374e-004,,,,,,
7.88891e-006,-1.04570e-004,,,,,,
3.86053e-006,6.10971e-005,,,,,,
9.56741e-006,1.32097e-004,,,,,,
2.53452e-005,1.19341e-004,,,,,,
4.81727e-005,4.95155e-005,,,,,,
5.87472e-005,1.04402e-004,,,,,,
7.53643e-005,1.13970e-004,,,,,,
8.20783e-005,6.54612e-006,,,,,,
5.60616e-005,-1.00877e-004,,,,,,
2.60166e-005,1.93027e-005,,,,,,
-1.74563e-005,1.27398e-004,,,,,,
-5.22011e-005,-3.03807e-005,,,,,,
-4.71656e-005,-9.50027e-005,,,,,,
-4.34730e-005,-9.56741e-006,,,,,,
-3.10521e-005,2.40024e-005,,,,,,
4.02838e-006,-9.60098e-005,,,,,,
2.13169e-005,-2.37675e-004,,,,,,
2.46738e-005,-2.91051e-004,,,,,,
3.20592e-005,-2.69398e-004,,,,,,
1.59457e-005,-2.15015e-004,,,,,,
-9.56741e-006,-1.02556e-004,,,,,,
-3.82696e-005,1.67849e-007,,,,,,
-8.27497e-005,1.96551e-004,,,,,,
-1.26055e-004,1.81109e-004,,,,,,
-1.54589e-004,-1.03059e-004,,,,,,
-1.46029e-004,-6.41184e-005,,,,,,
-7.45251e-005,1.67010e-004,,,,,,
-1.37636e-005,1.74395e-004,,,,,,
4.34730e-005,3.91424e-004,,,,,,
4.54871e-005,2.73762e-004,,,,,,
8.22461e-006,-1.19677e-004,,,,,,
7.55322e-006,-1.41497e-004,,,,,,
2.11490e-005,5.52224e-005,,,,,,
1.05745e-005,1.11955e-004,,,,,,
3.30663e-005,1.72885e-005,,,,,,
3.96124e-005,-2.13169e-005,,,,,,
3.50805e-005,-2.16526e-005,,,,,,
-3.02129e-006,-1.59457e-005,,,,,,
-3.70947e-005,-1.79599e-005,,,,,,
-5.32082e-005,-2.83665e-005,,,,,,
-5.79080e-005,-5.70687e-006,,,,,,
-2.56809e-005,-6.42863e-005,,,,,,
1.51064e-006,-1.20012e-004,,,,,,
3.13878e-005,-9.76883e-005,,,,,,
3.91089e-005,-5.74044e-005,,,,,,
2.80308e-005,-4.61585e-005,,,,,,
2.93736e-005,-8.17426e-005,,,,,,
3.65911e-005,-9.66812e-005,,,,,,
3.84375e-005,-2.34989e-006,,,,,,
1.27565e-005,4.53193e-006,,,,,,
-2.08133e-005,6.07614e-005,,,,,,
-6.73075e-005,4.04517e-005,,,,,,
-1.35286e-004,-1.04234e-004,,,,,,
-1.21019e-004,-4.07874e-005,,,,,,
-4.17945e-005,2.06455e-005,,,,,,
3.30663e-005,6.21042e-005,,,,,,
6.83146e-005,1.51064e-005,,,,,,
3.77661e-005,-3.67590e-005,,,,,,
1.84634e-005,-3.86053e-005,,,,,,
3.82696e-005,-7.53643e-005,,,,,,
3.47448e-005,-4.11231e-005,,,,,,
-4.63264e-005,7.57000e-005,,,,,,
-9.83597e-005,4.12909e-005,,,,,,
-6.29435e-005,8.49317e-005,,,,,,
-1.29244e-005,2.42878e-004,,,,,,
-1.52743e-005,2.87022e-004,,,,,,
-3.03807e-005,2.07797e-004,,,,,,
-6.59647e-005,9.88632e-005,,,,,,
-9.41634e-005,-2.46738e-005,,,,,,
-1.01549e-004,-1.83795e-004,,,,,,
-9.75204e-005,-2.54963e-004,,,,,,
-8.57710e-005,-1.86816e-004,,,,,,
-4.59907e-005,-8.12390e-005,,,,,,
3.74304e-005,-1.07927e-004,,,,,,
7.90570e-005,-1.29076e-004,,,,,,
5.01869e-005,-1.08598e-004,,,,,,
1.56100e-005,-8.49317e-005,,,,,,
-1.12459e-005,-7.87213e-005,,,,,,
-3.25628e-005,-9.06386e-005,,,,,,
-4.48157e-005,-6.56291e-005,,,,,,
1.24208e-005,-6.88182e-006,,,,,,
6.56291e-005,1.76242e-005,,,,,,
7.45251e-005,-3.86053e-006,,,,,,
4.29694e-005,-8.56031e-006,,,,,,
-2.51774e-006,-2.85344e-005,,,,,,
-6.21042e-006,-1.08598e-004,,,,,,
-3.52483e-006,-6.59647e-005,,,,,,
-3.64233e-005,-6.14328e-005,,,,,,
-4.98512e-005,5.60616e-005,,,,,,
-6.66362e-005,1.34112e-004,,,,,,
-8.20783e-005,1.96887e-004,,,,,,
-7.06645e-005,1.59121e-004,,,,,,
-4.86763e-005,3.91089e-005,,,,,,
-3.17235e-005,-3.03807e-005,,,,,,
-3.40734e-005,-2.26596e-005,,,,,,
4.88441e-005,-9.88632e-005,,,,,,
1.35454e-004,-1.67346e-004,,,,,,
8.91279e-005,-1.32433e-004,,,,,,
1.51064e-006,-8.29175e-005,,,,,,
-7.03288e-005,-4.17945e-005,,,,,,
-1.32433e-004,8.03998e-005,,,,,,
-1.62646e-004,1.75402e-004,,,,,,
-1.56603e-004,1.84466e-004,,,,,,
-1.02556e-004,8.34211e-005,,,,,,
-1.69528e-005,1.89670e-005,,,,,,
1.49386e-005,1.53918e-004,,,,,,
2.58488e-005,2.39857e-004,,,,,,
3.07164e-005,1.11620e-004,,,,,,
3.30663e-005,-7.13359e-005,,,,,,
3.74304e-005,-1.12963e-004,,,,,,
1.71206e-005,4.96834e-005,,,,,,
8.22461e-006,8.97993e-005,,,,,,
8.89601e-006,2.26596e-005,,,,,,
8.17426e-005,-2.23239e-005,,,,,,
7.33501e-005,-4.17945e-005,,,,,,
-1.67849e-006,-7.03288e-005,,,,,,
4.19623e-006,-6.63004e-005,,,,,,
6.39506e-005,7.21752e-006,,,,,,
4.81727e-005,5.08583e-005,,,,,,
-1.09102e-005,3.34020e-005,,,,,,
-3.87732e-005,-2.33310e-005,,,,,,
-8.47639e-005,-6.19364e-005,,,,,,
-1.14977e-004,-1.05241e-004,,,,,,
-1.25048e-004,-1.18334e-004,,,,,,
-9.91989e-005,-1.07256e-004,,,,,,
-4.44800e-005,-1.13298e-004,,,,,,
-4.28016e-005,-9.81918e-005,,,,,,
-7.33501e-005,-6.05936e-005,,,,,,
-3.40734e-005,-6.54612e-006,,,,,,
6.47898e-005,1.52743e-005,,,,,,
7.88891e-005,-2.76951e-005,,,,,,
4.75013e-005,-4.53193e-005,,,,,,
7.10002e-005,-4.78370e-005,,,,,,
7.10002e-005,1.84634e-006,,,,,,
6.39506e-005,2.73594e-005,,,,,,
4.48157e-005,3.28984e-005,,,,,,
3.45769e-005,7.65393e-005,,,,,,
1.69528e-005,1.39483e-004,,,,,,
-5.87472e-006,1.64996e-004,,,,,,
-4.76692e-005,7.90570e-005,,,,,,
-8.00641e-005,-6.54612e-006,,,,,,
-9.28206e-005,-2.23239e-005,,,,,,
-1.50896e-004,6.54612e-006,,,,,,
-1.98901e-004,-1.76242e-005,,,,,,
-1.79767e-004,-4.85084e-005,,,,,,
-6.63004e-005,-4.11231e-005,,,,,,
4.31373e-005,-4.86763e-006,,,,,,
8.67781e-005,3.23949e-005,,,,,,
5.85794e-005,2.70237e-005,,,,,,
2.56809e-005,-2.51774e-006,,,,,,
3.86053e-006,-2.70237e-005,,,,,,
5.03548e-006,-6.73075e-005,,,,,,
-8.22461e-006,-1.10613e-004,,,,,,
8.39246e-007,-1.40490e-004,,,,,,
5.22011e-005,-1.47204e-004,,,,,,
2.51774e-005,-1.54086e-004,,,,,,
-2.83665e-005,-9.01350e-005,,,,,,
-4.88441e-005,8.74495e-005,,,,,,
-7.50286e-005,1.87991e-004,,,,,,
-1.13634e-004,1.23369e-004,,,,,,
-1.05577e-004,2.58488e-005,,,,,,
-6.26078e-005,4.86763e-006,,,,,,
4.68299e-005,-2.85344e-006,,,,,,
1.51232e-004,-1.51064e-006,,,,,,
8.20783e-005,9.56741e-006,,,,,,
-1.19173e-005,2.60166e-005,,,,,,
6.54612e-006,6.79789e-005,,,,,,
5.87472e-006,1.19341e-004,,,,,,
-1.25887e-005,1.09270e-004,,,,,,
-3.57519e-005,7.36858e-005,,,,,,
-4.91798e-005,3.37377e-005,,,,,,
-2.51774e-005,-5.20333e-006,,,,,,
-6.88182e-006,-1.82956e-005,,,,,,
-1.04067e-005,-1.07424e-005,,,,,,
1.96384e-005,-4.96834e-005,,,,,,
2.75273e-005,-6.59647e-005,,,,,,
-2.76951e-005,-3.10521e-005,,,,,,
-6.66362e-005,1.46029e-005,,,,,,
-5.38796e-005,1.52743e-005,,,,,,
-8.24140e-005,5.03548e-006,,,,,,
-1.13634e-004,-8.39246e-007,,,,,,
-7.50286e-005,-3.10521e-005,,,,,,
-2.23239e-005,-7.72107e-005,,,,,,
2.87022e-005,-1.03899e-004,,,,,,
4.91798e-005,-1.10277e-004,,,,,,
5.11940e-005,-1.33776e-004,,,,,,
6.61326e-005,-1.10781e-004,,,,,,
5.48867e-005,-9.56741e-006,,,,,,
8.05676e-006,6.59647e-005,,,,,,
8.39246e-007,1.16991e-004,,,,,,
6.88182e-006,7.80499e-005,,,,,,
-1.24208e-005,-2.80308e-005,,,,,,
-4.93477e-005,-6.22721e-005,,,,,,
-8.54353e-005,-6.14328e-005,,,,,,
-1.09606e-004,-1.04234e-004,,,,,,
-5.85794e-005,-3.17235e-005,,,,,,
-9.73526e-006,1.07591e-004,,,,,,
-2.90379e-005,1.39147e-004,,,,,,
-7.13359e-005,1.03395e-004,,,,,,
-7.87213e-005,1.82956e-005,,,,,,
-8.54353e-005,-2.80308e-005,,,,,,
-8.40925e-005,-4.17945e-005,,,,,,
-7.21752e-006,-4.26337e-005,,,,,,
6.96574e-005,-5.95865e-005,,,,,,
8.87923e-005,-7.67071e-005,,,,,,
4.11231e-005,-7.77142e-005,,,,,,
-1.51064e-006,-8.79530e-005,,,,,,
1.76242e-005,-9.60098e-005,,,,,,
1.94705e-005,-9.08064e-005,,,,,,
4.53193e-006,-9.41634e-005,,,,,,
-1.51064e-006,-9.24849e-005,,,,,,
-1.51064e-006,-7.60357e-005,,,,,,
2.18204e-006,-7.26787e-005,,,,,,
7.88891e-006,-8.00641e-005,,,,,,
7.55322e-006,-5.42153e-005,,,,,,
1.52743e-005,-3.54162e-005,,,,,,
2.97093e-005,-3.35698e-006,,,,,,
-1.67849e-007,3.23949e-005,,,,,,
-2.46738e-005,1.86313e-005,,,,,,
-3.22271e-005,-1.17494e-006,,,,,,
-2.36667e-005,-3.02129e-006,,,,,,
-3.81018e-005,2.29953e-005,,,,,,
-6.42863e-005,3.94446e-005,,,,,,
-4.38087e-005,3.47448e-005,,,,,,
-5.70687e-006,2.73594e-005,,,,,,
1.89670e-005,1.15816e-005,,,,,,
2.80308e-005,1.19173e-005,,,,,,
-2.18204e-006,2.87022e-005,,,,,,
-3.05486e-005,6.83146e-005,,,,,,
-3.99481e-005,1.07927e-004,,,,,,
-4.04517e-005,9.51705e-005,,,,,,
-5.65652e-005,6.12650e-005,,,,,,
-7.75463e-005,5.32082e-005,,,,,,
-8.54353e-005,7.10002e-005,,,,,,
-6.46220e-005,4.68299e-005,,,,,,
-2.03098e-005,1.79599e-005,,,,,,
-7.72107e-006,2.98772e-005,,,,,,
-2.16526e-005,3.74304e-005,,,,,,
-1.98062e-005,3.30663e-005,,,,,,
-1.72885e-005,3.79339e-005,,,,,,
1.37636e-005,3.55840e-005,,,,,,
6.68040e-005,2.45060e-005,,,,,,
7.23430e-005,2.09812e-005,,,,,,
4.01160e-005,2.43381e-005,,,,,,
2.48417e-005,3.18914e-005,,,,,,
-1.04067e-005,3.07164e-005,,,,,,
-4.58228e-005,2.26596e-005,,,,,,
-4.02838e-005,1.09102e-005,,,,,,
-2.65202e-005,-9.39956e-006,,,,,,
-1.77920e-005,1.67849e-006,,,,,,
-3.44091e-005,3.69268e-006,,,,,,
4.19623e-006,-1.59457e-005,,,,,,
8.39246e-007,-2.01419e-006,,,,,,
-3.35698e-005,-8.39246e-007,,,,,,
-2.90379e-005,-2.16526e-005,,,,,,
-1.15816e-005,-3.25628e-005,,,,,,
-1.15816e-005,-1.99741e-005,,,,,,
-3.44091e-005,-1.15816e-005,,,,,,
-5.03548e-005,-1.69528e-005,,,,,,
-2.97093e-005,-1.35958e-005,,,,,,
-5.70687e-006,-8.22461e-006,,,,,,
1.52743e-005,-7.55322e-006,,,,,,
2.03098e-005,-1.49386e-005,,,,,,
1.17494e-005,-1.12459e-005,,,,,,
1.02388e-005,-4.19623e-006,,,,,,
2.40024e-005,-1.22530e-005,,,,,,
2.93736e-005,-1.59457e-005,,,,,,
1.32601e-005,-1.25887e-005,,,,,,
-1.51064e-006,-8.89601e-006,,,,,,
-1.29244e-005,-3.86053e-006,,,,,,
-2.09812e-005,-4.19623e-006,,,,,,
-4.01160e-005,-1.10781e-005,,,,,,
-5.08583e-005,1.67849e-007,,,,,,
-6.54612e-006,-1.12459e-005,,,,,,
9.23171e-006,-2.92058e-005,,,,,,
-5.70687e-006,-2.60166e-005,,,,,,
-1.72885e-005,-2.33310e-005,,,,,,
-1.93027e-005,-1.86313e-005,,,,,,
-7.88891e-006,-1.59457e-005,,,,,,
-3.02129e-006,-1.05745e-005,,,,,,
-1.19173e-005,-1.67849e-006,,,,,,
-3.20592e-005,2.68559e-006,,,,,,
-4.24659e-005,-5.87472e-006,,,,,,
-4.59907e-005,-1.39315e-005,,,,,,
-2.80308e-005,-6.54612e-006,,,,,,
4.69978e-006,-3.86053e-006,,,,,,
2.18204e-006,-4.53193e-006,,,,,,
-1.15816e-005,-4.86763e-006,,,,,,
-1.72885e-005,-5.53903e-006,,,,,,
-2.23239e-005,-6.21042e-006,,,,,,
-2.97093e-005,-5.03548e-006,,,,,,
-2.78630e-005,1.51064e-006,,,,,,
-4.48157e-005,2.51774e-006,,,,,,
-6.26078e-005,8.89601e-006,,,,,,
-5.85794e-005,1.19173e-005,,,,,,
-4.76692e-005,1.71206e-005,,,,,,
-3.52483e-006,2.23239e-005,,,,,,
4.51514e-005,1.69528e-005,,,,,,
5.27047e-005,1.94705e-005,,,,,,
8.30854e-005,2.40024e-005,,,,,,
9.81918e-005,2.83665e-005,,,,,,
8.64424e-005,3.42412e-005,,,,,,
6.51255e-005,1.72885e-005,,,,,,
-2.03098e-005,-2.29953e-005,,,,,,
-1.36797e-004,-1.69528e-005,,,,,,
-2.01587e-004,2.60166e-005,,,,,,
-1.67178e-004,1.72885e-005,,,,,,
-7.28466e-005,1.84634e-006,,,,,,
1.66171e-005,1.79599e-005,,,,,,
6.17685e-005,3.64233e-005,,,,,,
7.73785e-005,3.74304e-005,,,,,,
4.81727e-005,3.97803e-005,,,,,,
-3.77661e-005,1.99741e-005,,,,,,
-7.53643e-005,-1.98062e-005,,,,,,
-8.74495e-005,1.22530e-005,,,,,,
-3.03807e-005,-5.11940e-005,,,,,,
4.48157e-005,-1.11452e-004,,,,,,
7.97284e-005,-1.14641e-004,,,,,,
8.27497e-005,4.75013e-005,,,,,,
4.54871e-005,2.56977e-004,,,,,,
1.76242e-005,1.81949e-004,,,,,,
-8.61067e-005,-4.19623e-006,,,,,,
-2.13001e-004,-8.49317e-005,,,,,,
-2.30961e-004,-3.57519e-005,,,,,,
-1.97223e-004,2.45060e-005,,,,,,
-1.75067e-004,3.47448e-005,,,,,,
-1.24208e-004,1.88998e-004,,,,,,
-4.48157e-005,2.58320e-004,,,,,,
7.21752e-005,1.66674e-004,,,,,,
1.52575e-004,-3.87732e-005,,,,,,
2.82994e-004,-1.54589e-004,,,,,,
3.21767e-004,-1.35790e-004,,,,,,
2.68391e-004,-3.81018e-005,,,,,,
1.93866e-004,7.10002e-005,,,,,,
1.04906e-004,1.80102e-004,,,,,,
2.60166e-005,1.74060e-004,,,,,,
-7.36858e-005,3.94446e-005,,,,,,
-1.99573e-004,8.94636e-005,,,,,,
-2.80140e-004,2.40528e-004,,,,,,
-3.18410e-004,7.06645e-005,,,,,,
-2.71580e-004,-1.50896e-004,,,,,,
-2.45060e-004,-1.51232e-004,,,,,,
-1.98566e-004,-1.01884e-004,,,,,,
-1.58618e-004,-1.17662e-004,,,,,,
-1.51064e-006,-1.12123e-004,,,,,,
2.50935e-004,-1.38476e-004,,,,,,
3.65240e-004,-7.26787e-005,,,,,,
4.48157e-004,1.28740e-004,,,,,,
3.63729e-004,5.20333e-006,,,,,,
1.70703e-004,-4.54871e-005,,,,,,
-1.69528e-005,5.20333e-006,,,,,,
-2.46906e-004,2.38346e-005,,,,,,
-3.66583e-004,3.74304e-005,,,,,,
-4.34394e-004,5.38796e-005,,,,,,
-5.84451e-004,-1.42168e-004,,,,,,
-5.37789e-004,-2.26429e-004,,,,,,
-1.56100e-004,-1.12627e-004,,,,,,
1.57275e-004,-6.27756e-005,,,,,,
2.98772e-004,5.55581e-005,,,,,,
3.86221e-004,1.05913e-004,,,,,,
3.38216e-004,2.51774e-005,,,,,,
1.11116e-004,-5.25368e-005,,,,,,
-2.23743e-004,-1.59289e-004,,,,,,
-2.91386e-004,-1.04402e-004,,,,,,
-2.48417e-005,2.40024e-005,,,,,,
2.07294e-004,-7.35180e-005,,,,,,
2.57313e-004,-1.08598e-004,,,,,,
1.86816e-004,-9.95346e-005,,,,,,
5.99222e-005,-5.35439e-005,,,,,,
-1.52911e-004,1.50896e-004,,,,,,
-3.41909e-004,2.27100e-004,,,,,,
-3.21431e-004,9.76883e-005,,,,,,
-7.35180e-005,8.97993e-005,,,,,,
1.10613e-004,1.60128e-004,,,,,,
1.19005e-004,1.64157e-004,,,,,,
1.17494e-005,1.19677e-004,,,,,,
-1.00877e-004,-6.93217e-005,,,,,,
-1.40154e-004,-1.87488e-004,,,,,,
-9.61776e-005,-2.20386e-004,,,,,,
-1.96384e-005,-2.55467e-004,,,,,,
5.62295e-005,-2.26093e-004,,,,,,
-2.58488e-005,-2.20554e-004,,,,,,
-1.28405e-004,-1.61975e-004,,,,,,
-1.49889e-004,4.46479e-005,,,,,,
7.55322e-006,1.82956e-004,,,,,,
2.63020e-004,1.71542e-004,,,,,,
4.12741e-004,1.23033e-004,,,,,,
4.82902e-004,2.06455e-005,,,,,,
3.12367e-004,-3.99481e-005,,,,,,
2.70237e-005,-3.13878e-005,,,,,,
-1.78088e-004,-3.72625e-005,,,,,,
-4.13748e-004,-1.03563e-004,,,,,,
-4.83742e-004,1.73388e-004,,,,,,
-3.75143e-004,4.10559e-004,,,,,,
-9.95346e-005,3.05486e-005,,,,,,
2.80812e-004,-1.26390e-004,,,,,,
5.85290e-004,6.78111e-005,,,,,,
5.26040e-004,4.64942e-005,,,,,,
2.66041e-004,-6.96574e-005,,,,,,
3.57519e-005,-1.30922e-004,,,,,,
-2.02930e-004,-1.20684e-004,,,,,,
-3.36202e-004,-1.25383e-004,,,,,,
-3.91928e-004,-1.15145e-004,,,,,,
-3.50637e-004,7.26787e-005,,,,,,
-2.52613e-004,2.87190e-004,,,,,,
-2.09812e-004,1.33944e-004,,,,,,
-1.82956e-005,-1.72381e-004,,,,,,
2.43381e-005,-2.72755e-004,,,,,,
1.79599e-005,-2.01587e-004,,,,,,
4.34730e-005,-1.37301e-004,,,,,,
-2.76951e-005,-1.73388e-004,,,,,,
-1.13298e-004,-1.54589e-004,,,,,,
-1.29412e-004,6.37827e-006,,,,,,
1.24208e-005,5.16976e-005,,,,,,
1.13634e-004,9.38277e-005,,,,,,
1.65331e-004,2.43214e-004,,,,,,
2.91554e-004,6.86503e-005,,,,,,
2.35492e-004,-9.61776e-005,,,,,,
3.18914e-005,7.06645e-005,,,,,,
-8.49317e-005,2.42206e-004,,,,,,
-1.12459e-004,2.02426e-004,,,,,,
-2.32471e-004,6.36149e-005,,,,,,
-2.46235e-004,7.72107e-006,,,,,,
-1.64492e-004,-2.71916e-005,,,,,,
-8.61067e-005,-5.62295e-005,,,,,,
2.13169e-005,1.39483e-004,,,,,,
1.54253e-004,3.18746e-004,,,,,,
2.00916e-004,3.17235e-005,,,,,,
8.17426e-005,-2.07294e-004,,,,,,
-6.37827e-006,-3.22606e-004,,,,,,
1.15816e-005,-3.39895e-004,,,,,,
2.11490e-005,-1.83459e-004,,,,,,
-1.76242e-005,-5.92508e-005,,,,,,
-1.67849e-006,-4.39765e-005,,,,,,
2.21897e-004,-5.38796e-005,,,,,,
4.76524e-004,1.47204e-004,,,,,,
5.49371e-004,4.58732e-004,,,,,,
3.55169e-004,4.17441e-004,,,,,,
4.11231e-005,1.21691e-004,,,,,,
-2.58320e-004,-1.24712e-004,,,,,,
-3.54833e-004,-2.75608e-004,,,,,,
-2.28443e-004,-3.15557e-004,,,,,,
-1.81781e-004,-3.45266e-004,,,,,,
-1.36629e-004,-1.82788e-004,,,,,,
-9.56741e-005,3.30831e-004,,,,,,
-1.21019e-004,4.99016e-004,,,,,,
-2.20386e-004,1.39818e-004,,,,,,
-2.71412e-004,-1.14641e-004,,,,,,
-2.04944e-004,-1.55261e-004,,,,,,
-1.12963e-004,-9.14778e-005,,,,,,
-2.30793e-004,-3.44091e-005,,,,,,
-3.27474e-004,1.59457e-005,,,,,,
-2.87190e-004,1.80606e-004,,,,,,
-1.85473e-004,2.72251e-004,,,,,,
-3.86053e-005,8.27497e-005,,,,,,
2.60166e-005,-8.84566e-005,,,,,,
8.17426e-005,-1.36294e-004,,,,,,
1.19341e-004,-9.31563e-005,,,,,,
8.37568e-005,-1.10781e-004,,,,,,
-2.63523e-005,-7.67071e-005,,,,,,
-3.72625e-005,-5.03548e-007,,,,,,
6.99931e-005,8.39246e-005,,,,,,
1.12291e-004,-4.49836e-005,,,,,,
9.41634e-005,-1.06920e-004,,,,,,
1.24041e-004,-3.17235e-005,,,,,,
1.24376e-004,-7.95605e-005,,,,,,
7.50286e-005,-1.05913e-004,,,,,,
4.81727e-005,-1.01045e-004,,,,,,
4.24659e-005,-3.50805e-005,,,,,,
4.58228e-005,2.23239e-005,,,,,,
1.37301e-004,-1.35958e-005,,,,,,
1.24041e-004,-7.68750e-005,,,,,,
5.80758e-005,-1.07591e-004,,,,,,
1.38140e-004,-9.28206e-005,,,,,,
2.43549e-004,-9.55062e-005,,,,,,
1.83795e-004,-1.00206e-004,,,,,,
2.14679e-004,-1.17662e-004,,,,,,
1.63485e-004,-1.54925e-004,,,,,,
2.18204e-006,-1.38811e-004,,,,,,
-1.21355e-004,-1.38140e-004,,,,,,
-2.40864e-004,-1.40490e-004,,,,,,
-4.05356e-004,-6.54612e-006,,,,,,
-5.16136e-004,7.53643e-005,,,,,,
-4.45975e-004,4.91798e-005,,,,,,
-3.28481e-004,9.01350e-005,,,,,,
-1.27733e-004,2.04944e-004,,,,,,
9.51705e-005,2.82322e-004,,,,,,
3.02632e-004,2.73091e-004,,,,,,
3.65072e-004,1.94537e-004,,,,,,
2.52613e-004,5.18654e-005,,,,,,
1.59625e-004,-2.83665e-005,,,,,,
8.07355e-005,-1.79599e-005,,,,,,
1.35958e-005,-5.53903e-006,,,,,,
-4.71656e-005,5.03548e-006,,,,,,
-5.79080e-005,-5.87472e-006,,,,,,
-5.85794e-005,-2.83665e-005,,,,,,
-3.40734e-005,-4.81727e-005,,,,,,
-3.86053e-005,-3.79339e-005,,,,,,
-7.31823e-005,-3.17235e-005,,,,,,
-7.20073e-005,-5.01869e-005,,,,,,
-8.27497e-005,-5.87472e-005,,,,,,
-9.41634e-005,-2.81987e-005,,,,,,
-5.15297e-005,8.39246e-006,,,,,,
-3.18914e-005,3.18914e-005,,,,,,
-2.50095e-005,3.35698e-007,,,,,,
-2.50095e-005,-2.93736e-005,,,,,,
-9.23171e-006,-5.62295e-005,,,,,,
6.22721e-005,-7.70428e-005,,,,,,
3.57519e-005,-2.70237e-005,,,,,,
-4.34730e-005,4.51514e-005,,,,,,
-5.15297e-005,1.46029e-005,,,,,,
-5.95865e-005,-3.18914e-006,,,,,,
-1.42168e-004,2.19883e-005,,,,,,
-1.75067e-004,-1.51064e-006,,,,,,
-8.62745e-005,-3.84375e-005,,,,,,
-3.23949e-005,-3.89410e-005,,,,,,
5.95865e-005,-3.32342e-005,,,,,,
2.18708e-004,-2.19883e-005,,,,,,
1.36629e-004,-1.67849e-005,,,,,,
7.50286e-005,-3.52483e-005,,,,,,
6.63004e-005,-2.73594e-005,,,,,,
-1.04234e-004,3.42412e-005,,,,,,
-3.09346e-004,8.07355e-005,,,,,,
-2.52277e-004,5.35439e-005,,,,,,
-9.95346e-005,8.05676e-006,,,,,,
-2.45060e-005,-1.79599e-005,,,,,,
2.18204e-006,-1.25887e-005,,,,,,
2.81987e-005,-9.90310e-006,,,,,,
6.39506e-005,-9.56741e-006,,,,,,
8.19104e-005,1.17494e-006,,,,,,
3.94446e-005,1.84634e-006,,,,,,
-5.45510e-005,1.67849e-007,,,,,,
-7.57000e-005,2.61845e-005,,,,,,
-4.38087e-005,1.79599e-005,,,,,,
-2.16526e-005,1.25887e-005,,,,,,
-1.82956e-005,3.74304e-005,,,,,,
-9.56741e-006,3.81018e-005,,,,,,
-3.18914e-006,2.58488e-005,,,,,,
-2.85344e-006,2.04776e-005,,,,,,
-1.12459e-005,1.46029e-005,,,,,,
-1.56100e-005,7.72107e-006,,,,,,
-9.56741e-006,2.85344e-005,,,,,,
1.17494e-006,4.39765e-005,,,,,,
1.76242e-005,3.84375e-005,,,,,,
2.73594e-005,2.08133e-005,,,,,,
1.59457e-005,-1.00710e-005,,,,,,
6.37827e-006,-7.04967e-006,,,,,,
6.37827e-006,2.66880e-005,,,,,,
7.72107e-006,9.06386e-006,,,,,,
-7.04967e-006,-4.36408e-006,,,,,,
-2.23239e-005,-4.85084e-005,,,,,,
-1.66171e-005,-1.03059e-004,,,,,,
-3.17235e-005,-2.76951e-005,,,,,,
-5.23690e-005,3.44091e-005,,,,,,
-4.78370e-005,1.52743e-005,,,,,,
-1.62814e-005,-1.84634e-006,,,,,,
-5.70687e-006,-2.18204e-006,,,,,,
2.51774e-006,-3.89410e-005,,,,,,
2.06455e-005,-7.80499e-005,,,,,,
3.03807e-005,-5.60616e-005,,,,,,
1.04067e-005,-1.52743e-005,,,,,,
-4.69978e-006,5.80758e-005,,,,,,
-2.16526e-005,1.25719e-004,,,,,,
-3.86053e-005,7.03288e-005,,,,,,
-3.99481e-005,9.14778e-005,,,,,,
-2.43381e-005,4.06195e-005,,,,,,
-1.39315e-005,-1.81277e-005,,,,,,
-7.72107e-006,-3.25628e-005,,,,,,
3.18914e-006,-1.74563e-005,,,,,,
-1.67849e-007,1.22530e-005,,,,,,
-5.20333e-006,1.93027e-005,,,,,,
-6.88182e-006,-3.02129e-006,,,,,,
-5.53903e-006,-4.71656e-005,,,,,,
-1.19173e-005,-1.51232e-004,,,,,,
-1.93027e-005,-1.45357e-004,,,,,,
-1.89670e-005,-3.50805e-005,,,,,,
-2.36667e-005,5.67330e-005,,,,,,
-2.66880e-005,1.08431e-004,,,,,,
-2.65202e-005,7.73785e-005,,,,,,
-2.55131e-005,6.54612e-006,,,,,,
-2.36667e-005,-7.87213e-005,,,,,,
-2.34989e-005,-5.70687e-005,,,,,,
-2.06455e-005,-6.26078e-005,,,,,,
-2.04776e-005,-1.69696e-004,,,,,,
-2.19883e-005,-1.56939e-004,,,,,,
-2.43381e-005,-1.40826e-004,,,,,,
-2.29953e-005,-1.43511e-004,,,,,,
-1.82956e-005,-5.69009e-005,,,,,,
-9.56741e-006,9.71847e-005,,,,,,
-1.51064e-006,2.14343e-004,,,,,,
-3.35698e-007,1.84131e-004,,,,,,
-1.51064e-005,1.03899e-004,,,,,,
-3.10521e-005,7.13359e-005,,,,,,
-3.23949e-005,7.68750e-005,,,,,,
-2.46738e-005,7.23430e-005,,,,,,
-1.93027e-005,5.08583e-005,,,,,,
-2.19883e-005,2.50095e-005,,,,,,
-2.73594e-005,2.85344e-005,,,,,,
-2.33310e-005,3.18914e-005,,,,,,
-1.59457e-005,6.37827e-006,,,,,,
-1.76242e-005,-2.45060e-005,,,,,,
-1.74563e-005,-3.10521e-005,,,,,,
-1.57778e-005,-2.04776e-005,,,,,,
-1.56100e-005,7.55322e-006,,,,,,
-9.06386e-006,6.89860e-005,,,,,,
-4.86763e-006,4.61585e-005,,,,,,
7.55322e-006,-1.17494e-006,,,,,,
1.52743e-005,-9.23171e-006,,,,,,
2.19883e-005,-1.69528e-005,,,,,,
2.03098e-005,-3.70947e-005,,,,,,
-3.35698e-007,-4.58228e-005,,,,,,
-2.13169e-005,-2.87022e-005,,,,,,
-4.81727e-005,-4.14588e-005,,,,,,
-3.70947e-005,-4.41444e-005,,,,,,
-1.22530e-005,-2.19883e-005,,,,,,
1.76242e-005,-3.97803e-005,,,,,,
8.10712e-005,-7.70428e-005,,,,,,
8.30854e-005,-1.06416e-004,,,,,,
4.73335e-005,-1.19005e-004,,,,,,
6.88182e-006,-7.80499e-005,,,,,,
-1.22530e-005,1.17494e-005,,,,,,
-1.42672e-005,1.07088e-004,,,,,,
-1.56100e-005,1.91012e-004,,,,,,
-2.19883e-005,1.45190e-004,,,,,,
-3.72625e-005,8.34211e-005,,,,,,
-4.14588e-005,6.69719e-005,,,,,,
-4.64942e-005,3.07164e-005,,,,,,
-4.98512e-005,-1.22530e-005,,,,,,
-5.18654e-005,-4.04517e-005,,,,,,
-4.93477e-005,-4.61585e-005,,,,,,
-3.30663e-005,-3.32342e-005,,,,,,
-3.02129e-005,-1.72885e-005,,,,,,
-4.93477e-005,-1.19173e-005,,,,,,
-5.27047e-005,-2.65202e-005,,,,,,
-2.97093e-005,-2.23239e-005,,,,,,
-8.56031e-006,4.19623e-006,,,,,,
-1.84634e-006,1.54421e-005,,,,,,
2.68559e-006,3.00450e-005,,,,,,
-4.19623e-006,-7.04967e-006,,,,,,
-1.47707e-005,-1.45190e-004,,,,,,
-2.70237e-005,-1.04570e-004,,,,,,
-3.27306e-005,1.59457e-005,,,,,,
-1.96384e-005,1.41497e-004,,,,,,
-8.89601e-006,1.06249e-004,,,,,,
-2.51774e-006,1.01213e-004,,,,,,
-5.87472e-006,7.03288e-005,,,,,,
-6.88182e-006,3.47448e-005,,,,,,
-1.35958e-005,-1.02388e-005,,,,,,
-4.46479e-005,-1.02892e-004,,,,,,
-4.85084e-005,-1.93698e-004,,,,,,
-1.94705e-005,-1.77920e-004,,,,,,
-8.39246e-007,-3.54162e-005,,,,,,
-1.76242e-005,3.28984e-005,,,,,,
-4.44800e-005,4.53193e-006,,,,,,
-5.23690e-005,7.10002e-005,,,,,,
-3.40734e-005,7.30144e-005,,,,,,
-1.67849e-007,-1.39315e-005,,,,,,
2.09812e-005,-8.67781e-005,,,,,,
4.22980e-005,-4.59907e-005,,,,,,
3.05486e-005,-4.49836e-005,,,,,,
8.39246e-007,-4.28016e-005,,,,,,
2.18204e-006,-3.27306e-005,,,,,,
8.89601e-006,-4.24659e-005,,,,,,
3.18914e-006,6.46220e-005,,,,,,
-4.86763e-006,8.82887e-005,,,,,,
-8.39246e-007,4.68299e-005,,,,,,
9.23171e-006,9.90311e-005,,,,,,
3.18914e-006,1.43847e-004,,,,,,
-2.51774e-006,2.43717e-004,,,,,,
-1.40993e-005,1.61639e-004,,,,,,
-2.51774e-005,-3.44091e-005,,,,,,
-4.68299e-005,-1.10445e-004,,,,,,
-6.26078e-005,-1.40490e-004,,,,,,
-7.16716e-005,-7.90570e-005,,,,,,
-9.18135e-005,3.28984e-005,,,,,,
-8.74495e-005,1.12459e-004,,,,,,
-6.89860e-005,2.24079e-004,,,,,,
-2.13169e-005,3.37377e-005,,,,,,
1.52743e-005,-2.36500e-004,,,,,,
-4.36408e-006,-2.77623e-004,,,,,,
-2.43381e-005,1.05745e-005,,,,,,
-2.61845e-005,1.26390e-004,,,,,,
-1.04067e-005,-3.00450e-005,,,,,,
3.10521e-005,-1.09438e-004,,,,,,
6.54612e-005,-1.39147e-004,,,,,,
5.55581e-005,-1.40154e-004,,,,,,
1.98062e-005,-1.42840e-004,,,,,,
6.71397e-006,-1.33944e-004,,,,,,
-2.85344e-006,-1.79095e-004,,,,,,
-1.49386e-005,-9.24849e-005,,,,,,
-1.56100e-005,2.20050e-004,,,,,,
-2.97093e-005,2.74098e-004,,,,,,
-2.63523e-005,9.70169e-005,,,,,,
3.86053e-006,-2.01419e-006,,,,,,
2.51774e-005,1.96384e-005,,,,,,
4.86763e-005,6.66362e-005,,,,,,
4.34730e-005,2.18036e-004,,,,,,
1.09102e-005,2.54124e-004,,,,,,
-1.77920e-005,3.25628e-005,,,,,,
-2.33310e-005,-9.36599e-005,,,,,,
-4.91798e-005,-3.79339e-005,,,,,,
-7.77142e-005,8.89601e-005,,,,,,
-1.16991e-004,1.19341e-004,,,,,,
-1.37972e-004,3.70947e-005,,,,,,
-5.27047e-005,-3.52483e-005,,,,,,
9.34920e-005,-8.67781e-005,,,,,,
1.48882e-004,-8.24140e-005,,,,,,
1.15648e-004,-9.63455e-005,,,,,,
5.69009e-005,-1.75738e-004,,,,,,
-8.22461e-006,-1.34112e-004,,,,,,
-1.94705e-005,-5.27047e-005,,,,,,
-7.30144e-005,-2.16526e-005,,,,,,
-1.81277e-004,-5.70687e-006,,,,,,
-2.02930e-004,-3.75982e-005,,,,,,
-1.29747e-004,-5.72366e-005,,,,,,
-1.96384e-005,-7.06645e-005,,,,,,
6.96574e-005,-9.18135e-005,,,,,,
6.24399e-005,-8.05676e-005,,,,,,
2.93736e-005,-4.11231e-005,,,,,,
-2.85344e-006,1.27565e-005,,,,,,
-3.34020e-005,5.89151e-005,,,,,,
-4.54871e-005,9.43313e-005,,,,,,
-4.14588e-005,1.04067e-004,,,,,,
-3.37377e-005,4.68299e-005,,,,,,
-2.88701e-005,-5.87472e-006,,,,,,
-3.30663e-005,1.67849e-007,,,,,,
-5.53903e-006,3.52483e-006,,,,,,
3.57519e-005,-1.89670e-005,,,,,,
3.82696e-005,-3.10521e-005,,,,,,
2.63523e-005,-4.31373e-005,,,,,,
2.56809e-005,-4.34730e-005,,,,,,
4.01160e-005,-5.62295e-005,,,,,,
6.44541e-005,-8.00641e-005,,,,,,
4.19623e-005,-9.14778e-005,,,,,,
1.77920e-005,-6.98253e-005,,,,,,
2.58488e-005,-1.71206e-005,,,,,,
4.66621e-005,6.54612e-006,,,,,,
-8.22461e-006,2.33310e-005,,,,,,
-1.04067e-004,5.03548e-006,,,,,,
-1.37972e-004,-9.23171e-006,,,,,,
-8.81209e-005,1.81277e-005,,,,,,
-4.21302e-005,5.11940e-005,,,,,,
-3.50805e-005,8.42603e-005,,,,,,
-1.35958e-005,1.44183e-004,,,,,,
8.89601e-006,1.64660e-004,,,,,,
-5.70687e-006,1.59625e-004,,,,,,
-4.04517e-005,1.09438e-004,,,,,,
-5.79080e-005,7.88891e-006,,,,,,
-4.38087e-005,-2.36667e-005,,,,,,
-5.52224e-005,9.90310e-006,,,,,,
-5.79080e-005,2.04776e-005,,,,,,
-1.49386e-005,-6.21042e-006,,,,,,
1.24208e-005,-3.54162e-005,,,,,,
2.63523e-005,-6.07614e-005,,,,,,
1.98062e-005,-5.99222e-005,,,,,,
-8.39246e-007,-5.67330e-005,,,,,,
-2.66880e-005,-7.03288e-005,,,,,,
-6.41184e-005,-7.13359e-005,,,,,,
-9.23171e-005,-4.95155e-005,,,,,,
-5.95865e-005,-6.86503e-005,,,,,,
-2.36667e-005,-9.18135e-005,,,,,,
1.29244e-005,-7.70428e-005,,,,,,
2.43381e-005,-2.26596e-005,,,,,,
1.25887e-005,3.34020e-005,,,,,,
8.39246e-007,4.04517e-005,,,,,,
1.93027e-005,-5.87472e-006,,,,,,
1.00710e-006,-2.38346e-005,,,,,,
-1.09102e-005,1.09102e-005,,,,,,
2.70237e-005,5.01869e-005,,,,,,
5.47189e-005,8.87923e-005,,,,,,
-1.12459e-005,8.61067e-005,,,,,,
-1.03563e-004,7.41894e-005,,,,,,
-9.03029e-005,5.48867e-005,,,,,,
3.50805e-005,-1.51064e-006,,,,,,
8.89601e-005,-3.91089e-005,,,,,,
3.57519e-005,-3.81018e-005,,,,,,
1.59457e-005,-2.83665e-005,,,,,,
5.87472e-006,-2.19883e-005,,,,,,
-3.28984e-005,1.35958e-005,,,,,,
-3.07164e-005,4.58228e-005,,,,,,
-3.37377e-005,4.14588e-005,,,,,,
-5.72366e-005,1.94705e-005,,,,,,
-5.38796e-005,-2.60166e-005,,,,,,
-2.56809e-005,-6.54612e-005,,,,,,
-4.36408e-006,-8.39246e-005,,,,,,
-1.64492e-005,-7.88891e-005,,,,,,
-5.35439e-005,-6.56291e-005,,,,,,
-6.26078e-005,-3.25628e-005,,,,,,
-7.50286e-005,5.33761e-005,,,,,,
-6.96574e-005,1.05913e-004,,,,,,
-1.99741e-005,9.68490e-005,,,,,,
-1.76242e-005,6.49577e-005,,,,,,
-3.03807e-005,1.98062e-005,,,,,,
-2.36667e-005,-1.09102e-005,,,,,,
-1.57778e-005,-1.59457e-005,,,,,,
3.86053e-006,9.06386e-006,,,,,,
2.33310e-005,1.96384e-005,,,,,,
3.91089e-005,-3.35698e-006,,,,,,
3.50805e-005,9.23171e-006,,,,,,
1.93027e-005,-9.90310e-006,,,,,,
-5.20333e-006,-6.54612e-005,,,,,,
-2.70237e-005,-7.67071e-005,,,,,,
-1.44350e-005,-7.40215e-005,,,,,,
3.87732e-005,-8.15747e-005,,,,,,
8.15747e-005,-5.35439e-005,,,,,,
1.14809e-004,4.59907e-005,,,,,,
1.12963e-004,9.71847e-005,,,,,,
6.81468e-005,6.42863e-005,,,,,,
-2.34989e-006,7.63714e-005,,,,,,
-5.28725e-005,9.24849e-005,,,,,,
-1.06584e-004,6.02579e-005,,,,,,
-1.16320e-004,1.02388e-005,,,,,,
-9.76883e-005,-2.34989e-005,,,,,,
-7.25109e-005,-3.44091e-005,,,,,,
-3.77661e-005,-3.47448e-005,,,,,,
-4.95155e-005,-3.67590e-005,,,,,,
-6.04257e-005,-6.46220e-005,,,,,,
-3.64233e-005,-3.28984e-005,,,,,,
-2.46738e-005,1.37636e-005,,,,,,
-3.77661e-005,3.02129e-006,,,,,,
-5.11940e-005,-3.47448e-005,,,,,,
-8.00641e-005,-3.84375e-005,,,,,,
-6.59647e-005,-2.16526e-005,,,,,,
9.90310e-006,-4.17945e-005,,,,,,
4.48157e-005,-4.76692e-005,,,,,,
2.31632e-005,-3.10521e-005,,,,,,
3.35698e-007,-2.16526e-005,,,,,,
-3.69268e-006,-3.52483e-006,,,,,,
7.55322e-006,3.86053e-006,,,,,,
-1.12459e-005,1.54421e-005,,,,,,
-2.06455e-005,-6.21042e-006,,,,,,
1.02388e-005,-5.20333e-005,,,,,,
1.76242e-005,-4.61585e-005,,,,,,
9.06386e-006,-3.03807e-005,,,,,,
9.56741e-006,-3.39055e-005,,,,,,
4.19623e-006,-6.02579e-005,,,,,,
-1.35958e-005,-7.53643e-005,,,,,,
-1.22530e-005,-6.22721e-005,,,,,,
-1.46029e-005,-3.96124e-005,,,,,,
-1.29244e-005,-3.03807e-005,,,,,,
-2.63523e-005,-1.29244e-005,,,,,,
-3.65911e-005,5.03548e-007,,,,,,
-1.02388e-005,-1.98062e-005,,,,,,
1.17494e-006,-3.34020e-005,,,,,,
-1.04067e-005,-1.89670e-005,,,,,,
-1.02388e-005,-2.26596e-005,,,,,,
-1.99741e-005,-3.70947e-005,,,,,,
-3.28984e-005,-4.54871e-005,,,,,,
-3.03807e-005,-4.54871e-005,,,,,,
-2.80308e-005,-4.61585e-005,,,,,,
-3.25628e-005,-5.42153e-005,,,,,,
-2.61845e-005,-6.19364e-005,,,,,,
-2.33310e-005,-4.93477e-005,,,,,,
-2.80308e-005,-2.31632e-005,,,,,,
-2.09812e-005,-1.67849e-007,,,,,,
-2.34989e-005,-1.51064e-006,,,,,,
-2.46738e-005,-1.02388e-005,,,,,,
-6.54612e-006,-1.79599e-005,,,,,,
9.73526e-006,-1.24208e-005,,,,,,
1.51064e-005,1.34279e-006,,,,,,
3.18914e-006,6.04257e-006,,,,,,
-1.57778e-005,-4.86763e-006,,,,,,
-3.07164e-005,-2.03098e-005,,,,,,
-3.08843e-005,-1.34279e-005,,,,,,
-2.65202e-005,-7.04967e-006,,,,,,
-1.67849e-005,1.15816e-005,,,,,,
-1.02388e-005,6.34470e-005,,,,,,
-8.39246e-007,8.44282e-005,,,,,,
1.35958e-005,5.95865e-005,,,,,,
1.25887e-005,4.34730e-005,,,,,,
-3.86053e-006,4.21302e-005,,,,,,
-1.22530e-005,4.11231e-005,,,,,,
-1.51064e-005,3.84375e-005,,,,,,
-1.49386e-005,4.34730e-005,,,,,,
-1.57778e-005,5.52224e-005,,,,,,
-1.15816e-005,2.19883e-005,,,,,,
-4.19623e-006,1.56100e-005,,,,,,
5.03548e-007,3.27306e-005,,,,,,
-1.29244e-005,1.81277e-005,,,,,,
-2.33310e-005,1.42672e-005,,,,,,
-2.03098e-005,1.91348e-005,,,,,,
-1.76242e-005,1.84634e-005,,,,,,
-1.35958e-005,1.46029e-005,,,,,,
-1.67849e-006,1.52743e-005,,,,,,
-8.22461e-006,2.50095e-005,,,,,,
-8.22461e-006,3.69268e-006,,,,,,
-1.19173e-005,-1.54421e-005,,,,,,
-1.25887e-005,-3.35698e-006,,,,,,
-5.03548e-006,7.88891e-006,,,,,,
-1.51064e-006,9.39956e-006,,,,,,
-8.89601e-006,1.39315e-005,,,,,,
-2.98772e-005,1.44350e-005,,,,,,
-3.17235e-005,8.56031e-006,,,,,,
-3.50805e-005,1.93027e-005,,,,,,
-4.21302e-005,1.72885e-005,,,,,,
-3.34020e-005,-1.71206e-005,,,,,,
-1.12459e-005,-1.72885e-005,,,,,,
1.00710e-006,-6.88182e-006,,,,,,
-5.87472e-006,-6.54612e-006,,,,,,
-1.15816e-005,-4.19623e-006,,,,,,
-1.19173e-005,1.84634e-006,,,,,,
-1.00710e-005,-1.00710e-006,,,,,,
-1.66171e-005,-2.85344e-006,,,,,,
-2.03098e-005,3.52483e-006,,,,,,
-1.17494e-005,9.90310e-006,,,,,,
-4.69978e-006,1.84634e-006,,,,,,
-6.54612e-006,5.03548e-007,,,,,,
-2.34989e-006,5.87472e-006,,,,,,
-4.53193e-006,1.14137e-005,,,,,,
-1.39315e-005,1.52743e-005,,,,,,
-1.46029e-005,8.22461e-006,,,,,,
-1.30922e-005,7.88891e-006,,,,,,
-1.29244e-005,1.02388e-005,,,,,,
-1.32601e-005,7.88891e-006,,,,,,
-1.39315e-005,2.85344e-006,,,,,,
-1.76242e-005,4.53193e-006,,,,,,
-1.91348e-005,7.88891e-006,,,,,,
-1.29244e-005,1.24208e-005,,,,,,
2.01419e-006,8.22461e-006,,,,,,
1.22530e-005,-7.38537e-006,,,,,,
5.53903e-006,-9.73526e-006,,,,,,
-2.06455e-005,-1.20851e-005,,,,,,
-5.25368e-005,-5.87472e-006,,,,,,
-4.83406e-005,1.54421e-005,,,,,,
-3.30663e-005,1.47707e-005,,,,,,
-2.43381e-005,7.03288e-005,,,,,,
-1.59457e-005,1.32601e-004,,,,,,
-9.73526e-006,1.13466e-004,,,,,,
-9.56741e-006,-6.54612e-006,,,,,,
-9.23171e-006,-1.41497e-004,,,,,,
-8.72816e-006,-1.55596e-004,,,,,,
-8.22461e-006,-1.46868e-004,,,,,,
-1.12459e-005,-1.66339e-004,,,,,,
-1.64492e-005,-1.85473e-004,,,,,,
-1.04067e-005,-1.58618e-004,,,,,,
-4.69978e-006,6.79789e-005,,,,,,
1.67849e-007,2.82490e-004,,,,,,
1.59457e-005,2.68223e-004,,,,,,
5.60616e-005,1.73724e-004,,,,,,
9.63455e-005,2.38178e-004,,,,,,
1.13970e-004,1.13970e-004,,,,,,
1.07591e-004,-4.98512e-005,,,,,,
6.36149e-005,-7.13359e-005,,,,,,
-2.66880e-005,-5.65652e-005,,,,,,
-1.11955e-004,-1.69528e-005,,,,,,
-9.34920e-005,4.63264e-005,,,,,,
-3.52483e-005,-3.97803e-005,,,,,,
6.88182e-006,2.21561e-005,,,,,,
7.36858e-005,2.46235e-004,,,,,,
8.24140e-005,3.23110e-004,,,,,,
-3.54162e-005,1.45861e-004,,,,,,
-1.47875e-004,-5.89151e-005,,,,,,
-1.57946e-004,-1.32097e-004,,,,,,
-2.30625e-004,-2.46235e-004,,,,,,
-2.77455e-004,-7.20073e-005,,,,,,
-2.66041e-004,5.42153e-005,,,,,,
-2.11658e-004,-1.01045e-004,,,,,,
-6.42863e-005,-1.12291e-004,,,,,,
1.08766e-004,-2.26596e-005,,,,,,
1.51232e-004,6.42863e-005,,,,,,
1.56939e-004,5.11940e-005,,,,,,
1.58953e-004,5.53903e-006,,,,,,
1.48211e-004,1.62142e-004,,,,,,
3.57519e-005,1.22698e-004,,,,,,
-1.53246e-004,-1.32433e-004,,,,,,
-2.40360e-004,-1.44183e-004,,,,,,
-1.10613e-004,-1.30419e-004,,,,,,
1.79431e-004,-2.24414e-004,,,,,,
3.04311e-004,-7.60357e-005,,,,,,
2.17365e-004,1.16487e-004,,,,,,
1.43847e-004,5.38796e-005,,,,,,
4.21302e-005,-2.38346e-005,,,,,,
-1.18669e-004,5.95865e-005,,,,,,
-2.86854e-004,8.34211e-005,,,,,,
-3.13039e-004,-9.06386e-005,,,,,,
-8.56031e-005,-1.05241e-004,,,,,,
1.15312e-004,1.10613e-004,,,,,,
2.43885e-004,1.76410e-004,,,,,,
2.78798e-004,8.05676e-005,,,,,,
1.45861e-004,-4.04517e-005,,,,,,
-6.12650e-005,-1.19677e-004,,,,,,
-2.47410e-004,-2.86351e-004,,,,,,
-3.15221e-004,-2.24079e-004,,,,,,
-3.75479e-004,-9.90310e-006,,,,,,
-5.27382e-004,2.34989e-005,,,,,,
-4.45808e-004,-1.12459e-005,,,,,,
-2.19379e-004,7.55322e-005,,,,,,
-6.46220e-005,1.76074e-004,,,,,,
7.95605e-005,1.64996e-004,,,,,,
1.74228e-004,-3.54162e-005,,,,,,
2.73091e-004,-5.79080e-005,,,,,,
3.74807e-004,-3.77661e-005,,,,,,
3.36202e-004,-4.46479e-005,,,,,,
2.73762e-004,-1.56100e-005,,,,,,
1.98566e-004,8.20783e-005,,,,,,
3.18914e-005,6.42863e-005,,,,,,
-1.50225e-004,-4.38087e-005,,,,,,
-1.18334e-004,1.16655e-004,,,,,,
-5.92508e-005,1.76745e-004,,,,,,
-1.57107e-004,-5.32082e-005,,,,,,
-9.21492e-005,-1.43175e-004,,,,,,
8.72816e-005,-1.82788e-004,,,,,,
1.62814e-004,-2.29786e-004,,,,,,
1.17494e-004,-1.26726e-004,,,,,,
-6.63004e-005,-2.71916e-005,,,,,,
-1.65667e-004,5.94186e-005,,,,,,
-5.79080e-005,3.23949e-005,,,,,,
-6.66362e-005,-1.72885e-005,,,,,,
-1.27733e-004,-4.34730e-005,,,,,,
-1.86313e-005,-1.09606e-004,,,,,,
-2.31632e-005,-1.42504e-004,,,,,,
-1.27062e-004,-2.09140e-004,,,,,,
-2.15686e-004,-1.86816e-004,,,,,,
-1.79767e-004,1.21355e-004,,,,,,
-4.69978e-006,3.28817e-004,,,,,,
1.87152e-004,4.31205e-004,,,,,,
3.68261e-004,3.87900e-004,,,,,,
3.97971e-004,2.88197e-004,,,,,,
3.27474e-004,1.31929e-004,,,,,,
6.21042e-005,-2.05951e-004,,,,,,
-2.02258e-004,-3.85214e-004,,,,,,
-2.98436e-004,-2.55970e-004,,,,,,
-3.29992e-004,-1.57946e-004,,,,,,
-4.36912e-004,-1.62814e-004,,,,,,
-4.84413e-004,-1.37469e-004,,,,,,
-3.31670e-004,-1.78088e-004,,,,,,
-2.03098e-004,-1.12459e-005,,,,,,
-5.65652e-005,3.41741e-004,,,,,,
4.24659e-005,4.99016e-004,,,,,,
7.26787e-005,3.98138e-004,,,,,,
1.10613e-004,2.03265e-004,,,,,,
1.19341e-004,4.64942e-005,,,,,,
1.39818e-004,-2.26596e-005,,,,,,
2.02426e-004,-4.66621e-005,,,,,,
1.66171e-004,-3.03807e-005,,,,,,
1.92187e-004,-5.97543e-005,,,,,,
3.55001e-004,-8.59388e-005,,,,,,
5.14794e-004,-2.88701e-005,,,,,,
5.20836e-004,-3.07164e-005,,,,,,
2.99275e-004,-8.20783e-005,,,,,,
3.81018e-005,-1.70031e-004,,,,,,
-1.05241e-004,-3.86892e-004,,,,,,
-2.91554e-004,-3.84543e-004,,,,,,
-4.57053e-004,-1.56435e-004,,,,,,
-4.03677e-004,2.53452e-005,,,,,,
-2.28779e-004,2.11826e-004,,,,,,
-6.12650e-005,2.48249e-004,,,,,,
-1.00710e-006,2.64027e-004,,,,,,
4.16266e-005,-5.03548e-007,,,,,,
9.91989e-005,-1.73053e-004,,,,,,
-6.61326e-005,-1.89502e-004,,,,,,
-3.07836e-004,-1.33440e-004,,,,,,
-3.01961e-004,-1.16823e-004,,,,,,
-2.22400e-004,-1.54925e-004,,,,,,
-1.18837e-004,-8.22461e-005,,,,,,
-7.55322e-006,2.02930e-004,,,,,,
8.67781e-005,5.09422e-004,,,,,,
1.41161e-004,3.09346e-004,,,,,,
2.71748e-004,1.82956e-005,,,,,,
2.62852e-004,-5.20333e-005,,,,,,
1.92187e-004,-1.08263e-004,,,,,,
1.14473e-004,-1.43343e-004,,,,,,
-1.35958e-005,-8.76173e-005,,,,,,
-1.21355e-004,1.27062e-004,,,,,,
-1.76745e-004,2.13169e-004,,,,,,
-1.94873e-004,8.67781e-005,,,,,,
-1.46868e-004,-5.80758e-005,,,,,,
-1.62814e-005,-1.06920e-004,,,,,,
4.76692e-005,-9.86954e-005,,,,,,
5.45510e-005,-1.35454e-004,,,,,,
1.52743e-005,-1.86984e-004,,,,,,
-8.35889e-005,-1.89334e-004,,,,,,
-2.09308e-004,-1.44518e-004,,,,,,
-1.96551e-004,-6.05936e-005,,,,,,
7.38537e-006,1.54421e-005,,,,,,
9.18135e-005,1.01884e-004,,,,,,
4.39765e-005,1.26726e-004,,,,,,
2.46738e-005,1.20684e-004,,,,,,
7.60357e-005,4.81727e-005,,,,,,
1.87991e-005,-3.47448e-005,,,,,,
-1.10781e-005,-1.03563e-004,,,,,,
-2.18204e-006,-6.69719e-005,,,,,,
4.95155e-005,-5.52224e-005,,,,,,
5.28725e-005,-1.19677e-004,,,,,,
1.05913e-004,-1.70367e-004,,,,,,
4.44800e-005,-8.02319e-005,,,,,,
-7.83856e-005,-3.37377e-005,,,,,,
-1.43847e-004,-9.39956e-005,,,,,,
-8.03998e-005,4.86763e-006,,,,,,
-3.44091e-005,1.08431e-004,,,,,,
5.87472e-006,6.29435e-005,,,,,,
1.01884e-004,1.32601e-005,,,,,,
1.08598e-004,-3.02129e-006,,,,,,
4.26337e-005,1.71206e-005,,,,,,
5.03548e-006,2.78630e-005,,,,,,
2.71916e-005,1.66171e-005,,,,,,
3.02129e-005,1.64492e-005,,,,,,
-1.03563e-004,-2.51774e-006,,,,,,
-1.79599e-004,-2.58488e-005,,,,,,
-1.49722e-004,-3.17235e-005,,,,,,
-4.48157e-005,-3.59197e-005,,,,,,
5.32082e-005,-5.70687e-006,,,,,,
7.63714e-005,1.29244e-005,,,,,,
5.01869e-005,-1.51064e-006,,,,,,
-6.19364e-005,2.18204e-006,,,,,,
-1.22698e-004,-1.00710e-006,,,,,,
-1.93194e-004,-1.29244e-005,,,,,,
-1.95209e-004,-5.32082e-005,,,,,,
-1.51400e-004,-6.63004e-005,,,,,,
-4.81727e-005,-4.36408e-005,,,,,,
1.03395e-004,-9.56741e-006,,,,,,
1.03227e-004,7.01610e-005,,,,,,
5.69009e-005,8.61067e-005,,,,,,
1.05913e-004,5.65652e-005,,,,,,
1.67346e-004,9.23171e-006,,,,,,
1.81781e-004,9.56741e-006,,,,,,
1.16487e-004,5.03548e-007,,,,,,
4.78370e-005,-7.55322e-006,,,,,,
9.58419e-005,-1.02388e-005,,,,,,
3.97803e-005,-2.78630e-005,,,,,,
-4.01160e-005,-4.34730e-005,,,,,,
-6.41184e-005,-3.99481e-005,,,,,,
-6.79789e-005,-3.74304e-005,,,,,,
-1.12627e-004,7.21752e-006,,,,,,
-1.31762e-004,3.60876e-005,,,,,,
-6.96574e-005,3.28984e-005,,,,,,
-5.58938e-005,3.87732e-005,,,,,,
-5.57259e-005,1.51064e-006,,,,,,
-5.08583e-005,-2.78630e-005,,,,,,
-5.65652e-005,-2.90379e-005,,,,,,
-4.39765e-005,4.71656e-005,,,,,,
-5.48867e-005,7.25109e-005,,,,,,
-7.67071e-005,7.88891e-006,,,,,,
-3.65911e-005,1.09102e-005,,,,,,
-5.52224e-005,1.44350e-005,,,,,,
-1.20516e-004,6.89860e-005,,,,,,
-7.31823e-005,1.00038e-004,,,,,,
-2.43381e-005,7.13359e-005,,,,,,
-2.50095e-005,4.51514e-005,,,,,,
-6.05936e-005,1.19173e-005,,,,,,
-6.99931e-005,-2.71916e-005,,,,,,
-8.10712e-005,-4.61585e-005,,,,,,
-8.79530e-005,-2.97093e-005,,,,,,
-6.73075e-005,-1.79599e-005,,,,,,
4.04517e-005,-1.62814e-005,,,,,,
1.63989e-004,5.03548e-007,,,,,,
1.65499e-004,-1.35958e-005,,,,,,
8.47639e-005,-3.74304e-005,,,,,,
7.97284e-005,-3.47448e-005,,,,,,
4.58228e-005,-1.82956e-005,,,,,,
1.74563e-005,1.51064e-006,,,,,,
3.18914e-006,-1.93027e-005,,,,,,
1.62814e-005,-4.33051e-005,,,,,,
1.52743e-005,-4.28016e-005,,,,,,
-1.22530e-005,-4.14588e-005,,,,,,
-3.44091e-005,-3.13878e-005,,,,,,
-3.23949e-005,-3.34020e-005,,,,,,
-2.36667e-005,-3.47448e-005,,,,,,
-4.31373e-005,-1.59457e-005,,,,,,
-4.06195e-005,-2.73594e-005,,,,,,
-4.91798e-005,-2.53452e-005,,,,,,
-5.22011e-005,-3.20592e-005,,,,,,
-3.79339e-005,-4.36408e-006,,,,,,
-2.51774e-005,6.16007e-005,,,,,,
-4.33051e-005,5.42153e-005,,,,,,
-7.08324e-005,7.87213e-005,,,,,,
-6.26078e-005,7.73785e-005,,,,,,
-4.83406e-005,3.20592e-005,,,,,,
-3.59197e-005,-9.56741e-006,,,,,,
5.01869e-005,-2.45060e-005,,,,,,
8.74495e-005,-2.43381e-005,,,,,,
5.25368e-005,-1.02388e-005,,,,,,
2.19883e-005,3.74304e-005,,,,,,
1.52743e-005,6.27756e-005,,,,,,
-4.86763e-006,-8.89601e-006,,,,,,
-1.46029e-005,-4.68299e-005,,,,,,
-2.29953e-005,-2.34989e-005,,,,,,
-2.80308e-005,-4.36408e-006,,,,,,
-3.44091e-005,-5.87472e-006,,,,,,
-4.07874e-005,-1.39315e-005,,,,,,
-4.01160e-005,-8.39246e-007,,,,,,
-3.81018e-005,8.89601e-006,,,,,,
-4.51514e-005,-1.09102e-005,,,,,,
-4.07874e-005,-1.22530e-005,,,,,,
-2.70237e-005,5.03548e-007,,,,,,
-2.04776e-005,-4.53193e-006,,,,,,
-2.75273e-005,-9.56741e-006,,,,,,
-2.88701e-005,-2.08133e-005,,,,,,
-1.30922e-005,-3.84375e-005,,,,,,
5.70687e-006,-3.13878e-005,,,,,,
6.54612e-006,-1.89670e-005,,,,,,
1.34279e-006,-1.32601e-005,,,,,,
-1.30922e-005,2.66880e-005,,,,,,
-2.83665e-005,4.41444e-005,,,,,,
-3.79339e-005,3.00450e-005,,,,,,
-4.06195e-005,6.37827e-006,,,,,,
-5.03548e-005,4.75013e-005,,,,,,
-4.98512e-005,5.03548e-005,,,,,,
-3.97803e-005,2.40024e-005,,,,,,
-2.16526e-005,1.67849e-006,,,,,,
-3.35698e-007,5.87472e-006,,,,,,
8.56031e-006,-1.82956e-005,,,,,,
-9.90310e-006,-7.55322e-006,,,,,,
-5.13619e-005,1.86313e-005,,,,,,
-7.23430e-005,2.85344e-006,,,,,,
-5.22011e-005,-6.04257e-006,,,,,,
-3.60876e-005,-5.87472e-006,,,,,,
-1.96384e-005,-7.88891e-006,,,,,,
1.99741e-005,-2.65202e-005,,,,,,
7.06645e-005,-5.05226e-005,,,,,,
5.22011e-005,-3.57519e-005,,,,,,
2.66880e-005,-4.44800e-005,,,,,,
7.55322e-006,-2.46738e-005,,,,,,
1.00710e-006,1.42672e-005,,,,,,
3.18914e-006,1.29244e-005,,,,,,
1.09102e-005,-2.18204e-006,,,,,,
7.72107e-006,-1.04067e-005,,,,,,
-1.96384e-005,4.44800e-005,,,,,,
-4.11231e-005,9.24849e-005,,,,,,
-3.37377e-005,6.32792e-005,,,,,,
-2.60166e-005,4.81727e-005,,,,,,
-3.64233e-005,5.58938e-005,,,,,,
-2.21561e-005,-5.89151e-005,,,,,,
7.55322e-006,-9.98703e-005,,,,,,
2.14847e-005,-2.70237e-005,,,,,,
5.03548e-007,-3.35698e-006,,,,,,
-3.47448e-005,-2.73594e-005,,,,,,
-3.44091e-005,-6.26078e-005,,,,,,
-3.50805e-005,-3.97803e-005,,,,,,
-4.21302e-005,8.10712e-005,,,,,,
-3.37377e-005,1.26558e-004,,,,,,
-1.35958e-005,3.81018e-005,,,,,,
-1.22530e-005,-1.84634e-006,,,,,,
-1.56100e-005,1.61975e-004,,,,,,
-1.71206e-005,2.58320e-004,,,,,,
-3.86053e-006,6.17685e-005,,,,,,
7.21752e-006,-2.66880e-005,,,,,,
7.88891e-006,-3.22271e-005,,,,,,
-5.03548e-006,-2.28275e-005,,,,,,
-2.50095e-005,8.91279e-005,,,,,,
-1.46029e-005,1.05745e-004,,,,,,
2.46738e-005,-2.73594e-005,,,,,,
3.34020e-005,-1.80438e-004,,,,,,
7.21752e-006,-1.60632e-004,,,,,,
5.20333e-006,-1.31258e-004,,,,,,
1.30922e-005,-1.28405e-004,,,,,,
-1.56100e-005,-5.72366e-005,,,,,,
-2.29953e-005,-5.01869e-005,,,,,,
-2.06455e-005,-6.99931e-005,,,,,,
-4.34730e-005,-4.14588e-005,,,,,,
-4.33051e-005,-2.43381e-005,,,,,,
-2.01419e-005,-2.18204e-005,,,,,,
1.51064e-006,-1.86313e-005,,,,,,
4.19623e-006,-3.07164e-005,,,,,,
1.12459e-005,7.62036e-005,,,,,,
1.30922e-005,1.45357e-004,,,,,,
1.02388e-005,7.51965e-005,,,,,,
5.53903e-006,4.28016e-005,,,,,,
-1.49386e-005,-1.79599e-005,,,,,,
-3.47448e-005,-4.75013e-005,,,,,,
-6.27756e-005,-3.52483e-006,,,,,,
-9.41634e-005,-6.32792e-005,,,,,,
-9.18135e-005,-1.30587e-004,,,,,,
-5.52224e-005,-1.96216e-004,,,,,,
-2.48417e-005,-1.66339e-004,,,,,,
-8.56031e-006,-1.40658e-004,,,,,,
3.86053e-006,-1.23369e-004,,,,,,
7.55322e-006,2.87022e-005,,,,,,
1.17494e-006,1.87152e-004,,,,,,
1.17494e-006,1.28069e-004,,,,,,
6.04257e-006,1.58785e-004,,,,,,
3.18914e-006,1.20012e-004,,,,,,
-7.21752e-006,5.75723e-005,,,,,,
-2.98772e-005,2.51606e-004,,,,,,
-3.05486e-005,1.79095e-004,,,,,,
-7.72107e-006,4.48157e-005,,,,,,
1.56100e-005,4.53193e-006,,,,,,
2.24918e-005,-5.05226e-005,,,,,,
2.26596e-005,-5.89151e-005,,,,,,
1.59457e-005,-9.24849e-005,,,,,,
8.39246e-007,-1.15648e-004,,,,,,
8.39246e-007,-1.18334e-004,,,,,,
2.73594e-005,-1.33944e-004,,,,,,
2.26596e-005,-1.04402e-004,,,,,,
2.01419e-006,-6.09293e-005,,,,,,
-3.52483e-006,3.18914e-006,,,,,,
-5.20333e-006,4.01160e-005,,,,,,
3.18914e-006,3.97803e-005,,,,,,
2.16526e-005,4.14588e-005,,,,,,
1.72885e-005,3.05486e-005,,,,,,
-2.53452e-005,-8.47639e-005,,,,,,
-6.39506e-005,-2.68727e-004,,,,,,
-5.77401e-005,-2.47913e-004,,,,,,
-2.97093e-005,-6.24399e-005,,,,,,
-4.21302e-005,7.73785e-005,,,,,,
-5.69009e-005,3.81018e-005,,,,,,
-7.67071e-005,-4.41444e-005,,,,,,
-9.91989e-005,-3.32342e-005,,,,,,
-1.11620e-004,4.07874e-005,,,,,,
-1.22362e-004,7.46929e-005,,,,,,
-1.13298e-004,1.02052e-004,,,,,,
-9.36599e-005,1.30755e-004,,,,,,
-8.54353e-005,1.42840e-004,,,,,,
-6.16007e-005,1.37804e-004,,,,,,
-1.22530e-005,4.59907e-005,,,,,,
2.06455e-005,-1.77920e-005,,,,,,
5.38796e-005,-9.23171e-006,,,,,,
1.03227e-004,-3.20592e-005,,,,,,
1.10613e-004,-5.40475e-005,,,,,,
9.13100e-005,-7.80499e-005,,,,,,
3.30663e-005,-7.26787e-005,,,,,,
-2.23239e-005,-4.34730e-005,,,,,,
-3.47448e-005,7.72107e-005,,,,,,
-5.52224e-005,1.66339e-004,,,,,,
-5.79080e-005,1.36126e-004,,,,,,
-4.16266e-005,8.97993e-005,,,,,,
-2.43381e-005,9.24849e-005,,,,,,
4.53193e-006,1.07088e-004,,,,,,
5.20333e-005,7.72107e-005,,,,,,
7.93927e-005,3.60876e-005,,,,,,
7.25109e-005,-8.89601e-006,,,,,,
6.79789e-005,-3.32342e-005,,,,,,
6.21042e-005,-1.76242e-005,,,,,,
6.21042e-006,-2.51774e-006,,,,,,
-2.09812e-005,-2.56809e-005,,,,,,
-7.88891e-006,-9.14778e-005,,,,,,
4.19623e-006,-1.27230e-004,,,,,,
5.03548e-005,-1.19677e-004,,,,,,
3.74304e-005,-1.10948e-004,,,,,,
-1.89670e-005,-1.36461e-004,,,,,,
-5.52224e-005,-1.35119e-004,,,,,,
-7.40215e-005,-8.44282e-005,,,,,,
-7.28466e-005,-2.34989e-006,,,,,,
-9.09743e-005,6.59647e-005,,,,,,
-1.11116e-004,8.54353e-005,,,,,,
-1.08263e-004,1.11620e-004,,,,,,
-7.95605e-005,1.63653e-004,,,,,,
-5.70687e-005,1.92523e-004,,,,,,
-4.58228e-005,1.15480e-004,,,,,,
-4.28016e-005,5.53903e-006,,,,,,
-2.63523e-005,-3.50805e-005,,,,,,
-2.85344e-006,-1.84634e-005,,,,,,
-5.37118e-006,-1.66171e-005,,,,,,
-2.58488e-005,-6.26078e-005,,,,,,
-1.22530e-005,-9.48348e-005,,,,,,
1.24208e-005,-1.20348e-004,,,,,,
4.85084e-005,-1.48714e-004,,,,,,
6.02579e-005,-1.33104e-004,,,,,,
3.30663e-005,-9.91989e-005,,,,,,
2.63523e-005,-6.73075e-005,,,,,,
-1.00710e-006,-3.23949e-005,,,,,,
-4.21302e-005,-4.69978e-006,,,,,,
-8.22461e-005,-1.67849e-007,,,,,,
-7.41894e-005,-3.52483e-005,,,,,,
-2.09812e-005,-8.67781e-005,,,,,,
4.78370e-005,-1.12291e-004,,,,,,
7.98962e-005,-1.15984e-004,,,,,,
6.21042e-005,-1.15984e-004,,,,,,
6.42863e-005,-6.22721e-005,,,,,,
5.15297e-005,9.88632e-005,,,,,,
-7.72107e-006,2.51606e-004,,,,,,
-9.18135e-005,2.89540e-004,,,,,,
-1.68688e-004,1.97055e-004,,,,,,
-1.91684e-004,1.67010e-004,,,,,,
-1.23369e-004,1.86481e-004,,,,,,
-3.64233e-005,1.09606e-004,,,,,,
-1.25887e-005,2.36667e-005,,,,,,
-9.23171e-006,-2.09812e-005,,,,,,
-1.49386e-005,-4.09552e-005,,,,,,
-1.79599e-005,-2.81987e-005,,,,,,
-1.17494e-005,-8.56031e-006,,,,,,
9.23171e-006,-1.27565e-005,,,,,,
2.85344e-006,-3.40734e-005,,,,,,
-1.32601e-005,-4.91798e-005,,,,,,
1.46029e-005,-5.67330e-005,,,,,,
4.12909e-005,-5.37118e-005,,,,,,
5.27047e-005,-6.59647e-005,,,,,,
7.08324e-005,-8.67781e-005,,,,,,
5.25368e-005,-8.44282e-005,,,,,,
2.73594e-005,-6.24399e-005,,,,,,
4.86763e-006,1.49386e-005,,,,,,
-3.27306e-005,9.18135e-005,,,,,,
-1.37636e-005,8.64424e-005,,,,,,
3.69268e-006,5.01869e-005,,,,,,
2.51774e-006,1.24208e-005,,,,,,
-1.02388e-005,-1.62814e-005,,,,,,
-1.17494e-006,-3.79339e-005,,,,,,
2.95415e-005,-3.50805e-005,,,,,,
1.35958e-005,-3.81018e-005,,,,,,
-3.91089e-005,-4.78370e-005,,,,,,
-7.57000e-005,-3.92767e-005,,,,,,
-7.87213e-005,-2.50095e-005,,,,,,
-7.06645e-005,-2.09812e-005,,,,,,
-6.78111e-005,1.00710e-006,,,,,,
-2.23239e-005,3.97803e-005,,,,,,
3.74304e-005,4.59907e-005,,,,,,
-1.39315e-005,3.64233e-005,,,,,,
-5.89151e-005,-2.18204e-006,,,,,,
-5.06905e-005,-5.30404e-005,,,,,,
-6.88182e-006,-2.93736e-005,,,,,,
2.55131e-005,-1.67849e-005,,,,,,
3.34020e-005,-2.38346e-005,,,,,,
3.72625e-005,-3.60876e-005,,,,,,
1.27565e-005,-3.10521e-005,,,,,,
5.87472e-006,5.20333e-006,,,,,,
2.34989e-005,3.00450e-005,,,,,,
6.21042e-005,5.05226e-005,,,,,,
4.14588e-005,3.67590e-005,,,,,,
-2.56809e-005,9.56741e-006,,,,,,
-7.87213e-005,1.59457e-005,,,,,,
-1.09270e-004,1.79599e-005,,,,,,
-8.61067e-005,9.06386e-006,,,,,,
-6.29435e-005,3.35698e-007,,,,,,
-6.02579e-005,-2.16526e-005,,,,,,
-4.68299e-005,-4.04517e-005,,,,,,
-2.78630e-005,-3.65911e-005,,,,,,
-3.34020e-005,-4.04517e-005,,,,,,
-5.45510e-005,-4.11231e-005,,,,,,
-4.48157e-005,-3.20592e-005,,,,,,
-1.59457e-005,-1.71206e-005,,,,,,
-1.72885e-005,-3.20592e-005,,,,,,
-3.20592e-005,-4.31373e-005,,,,,,
-4.11231e-005,-1.49386e-005,,,,,,
-2.76951e-005,-1.17494e-006,,,,,,
6.71397e-007,-2.78630e-005,,,,,,
3.42412e-005,-7.23430e-005,,,,,,
8.47639e-005,-8.87923e-005,,,,,,
1.19341e-004,-8.54353e-005,,,,,,
9.95346e-005,-7.03288e-005,,,,,,
2.50095e-005,-5.85794e-005,,,,,,
-4.38087e-005,-5.22011e-005,,,,,,
-9.55062e-005,-4.61585e-005,,,,,,
-9.34920e-005,-4.11231e-005,,,,,,
-7.63714e-005,-3.67590e-005,,,,,,
-5.99222e-005,-3.22271e-005,,,,,,
-1.93027e-005,-3.27306e-005,,,,,,
3.86053e-006,-2.50095e-005,,,,,,
1.71206e-005,-1.99741e-005,,,,,,
1.15816e-005,-1.17494e-006,,,,,,
-1.49386e-005,-4.19623e-006,,,,,,
-2.11490e-005,-1.04067e-005,,,,,,
-1.67849e-007,2.51774e-006,,,,,,
-1.25887e-005,1.46029e-005,,,,,,
-2.18204e-005,1.72885e-005,,,,,,
-1.89670e-005,1.04067e-005,,,,,,
-2.56809e-005,1.40993e-005,,,,,,
-2.40024e-005,1.39315e-005,,,,,,
-2.16526e-005,2.24918e-005,,,,,,
-2.83665e-005,2.93736e-005,,,,,,
-3.44091e-005,1.99741e-005,,,,,,
-3.07164e-005,2.40024e-005,,,,,,
-3.70947e-005,3.37377e-005,,,,,,
-2.83665e-005,3.03807e-005,,,,,,
-1.71206e-005,2.93736e-005,,,,,,
1.64492e-005,2.50095e-005,,,,,,
3.70947e-005,3.52483e-005,,,,,,
2.56809e-005,3.87732e-005,,,,,,
2.40024e-005,3.27306e-005,,,,,,
3.34020e-005,2.48417e-005,,,,,,
2.73594e-005,2.65202e-005,,,,,,
7.88891e-006,3.18914e-005,,,,,,
-6.54612e-006,3.00450e-005,,,,,,
-1.46029e-005,2.92058e-005,,,,,,
-1.46029e-005,3.03807e-005,,,,,,
-1.62814e-005,2.87022e-005,,,,,,
-2.36667e-005,2.87022e-005,,,,,,
-1.79599e-005,2.19883e-005,,,,,,
-6.21042e-006,1.62814e-005,,,,,,
-1.49386e-005,1.47707e-005,,,,,,
-3.64233e-005,1.56100e-005,,,,,,
-5.47189e-005,1.42672e-005,,,,,,
-4.71656e-005,8.56031e-006,,,,,,
-4.01160e-005,7.04967e-006,,,,,,
-2.85344e-005,3.35698e-006,,,,,,
6.21042e-006,-1.51064e-006,,,,,,
2.90379e-005,-6.88182e-006,,,,,,
2.83665e-005,-8.22461e-006,,,,,,
-1.67849e-007,-5.03548e-006,,,,,,
-1.05745e-005,-2.85344e-006,,,,,,
-1.56100e-005,-6.88182e-006,,,,,,
7.72107e-006,-9.23171e-006,,,,,,
7.97284e-005,-1.05745e-005,,,,,,
1.43847e-004,-1.15816e-005,,,,,,
1.43847e-004,-1.76242e-005,,,,,,
1.05913e-004,-1.69528e-005,,,,,,
7.55322e-006,-9.56741e-006,,,,,,
-1.43343e-004,2.85344e-006,,,,,,
-1.85473e-004,-5.03548e-007,,,,,,
-1.62982e-004,-5.70687e-006,,,,,,
-1.24376e-004,-1.10781e-005,,,,,,
-7.82177e-005,-1.15816e-005,,,,,,
-2.80308e-005,-7.88891e-006,,,,,,
-8.39246e-006,-6.37827e-006,,,,,,
-3.17235e-005,1.51064e-006,,,,,,
-1.93027e-005,6.54612e-006,,,,,,
4.19623e-006,6.21042e-006,,,,,,
4.39765e-005,3.35698e-007,,,,,,
5.99222e-005,-5.03548e-007,,,,,,
9.36599e-005,-3.69268e-006,,,,,,
1.06249e-004,0.00000e+000,,,,,,
9.90311e-005,2.18204e-006,,,,,,
1.48043e-004,7.88891e-006,,,,,,
9.29885e-005,1.32601e-005,,,,,,
-9.73526e-005,1.52743e-005,,,,,,
-2.46235e-004,1.46029e-005,,,,,,
-3.21431e-004,1.96384e-005,,,,,,
-3.32845e-004,3.10521e-005,,,,,,
-3.88403e-004,1.51064e-005,,,,,,
-3.86892e-004,1.17494e-005,,,,,,
-2.38346e-004,2.53452e-005,,,,,,
4.66621e-005,-1.71206e-005,,,,,,
5.01366e-004,-3.32342e-005,,,,,,
6.26078e-004,-3.12200e-005,,,,,,
5.54406e-004,-1.62814e-005,,,,,,
3.43587e-004,-1.49386e-005,,,,,,
-3.62554e-005,-3.30663e-005,,,,,,
-2.60838e-004,-2.73594e-005,,,,,,
-2.88869e-004,1.37636e-005,,,,,,
-4.50004e-004,3.81018e-005,,,,,,
-4.64775e-004,4.34730e-005,,,,,,
-1.07424e-004,2.26596e-005,,,,,,
1.49554e-004,-5.70687e-006,,,,,,
2.04944e-004,-4.39765e-005,,,,,,
5.62295e-005,1.05745e-005,,,,,,
-8.94636e-005,5.55581e-005,,,,,,
-3.67590e-005,6.79789e-005,,,,,,
-8.74495e-005,4.44800e-005,,,,,,
-9.68490e-005,-2.36667e-005,,,,,,
-3.77661e-005,-9.06386e-005,,,,,,
-8.92958e-005,-1.76410e-004,,,,,,
-1.34783e-004,-1.10948e-004,,,,,,
-5.20333e-006,2.13169e-005,,,,,,
1.05913e-004,9.90310e-006,,,,,,
2.24750e-004,5.79080e-005,,,,,,
2.85008e-004,6.02579e-005,,,,,,
1.69360e-004,2.85344e-006,,,,,,
6.81468e-005,2.42710e-004,,,,,,
-2.56138e-004,2.60334e-004,,,,,,
-5.46181e-004,1.61303e-004,,,,,,
-4.06531e-004,6.74754e-005,,,,,,
7.21752e-006,-7.23430e-005,,,,,,
1.97894e-004,-1.82788e-004,,,,,,
8.07355e-005,-9.29885e-005,,,,,,
-1.26055e-004,2.45060e-005,,,,,,
-3.22438e-004,4.31373e-005,,,,,,
-3.84207e-004,3.37377e-005,,,,,,
-3.91257e-004,4.75013e-005,,,,,,
-3.29152e-004,4.54871e-005,,,,,,
-2.04608e-004,1.43175e-004,,,,,,
-1.51064e-005,1.96384e-004,,,,,,
4.39261e-004,5.28725e-005,,,,,,
6.99260e-004,-7.87213e-005,,,,,,
4.81559e-004,-1.89502e-004,,,,,,
2.19379e-004,-1.49722e-004,,,,,,
1.52407e-004,-2.14008e-004,,,,,,
1.98566e-004,-2.54795e-004,,,,,,
1.32433e-004,-2.42542e-004,,,,,,
2.16022e-004,-1.86145e-004,,,,,,
3.71450e-004,9.24849e-005,,,,,,
3.15221e-004,1.70367e-004,,,,,,
1.15648e-004,-4.53193e-005,,,,,,
-2.64866e-004,-1.02892e-004,,,,,,
-5.23857e-004,-9.73526e-006,,,,,,
-4.63767e-004,1.15312e-004,,,,,,
-5.05058e-004,2.54292e-004,,,,,,
-4.53025e-004,2.47913e-004,,,,,,
-2.09644e-004,1.85138e-004,,,,,,
-1.44350e-005,1.16655e-004,,,,,,
7.33501e-005,4.31373e-005,,,,,,
2.77791e-004,7.26787e-005,,,,,,
3.61547e-004,5.75723e-005,,,,,,
1.35454e-004,-3.82696e-005,,,,,,
-9.14778e-005,-6.83146e-005,,,,,,
-1.90845e-004,-1.33272e-004,,,,,,
-2.59159e-004,-1.75738e-004,,,,,,
-2.02594e-004,-5.92508e-005,,,,,,
-9.83597e-005,-1.09102e-004,,,,,,
6.88182e-005,-2.00412e-004,,,,,,
3.10353e-004,6.16007e-005,,,,,,
4.66453e-004,1.51064e-006,,,,,,
7.91913e-004,-4.06195e-005,,,,,,
9.58251e-004,2.90379e-005,,,,,,
1.05040e-003,-7.31823e-005,,,,,,
8.07523e-004,-1.25383e-004,,,,,,
7.31823e-005,-1.34279e-004,,,,,,
-7.56161e-004,-1.27398e-004,,,,,,
-1.17914e-003,-2.36667e-005,,,,,,
-1.07558e-003,1.25887e-005,,,,,,
-7.33333e-004,-2.21561e-005,,,,,,
-3.61379e-004,-5.03548e-007,,,,,,
-1.91348e-005,-5.20333e-005,,,,,,
1.34447e-004,-1.02556e-004,,,,,,
-4.36408e-006,-4.75013e-005,,,,,,
-3.41405e-004,5.67330e-005,,,,,,
-4.90959e-004,7.93927e-005,,,,,,
-5.01030e-004,-2.70237e-005,,,,,,
-3.18410e-004,-1.46029e-005,,,,,,
-5.28725e-005,1.74395e-004,,,,,,
7.10002e-005,2.77287e-004,,,,,,
1.24376e-004,2.90211e-004,,,,,,
2.49592e-004,2.41535e-004,,,,,,
3.07668e-004,1.59457e-005,,,,,,
3.65744e-004,3.07164e-005,,,,,,
3.50637e-004,8.12390e-005,,,,,,
2.09308e-004,7.30144e-005,,,,,,
-1.44350e-005,1.34783e-004,,,,,,
-9.91989e-005,1.93194e-004,,,,,,
-6.71397e-006,4.85084e-005,,,,,,
5.89151e-005,-5.72366e-005,,,,,,
3.44762e-004,-7.70428e-005,,,,,,
6.13825e-004,-1.98566e-004,,,,,,
7.09499e-004,-2.18708e-004,,,,,,
6.00732e-004,-1.33776e-004,,,,,,
2.75776e-004,-9.68490e-005,,,,,,
-3.66079e-004,-8.27497e-005,,,,,,
-9.80072e-004,-6.29435e-005,,,,,,
-9.96521e-004,-2.81987e-005,,,,,,
-6.28931e-004,-1.00710e-005,,,,,,
-4.60410e-004,4.53193e-005,,,,,,
-3.32677e-004,-7.43572e-005,,,,,,
-1.20348e-004,1.67849e-006,,,,,,
1.34447e-004,1.67681e-004,,,,,,
2.22736e-004,1.67849e-007,,,,,,
3.92767e-005,-1.70703e-004,,,,,,
-8.34211e-005,-1.66674e-004,,,,,,
-5.67330e-005,-1.00877e-004,,,,,,
-9.01350e-005,3.02129e-006,,,,,,
4.19623e-006,1.13298e-004,,,,,,
1.28069e-004,7.70428e-005,,,,,,
1.96719e-004,4.95155e-005,,,,,,
3.12367e-004,3.42412e-005,,,,,,
2.33478e-004,-1.39147e-004,,,,,,
3.23949e-005,-1.63317e-004,,,,,,
-1.52743e-004,-8.84566e-005,,,,,,
-2.26093e-004,-4.38087e-005,,,,,,
-1.42336e-004,-1.42672e-005,,,,,,
-1.49386e-005,9.21492e-005,,,,,,
4.75013e-005,1.19005e-004,,,,,,
6.52934e-005,5.38796e-005,,,,,,
1.82788e-004,1.32601e-005,,,,,,
2.03601e-004,-6.94896e-005,,,,,,
1.09270e-004,-7.51965e-005,,,,,,
1.00710e-005,-1.59457e-005,,,,,,
-8.57710e-005,-5.52224e-005,,,,,,
-1.55428e-004,-9.21492e-005,,,,,,
-1.73388e-004,-8.84566e-005,,,,,,
-8.74495e-005,-2.65202e-005,,,,,,
1.06920e-004,1.96384e-005,,,,,,
3.09346e-004,2.33310e-005,,,,,,
3.65744e-004,-3.18914e-006,,,,,,
2.41199e-004,-1.09102e-005,,,,,,
7.80499e-005,2.23239e-005,,,,,,
-1.10781e-005,2.50095e-005,,,,,,
-1.48882e-004,8.39246e-006,,,,,,
-3.49294e-004,-4.63264e-005,,,,,,
-3.15053e-004,-1.50896e-004,,,,,,
-1.85641e-004,-2.51774e-006,,,,,,
-1.19844e-004,2.35492e-004,,,,,,
-1.95041e-004,1.60128e-004,,,,,,
-2.80812e-004,1.35958e-005,,,,,,
-1.77752e-004,-1.59457e-005,,,,,,
2.18204e-006,-7.10002e-005,,,,,,
1.21691e-004,-1.17830e-004,,,,,,
1.41833e-004,-9.33242e-005,,,,,,
3.72457e-004,-5.08583e-005,,,,,,
5.15465e-004,6.88182e-006,,,,,,
4.14420e-004,-3.25628e-005,,,,,,
3.07668e-004,-1.10109e-004,,,,,,
-4.88441e-005,-8.64424e-005,,,,,,
-1.54086e-004,-2.73594e-005,,,,,,
-1.08431e-004,-3.40734e-005,,,,,,
-2.18708e-004,-7.60357e-005,,,,,,
-2.79805e-004,-3.05486e-005,,,,,,
-2.79133e-004,3.86053e-006,,,,,,
-4.71824e-004,-9.56741e-006,,,,,,
-3.90921e-004,1.05745e-005,,,,,,
-1.75402e-004,2.68559e-005,,,,,,
-4.46479e-005,6.22721e-005,,,,,,
1.50729e-004,1.29412e-004,,,,,,
3.04646e-004,8.74495e-005,,,,,,
2.24079e-004,-3.18914e-006,,,,,,
-1.79599e-005,-2.38346e-005,,,,,,
-1.66842e-004,-3.67590e-005,,,,,,
-2.30793e-004,-2.70237e-005,,,,,,
-2.19211e-004,-1.57778e-005,,,,,,
-1.98566e-004,-1.64492e-005,,,,,,
-1.09606e-004,-8.22461e-006,,,,,,
7.21752e-006,-9.06386e-006,,,,,,
2.40024e-005,-9.56741e-006,,,,,,
9.97024e-005,-1.49386e-005,,,,,,
1.19677e-004,-1.69528e-005,,,,,,
9.04707e-005,-2.16526e-005,,,,,,
7.77142e-005,-2.29953e-005,,,,,,
1.59457e-005,2.04776e-005,,,,,,
-2.70237e-005,3.94446e-005,,,,,,
-1.71206e-005,8.14069e-005,,,,,,
2.40024e-005,1.22698e-004,,,,,,
5.74044e-005,6.09293e-005,,,,,,
4.59907e-005,1.62814e-005,,,,,,
-2.16526e-005,-4.09552e-005,,,,,,
1.39315e-005,-6.14328e-005,,,,,,
3.60876e-005,-5.69009e-005,,,,,,
-1.03899e-004,-3.84375e-005,,,,,,
-1.32265e-004,-5.16976e-005,,,,,,
-1.18334e-004,-7.80499e-005,,,,,,
-8.25818e-005,-7.30144e-005,,,,,,
-1.56100e-005,-2.92058e-005,,,,,,
1.07927e-004,-4.69978e-006,,,,,,
2.09644e-004,2.70237e-005,,,,,,
1.34783e-004,2.55131e-005,,,,,,
8.10712e-005,1.15816e-005,,,,,,
-4.53193e-006,5.58938e-005,,,,,,
-1.98398e-004,4.80049e-005,,,,,,
-1.91516e-004,2.26596e-005,,,,,,
-5.75723e-005,3.15557e-005,,,,,,
7.62036e-005,3.37377e-005,,,,,,
2.15686e-004,4.21302e-005,,,,,,
3.05989e-004,2.09812e-005,,,,,,
2.04776e-004,5.20333e-006,,,,,,
1.89670e-005,-1.09102e-005,,,,,,
-5.25368e-005,2.80308e-005,,,,,,
-1.23537e-004,4.41444e-005,,,,,,
-2.29786e-004,4.41444e-005,,,,,,
-2.00580e-004,4.29694e-005,,,,,,
-2.39521e-004,2.11490e-005,,,,,,
-1.87823e-004,-4.86763e-006,,,,,,
-1.37469e-004,-1.71206e-005,,,,,,
-3.34020e-005,-2.97093e-005,,,,,,
8.24140e-005,-3.89410e-005,,,,,,
5.42153e-005,-4.04517e-005,,,,,,
1.20348e-004,-4.04517e-005,,,,,,
1.52743e-005,-3.57519e-005,,,,,,
-1.62982e-004,-1.46029e-005,,,,,,
-8.50996e-005,4.36408e-006,,,,,,
2.09812e-005,5.03548e-007,,,,,,
-8.89601e-006,-3.52483e-006,,,,,,
-3.27306e-005,-8.56031e-006,,,,,,
-3.99481e-005,-1.93027e-005,,,,,,
-4.85084e-005,-1.32601e-005,,,,,,
-4.41444e-005,-2.21561e-005,,,,,,
-7.63714e-005,-3.86053e-005,,,,,,
-6.76432e-005,-6.21042e-005,,,,,,
4.86763e-006,-6.59647e-005,,,,,,
7.83856e-005,-4.21302e-005,,,,,,
1.92187e-004,1.59457e-005,,,,,,
1.68017e-004,7.48608e-005,,,,,,
1.11284e-004,6.86503e-005,,,,,,
7.77142e-005,3.47448e-005,,,,,,
5.32082e-005,-2.18204e-006,,,,,,
4.73335e-005,-5.01869e-005,,,,,,
3.60876e-005,-6.99931e-005,,,,,,
-7.55322e-006,-4.61585e-005,,,,,,
-2.50095e-005,1.79599e-005,,,,,,
-1.40993e-005,4.83406e-005,,,,,,
-1.02388e-005,3.25628e-005,,,,,,
-8.39246e-007,2.53452e-005,,,,,,
-4.53193e-006,-3.52483e-006,,,,,,
8.22461e-006,-2.13169e-005,,,,,,
4.01160e-005,-4.19623e-006,,,,,,
1.98062e-005,-6.21042e-006,,,,,,
-9.73526e-006,-2.34989e-005,,,,,,
-9.41634e-005,-1.54421e-005,,,,,,
-1.48211e-004,-1.35958e-005,,,,,,
-8.03998e-005,-2.18204e-006,,,,,,
-4.98512e-005,3.87732e-005,,,,,,
-5.13619e-005,8.50996e-005,,,,,,
-4.41444e-005,1.04067e-004,,,,,,
-2.83665e-005,7.80499e-005,,,,,,
-1.19173e-005,5.35439e-005,,,,,,
5.53903e-006,1.98062e-005,,,,,,
3.37377e-005,4.53193e-006,,,,,,
1.76242e-005,4.19623e-006,,,,,,
1.69528e-005,-1.22530e-005,,,,,,
-2.29953e-005,-6.54612e-006,,,,,,
-1.55261e-004,1.51064e-006,,,,,,
-1.62142e-004,-2.04776e-005,,,,,,
-8.39246e-005,-4.01160e-005,,,,,,
-9.56741e-006,-3.52483e-005,,,,,,
3.34020e-005,-2.09812e-005,,,,,,
3.18914e-006,-1.44350e-005,,,,,,
-3.81018e-005,-4.19623e-006,,,,,,
-8.79530e-005,5.20333e-006,,,,,,
-1.19341e-004,9.90310e-006,,,,,,
-9.11421e-005,-2.18204e-006,,,,,,
-4.71656e-005,-1.76242e-005,,,,,,
-1.56100e-005,-1.82956e-005,,,,,,
2.60166e-005,-1.56100e-005,,,,,,
7.40215e-005,-3.52483e-006,,,,,,
8.42603e-005,1.98062e-005,,,,,,
7.26787e-005,2.80308e-005,,,,,,
5.63973e-005,7.21752e-006,,,,,,
-5.32082e-005,-1.79599e-005,,,,,,
-1.12291e-004,-2.06455e-005,,,,,,
-5.99222e-005,-6.54612e-006,,,,,,
-4.44800e-005,1.39315e-005,,,,,,
-4.71656e-005,1.94705e-005,,,,,,
-2.76951e-005,2.53452e-005,,,,,,
3.02129e-006,-5.53903e-006,,,,,,
1.19173e-005,-4.19623e-006,,,,,,
-9.73526e-006,3.20592e-005,,,,,,
-2.85344e-005,2.04776e-005,,,,,,
-3.12200e-005,7.21752e-006,,,,,,
-4.78370e-005,5.53903e-006,,,,,,
-4.17945e-005,8.56031e-006,,,,,,
-1.54421e-005,-2.29953e-005,,,,,,
1.34279e-006,-5.80758e-005,,,,,,
8.72816e-006,-6.32792e-005,,,,,,
4.53193e-006,-2.66880e-005,,,,,,
-6.88182e-006,1.19173e-005,,,,,,
-3.69268e-006,2.01419e-006,,,,,,
-1.67849e-007,-1.05745e-005,,,,,,
-4.53193e-006,4.06195e-005,,,,,,
6.54612e-006,6.88182e-006,,,,,,
2.70237e-005,-3.42412e-005,,,,,,
5.01869e-005,-2.87022e-005,,,,,,
4.91798e-005,-2.78630e-005,,,,,,
1.47707e-005,-1.64492e-005,,,,,,
-1.82956e-005,-1.15816e-005,,,,,,
-1.72885e-005,-3.67590e-005,,,,,,
-2.29953e-005,-2.56809e-005,,,,,,
-2.11490e-005,-4.21302e-005,,,,,,
-2.80308e-005,-6.66362e-005,,,,,,
-3.17235e-005,-9.91989e-005,,,,,,
-2.61845e-005,-8.81209e-005,,,,,,
-2.23239e-005,-5.15297e-005,,,,,,
-3.17235e-005,2.85344e-005,,,,,,
-4.04517e-005,-1.69528e-005,,,,,,
-5.23690e-005,2.03098e-005,,,,,,
-4.85084e-005,6.66362e-005,,,,,,
-2.88701e-005,4.58228e-005,,,,,,
2.18204e-006,5.82437e-005,,,,,,
1.15816e-005,7.26787e-005,,,,,,
7.21752e-006,7.46929e-005,,,,,,
-2.46738e-005,5.35439e-005,,,,,,
-4.51514e-005,5.00191e-005,,,,,,
-3.23949e-005,2.95415e-005,,,,,,
-9.56741e-006,-4.09552e-005,,,,,,
7.21752e-006,-6.78111e-005,,,,,,
1.77920e-005,-1.06416e-004,,,,,,
2.18204e-005,-1.39986e-004,,,,,,
3.05486e-005,-1.28908e-004,,,,,,
3.44091e-005,-9.75204e-005,,,,,,
2.01419e-005,-4.04517e-005,,,,,,
-1.51064e-006,4.41444e-005,,,,,,
-2.60166e-005,8.97993e-005,,,,,,
-4.22980e-005,2.16358e-004,,,,,,
-3.18914e-005,1.98398e-004,,,,,,
-5.53903e-006,3.20592e-005,,,,,,
1.15816e-005,-5.01869e-005,,,,,,
1.67849e-007,-5.05226e-005,,,,,,
-2.11490e-005,2.13169e-005,,,,,,
-3.13878e-005,8.03998e-005,,,,,,
-3.94446e-005,-1.17494e-006,,,,,,
-3.57519e-005,-6.39506e-005,,,,,,
-3.57519e-005,-2.51774e-005,,,,,,
-3.67590e-005,8.22461e-006,,,,,,
-3.30663e-005,8.64424e-005,,,,,,
-3.72625e-005,1.58785e-004,,,,,,
-4.48157e-005,1.35790e-004,,,,,,
-5.00191e-005,7.15038e-005,,,,,,
-6.26078e-005,4.48157e-005,,,,,,
-5.05226e-005,3.02129e-006,,,,,,
-1.10781e-005,-3.35698e-007,,,,,,
-4.53193e-006,-1.09102e-005,,,,,,
-6.04257e-006,-5.69009e-005,,,,,,
-8.56031e-006,-6.93217e-005,,,,,,
-6.21042e-006,-3.87732e-005,,,,,,
-7.04967e-006,-4.01160e-005,,,,,,
-1.05745e-005,-6.32792e-005,,,,,,
-1.39315e-005,-3.44091e-005,,,,,,
-1.87991e-005,1.91348e-005,,,,,,
-3.02129e-006,6.26078e-005,,,,,,
1.42672e-005,8.35889e-005,,,,,,
6.54612e-006,1.05745e-005,,,,,,
-4.36408e-006,-6.66362e-005,,,,,,
1.17494e-006,-1.74899e-004,,,,,,
8.39246e-007,-2.54627e-004,,,,,,
3.02129e-006,-1.66674e-004,,,,,,
2.55131e-005,-1.48379e-004,,,,,,
6.66362e-005,-1.23201e-004,,,,,,
5.40475e-005,-1.35958e-005,,,,,,
7.88891e-006,7.97284e-005,,,,,,
-5.87472e-006,4.48157e-005,,,,,,
-4.07874e-005,1.03059e-004,,,,,,
-8.47639e-005,2.06622e-004,,,,,,
-1.21691e-004,9.75204e-005,,,,,,
-1.11620e-004,5.43832e-005,,,,,,
-4.46479e-005,5.01869e-005,,,,,,
2.36667e-005,1.99741e-005,,,,,,
7.68750e-005,-9.90310e-006,,,,,,
9.38277e-005,-4.14588e-005,,,,,,
5.89151e-005,-3.87732e-005,,,,,,
1.66171e-005,-3.44091e-005,,,,,,
-4.53193e-006,-1.09102e-005,,,,,,
-5.32082e-005,-4.14588e-005,,,,,,
-1.20348e-004,-1.12963e-004,,,,,,
-1.20348e-004,-9.55062e-005,,,,,,
-9.11421e-005,-4.75013e-005,,,,,,
-5.01869e-005,-4.88441e-005,,,,,,
-1.84634e-006,-3.77661e-005,,,,,,
2.87022e-005,-1.64492e-005,,,,,,
3.00450e-005,-3.23949e-005,,,,,,
2.87022e-005,1.42672e-005,,,,,,
5.20333e-006,3.34020e-005,,,,,,
-1.52743e-005,9.61776e-005,,,,,,
-1.47707e-005,1.57946e-004,,,,,,
1.04067e-005,4.95155e-005,,,,,,
3.28984e-005,2.03098e-005,,,,,,
1.42672e-005,6.89860e-005,,,,,,
-6.37827e-006,6.47898e-005,,,,,,
-2.53452e-005,6.93217e-005,,,,,,
-3.37377e-005,6.09293e-005,,,,,,
-4.53193e-006,-3.60876e-005,,,,,,
-2.85344e-005,-3.64233e-005,,,,,,
-6.36149e-005,9.34920e-005,,,,,,
-5.32082e-005,-1.02388e-005,,,,,,
-2.38346e-005,-8.84566e-005,,,,,,
4.02838e-006,-5.35439e-005,,,,,,
-3.18914e-006,2.97093e-005,,,,,,
-3.45769e-005,2.51774e-006,,,,,,
-1.93027e-005,2.26596e-005,,,,,,
-1.19173e-005,9.90311e-005,,,,,,
1.56100e-005,5.28725e-005,,,,,,
2.46738e-005,-8.30854e-005,,,,,,
-2.63523e-005,-1.15648e-004,,,,,,
-4.09552e-005,-4.51514e-005,,,,,,
-3.30663e-005,-4.66621e-005,,,,,,
1.84634e-006,-8.56031e-006,,,,,,
4.44800e-005,-4.58228e-005,,,,,,
4.07874e-005,-1.45693e-004,,,,,,
5.99222e-005,-1.14137e-005,,,,,,
7.70428e-005,-5.06905e-005,,,,,,
4.54871e-005,-2.25925e-004,,,,,,
6.88182e-006,-3.62554e-004,,,,,,
-4.28016e-005,-1.15984e-004,,,,,,
-9.28206e-005,3.79843e-004,,,,,,
-8.57710e-005,3.29152e-004,,,,,,
-4.36408e-005,5.22011e-005,,,,,,
-2.70237e-005,-7.21752e-006,,,,,,
-3.79339e-005,5.87472e-006,,,,,,
-3.84375e-005,1.12459e-005,,,,,,
-1.52743e-005,1.39315e-005,,,,,,
1.93027e-005,-1.82956e-005,,,,,,
3.97803e-005,-2.03098e-005,,,,,,
1.17494e-006,3.23949e-005,,,,,,
-6.39506e-005,8.67781e-005,,,,,,
-6.32792e-005,5.35439e-005,,,,,,
-5.45510e-005,-8.56031e-006,,,,,,
-9.61776e-005,-1.10781e-005,,,,,,
-1.45525e-004,3.28984e-005,,,,,,
-1.26223e-004,-6.04257e-006,,,,,,
-6.19364e-005,-6.86503e-005,,,,,,
-3.67590e-005,-5.65652e-005,,,,,,
-3.82696e-005,-4.19623e-006,,,,,,
-2.66880e-005,5.53903e-006,,,,,,
-1.09102e-005,-4.76692e-005,,,,,,
-2.46738e-005,-4.31373e-005,,,,,,
3.25628e-005,-1.22530e-005,,,,,,
9.85275e-005,-1.67849e-006,,,,,,
7.97284e-005,-1.34279e-006,,,,,,
2.09812e-005,-1.96384e-005,,,,,,
-7.21752e-006,9.56741e-006,,,,,,
6.88182e-006,9.09743e-005,,,,,,
-2.34989e-006,1.43175e-004,,,,,,
-2.24918e-005,1.77920e-004,,,,,,
-1.09102e-005,1.31090e-004,,,,,,
-1.17494e-006,6.05936e-005,,,,,,
4.68299e-005,4.26337e-005,,,,,,
1.02892e-004,9.73526e-006,,,,,,
7.57000e-005,-1.22530e-005,,,,,,
5.99222e-005,-4.01160e-005,,,,,,
8.02319e-005,-1.01884e-004,,,,,,
3.74304e-005,-2.31800e-004,,,,,,
-5.92508e-005,-2.21225e-004,,,,,,
-1.53079e-004,-5.11940e-005,,,,,,
-1.80774e-004,3.03807e-005,,,,,,
-1.10948e-004,5.95865e-005,,,,,,
-5.47189e-005,7.75463e-005,,,,,,
-4.64942e-005,1.19341e-004,,,,,,
-3.37377e-005,1.13634e-004,,,,,,
-4.04517e-005,6.27756e-005,,,,,,
-6.14328e-005,1.24208e-005,,,,,,
-5.65652e-005,-4.04517e-005,,,,,,
-3.10521e-005,-5.30404e-005,,,,,,
-5.03548e-006,-4.38087e-005,,,,,,
1.49386e-005,-6.52934e-005,,,,,,
2.38346e-005,-6.54612e-005,,,,,,
2.43381e-005,-5.38796e-005,,,,,,
1.35958e-005,-1.82956e-005,,,,,,
-2.76951e-005,1.66171e-005,,,,,,
-2.09812e-005,5.18654e-005,,,,,,
2.48417e-005,6.78111e-005,,,,,,
-2.18204e-006,2.33310e-005,,,,,,
-4.33051e-005,-4.24659e-005,,,,,,
-5.62295e-005,-7.87213e-005,,,,,,
-3.10521e-005,-1.21187e-004,,,,,,
5.18654e-005,-1.72045e-004,,,,,,
9.31563e-005,-1.58953e-004,,,,,,
8.24140e-005,-9.63455e-005,,,,,,
2.60166e-005,5.20333e-006,,,,,,
-5.53903e-006,9.06386e-005,,,,,,
-1.46029e-005,1.67010e-004,,,,,,
-3.02129e-005,2.11994e-004,,,,,,
-5.92508e-005,1.72381e-004,,,,,,
-7.06645e-005,1.28740e-004,,,,,,
-6.49577e-005,6.83146e-005,,,,,,
-2.43381e-005,-5.90829e-005,,,,,,
-1.86313e-005,-1.23369e-004,,,,,,
-3.30663e-005,-1.51568e-004,,,,,,
-4.19623e-006,-1.45357e-004,,,,,,
1.84634e-006,-1.22026e-004,,,,,,
1.14137e-005,-1.28405e-004,,,,,,
1.89670e-005,-1.10109e-004,,,,,,
2.01419e-006,9.81918e-005,,,,,,
6.37827e-006,2.36667e-004,,,,,,
3.02129e-005,2.15351e-004,,,,,,
1.19173e-005,9.61776e-005,,,,,,
1.72885e-005,9.06386e-006,,,,,,
5.38796e-005,-6.16007e-005,,,,,,
4.01160e-005,-8.22461e-005,,,,,,
7.21752e-006,-3.30663e-005,,,,,,
-2.36667e-005,-1.72885e-005,,,,,,
-3.70947e-005,-4.01160e-005,,,,,,
-3.45769e-005,-9.78561e-005,,,,,,
-1.62814e-005,-1.21355e-004,,,,,,
-2.21561e-005,-6.83146e-005,,,,,,
-2.51774e-006,-9.63455e-005,,,,,,
5.03548e-006,-1.27565e-004,,,,,,
-6.71397e-007,-9.13100e-005,,,,,,
1.72885e-005,-5.84115e-005,,,,,,
4.19623e-006,-1.38811e-004,,,,,,
-6.07614e-005,3.74304e-005,,,,,,
-1.05913e-004,2.45899e-004,,,,,,
-1.23369e-004,2.82994e-004,,,,,,
-1.27230e-004,2.18708e-004,,,,,,
-1.12795e-004,1.05913e-004,,,,,,
-8.89601e-005,2.76951e-005,,,,,,
-1.71206e-005,-9.91989e-005,,,,,,
1.24208e-005,-1.43511e-004,,,,,,
1.30922e-005,-1.31426e-004,,,,,,
3.86053e-006,-8.24140e-005,,,,,,
-2.53452e-005,-5.67330e-005,,,,,,
-9.01350e-005,-4.81727e-005,,,,,,
-1.10277e-004,-3.81018e-005,,,,,,
-3.37377e-005,2.51774e-006,,,,,,
3.12200e-005,-8.81209e-005,,,,,,
1.03563e-004,-2.10147e-004,,,,,,
2.02258e-004,-1.94873e-004,,,,,,
1.64828e-004,-1.53246e-004,,,,,,
4.64942e-005,-2.18204e-005,,,,,,
-2.29953e-005,6.42863e-005,,,,,,
-3.97803e-005,8.03998e-005,,,,,,
-3.65911e-005,1.39147e-004,,,,,,
-6.16007e-005,2.52949e-004,,,,,,
-9.14778e-005,1.31426e-004,,,,,,
-8.82887e-005,-1.09102e-005,,,,,,
-6.24399e-005,-9.71847e-005,,,,,,
-2.23239e-005,-1.86145e-004,,,,,,
2.26596e-005,-1.31762e-004,,,,,,
4.91798e-005,-4.51514e-005,,,,,,
5.33761e-005,-8.50996e-005,,,,,,
6.88182e-006,-3.49126e-005,,,,,,
-1.82956e-005,1.08934e-004,,,,,,
-2.38346e-005,1.25719e-004,,,,,,
-4.48157e-005,1.19005e-004,,,,,,
-5.79080e-005,1.30922e-004,,,,,,
-5.48867e-005,1.51568e-004,,,,,,
-4.54871e-005,8.02319e-005,,,,,,
-3.37377e-005,3.67590e-005,,,,,,
-2.71916e-005,-2.60166e-005,,,,,,
-9.90310e-006,-8.10712e-005,,,,,,
7.21752e-006,4.39765e-005,,,,,,
-3.35698e-006,1.18334e-004,,,,,,
-1.12459e-005,9.55062e-005,,,,,,
-1.79599e-005,7.16716e-005,,,,,,
-1.61135e-005,5.82437e-005,,,,,,
-8.56031e-006,1.66171e-005,,,,,,
-1.22530e-005,-2.13169e-005,,,,,,
-1.32601e-005,-3.47448e-005,,,,,,
-6.37827e-006,-3.05486e-005,,,,,,
5.03548e-006,-2.90379e-005,,,,,,
1.05745e-005,-2.85344e-005,,,,,,
-1.04067e-005,-1.72885e-005,,,,,,
-3.81018e-005,-3.74304e-005,,,,,,
-5.38796e-005,-9.29885e-005,,,,,,
-7.80499e-005,-7.77142e-005,,,,,,
-1.03731e-004,-8.27497e-005,,,,,,
-1.01045e-004,-1.48882e-004,,,,,,
-5.40475e-005,-1.86816e-004,,,,,,
8.56031e-006,-1.58953e-004,,,,,,
4.28016e-005,-4.44800e-005,,,,,,
3.00450e-005,3.97803e-005,,,,,,
3.52483e-006,3.67590e-005,,,,,,
-4.07874e-005,1.96384e-005,,,,,,
-7.43572e-005,1.47539e-004,,,,,,
-3.55840e-005,4.22477e-004,,,,,,
2.40024e-005,4.13077e-004,,,,,,
3.77661e-005,2.09308e-004,,,,,,
6.02579e-005,9.81918e-005,,,,,,
5.74044e-005,6.56291e-005,,,,,,
4.24659e-005,1.37636e-005,,,,,,
1.05745e-005,-1.31594e-004,,,,,,
-3.69268e-006,-2.19547e-004,,,,,,
2.51774e-006,-2.01083e-004,,,,,,
9.23171e-006,-1.91516e-004,,,,,,
1.14137e-005,-1.60632e-004,,,,,,
6.54612e-006,-1.70703e-004,,,,,,
-2.11490e-005,-1.67849e-004,,,,,,
-2.63523e-005,-4.73335e-005,,,,,,
-3.17235e-005,9.68490e-005,,,,,,
-5.33761e-005,1.88495e-004,,,,,,
-3.86053e-005,1.47707e-004,,,,,,
4.51514e-005,3.62554e-005,,,,,,
2.31464e-004,-8.77852e-005,,,,,,
4.38758e-004,5.03548e-005,,,,,,
4.11398e-004,8.07355e-005,,,,,,
1.99908e-004,-2.76951e-005,,,,,,
-1.10948e-004,-2.93736e-005,,,,,,
-3.66751e-004,-4.73335e-005,,,,,,
-3.99313e-004,2.09812e-005,,,,,,
-4.18784e-004,1.32769e-004,,,,,,
-3.77157e-004,1.07927e-004,,,,,,
-2.20050e-004,6.76432e-005,,,,,,
-9.06386e-005,-2.50095e-005,,,,,,
-2.38346e-005,-1.89502e-004,,,,,,
1.59457e-005,-2.84169e-004,,,,,,
5.42153e-005,-1.82788e-004,,,,,,
6.49577e-005,-1.18334e-004,,,,,,
5.25368e-005,1.10781e-005,,,,,,
7.20073e-005,9.55062e-005,,,,,,
1.13298e-004,1.54253e-004,,,,,,
2.62684e-004,2.04440e-004,,,,,,
4.18112e-004,1.27565e-005,,,,,,
3.66079e-004,-3.12200e-005,,,,,,
-4.14588e-005,1.04906e-004,,,,,,
-4.35233e-004,1.35286e-004,,,,,,
-5.57427e-004,2.03098e-005,,,,,,
-5.39467e-004,-1.55261e-004,,,,,,
-4.11063e-004,-1.65331e-004,,,,,,
-2.03937e-004,-1.72885e-004,,,,,,
-8.29175e-005,-1.13634e-004,,,,,,
-1.02556e-004,-1.84634e-006,,,,,,
-3.52483e-006,5.58938e-005,,,,,,
1.91180e-004,1.18502e-004,,,,,,
1.97726e-004,1.48379e-004,,,,,,
1.88495e-004,-7.88891e-005,,,,,,
1.48211e-004,-1.97559e-004,,,,,,
3.57519e-005,-8.87923e-005,,,,,,
-1.39315e-005,-3.34020e-005,,,,,,
6.29435e-005,-8.57710e-005,,,,,,
1.22362e-004,-1.47204e-004,,,,,,
2.94575e-004,4.12909e-005,,,,,,
3.49966e-004,2.40192e-004,,,,,,
2.58656e-004,2.22065e-004,,,,,,
1.48211e-004,2.59663e-004,,,,,,
-1.73556e-004,1.12291e-004,,,,,,
-4.94316e-004,-9.06386e-006,,,,,,
-4.88273e-004,-1.61975e-004,,,,,,
-2.38849e-004,-1.35119e-004,,,,,,
-7.01610e-005,7.15038e-005,,,,,,
-8.15747e-005,1.07927e-004,,,,,,
-8.29175e-005,-2.80308e-005,,,,,,
1.50896e-004,-2.30625e-004,,,,,,
4.09888e-004,-1.43343e-004,,,,,,
3.53826e-004,1.16487e-004,,,,,,
1.33944e-004,8.54353e-005,,,,,,
-1.28573e-004,8.54353e-005,,,,,,
-2.52613e-004,1.92523e-004,,,,,,
-4.30533e-004,3.21431e-004,,,,,,
-6.54108e-004,2.85176e-004,,,,,,
-5.80423e-004,8.34211e-005,,,,,,
-1.57946e-004,-7.72107e-005,,,,,,
1.70703e-004,-3.00282e-004,,,,,,
1.70367e-004,-3.82528e-004,,,,,,
1.42504e-004,-2.83665e-004,,,,,,
5.69009e-005,-1.27062e-004,,,,,,
-4.04517e-005,-2.88701e-005,,,,,,
-6.52934e-005,-4.96834e-005,,,,,,
-1.12963e-004,5.99222e-005,,,,,,
-7.20073e-005,1.73724e-004,,,,,,
1.40826e-004,2.70405e-004,,,,,,
5.11269e-004,1.65331e-004,,,,,,
7.37362e-004,7.55322e-005,,,,,,
5.86633e-004,1.37133e-004,,,,,,
3.60372e-004,7.06645e-005,,,,,,
1.12123e-004,3.57519e-005,,,,,,
-2.31632e-004,2.13169e-005,,,,,,
-5.63302e-004,-6.22721e-005,,,,,,
-6.65858e-004,-1.30083e-004,,,,,,
-6.04425e-004,-9.04707e-005,,,,,,
-4.01328e-004,-3.59197e-005,,,,,,
4.98512e-005,-2.03098e-005,,,,,,
3.97635e-004,-1.49889e-004,,,,,,
4.16266e-004,-1.32433e-004,,,,,,
3.42748e-004,-2.98772e-005,,,,,,
2.74769e-004,-2.83665e-005,,,,,,
1.78088e-004,-4.07874e-005,,,,,,
6.81468e-005,-7.57000e-005,,,,,,
-1.64324e-004,-2.17029e-004,,,,,,
-3.45937e-004,-2.18540e-004,,,,,,
-3.95453e-004,-2.23239e-005,,,,,,
-1.29412e-004,-6.96574e-005,,,,,,
2.23911e-004,-1.33608e-004,,,,,,
3.13375e-004,-3.00450e-005,,,,,,
1.66003e-004,1.34112e-004,,,,,,
5.79080e-005,1.77417e-004,,,,,,
-1.05745e-005,1.22530e-005,,,,,,
-1.41329e-004,-4.31373e-005,,,,,,
-3.63394e-004,5.42153e-005,,,,,,
-3.88571e-004,8.09033e-005,,,,,,
-2.46571e-004,-5.87472e-005,,,,,,
-8.14069e-005,-1.70199e-004,,,,,,
-1.59457e-005,-1.33776e-004,,,,,,
5.53903e-006,1.57610e-004,,,,,,
6.24399e-005,3.09346e-004,,,,,,
2.00916e-004,4.13413e-004,,,,,,
2.30121e-004,3.84878e-004,,,,,,
1.68688e-004,2.08469e-004,,,,,,
3.42916e-004,-2.70237e-005,,,,,,
5.11101e-004,-3.20424e-004,,,,,,
3.59701e-004,-2.89204e-004,,,,,,
1.11116e-004,-9.28206e-005,,,,,,
1.10781e-005,-1.81781e-004,,,,,,
3.60876e-005,-3.21096e-004,,,,,,
-5.53903e-005,-3.31167e-004,,,,,,
-3.43923e-004,-8.86244e-005,,,,,,
-4.62089e-004,2.47242e-004,,,,,,
-4.23148e-004,3.45602e-004,,,,,,
-4.90959e-004,2.56977e-004,,,,,,
-5.88312e-004,1.63149e-004,,,,,,
-4.39094e-004,2.22736e-004,,,,,,
-2.44389e-004,1.83459e-004,,,,,,
-6.12650e-005,5.95865e-005,,,,,,
1.17327e-004,-5.38796e-005,,,,,,
2.02258e-004,-1.79599e-004,,,,,,
1.96551e-004,-2.30457e-004,,,,,,
1.41161e-004,-2.69398e-004,,,,,,
9.29885e-005,-2.90547e-004,,,,,,
-1.02388e-005,-2.38178e-004,,,,,,
-8.40925e-005,-2.71916e-005,,,,,,
2.40024e-005,1.89670e-005,,,,,,
1.78759e-004,-6.56291e-005,,,,,,
2.70069e-004,-2.63523e-005,,,,,,
2.58656e-004,1.86313e-005,,,,,,
1.38811e-004,-8.40925e-005,,,,,,
7.04967e-005,-8.34211e-005,,,,,,
-5.92508e-005,1.32769e-004,,,,,,
-2.53956e-004,2.17029e-004,,,,,,
-3.45434e-004,9.13100e-005,,,,,,
-2.80308e-004,8.30854e-005,,,,,,
-1.59625e-004,2.75105e-004,,,,,,
-1.35958e-005,3.04646e-004,,,,,,
7.33501e-005,1.61303e-004,,,,,,
3.60204e-004,-4.63264e-005,,,,,,
4.84916e-004,-5.99222e-005,,,,,,
2.94240e-004,1.22530e-005,,,,,,
1.90173e-004,5.75723e-005,,,,,,
1.17494e-006,9.21492e-005,,,,,,
-2.53956e-004,-6.37827e-006,,,,,,
-2.79469e-004,-1.80102e-004,,,,,,
-8.02319e-005,-1.44015e-004,,,,,,
6.59647e-005,-1.12123e-004,,,,,,
1.24544e-004,-6.09293e-005,,,,,,
1.34279e-004,-2.63523e-005,,,,,,
6.93217e-005,-3.40734e-005,,,,,,
-1.34447e-004,-6.88182e-006,,,,,,
-2.38849e-004,-4.14588e-005,,,,,,
-3.01625e-004,-8.61067e-005,,,,,,
-4.44465e-004,-6.32792e-005,,,,,,
-5.37118e-004,-2.23239e-005,,,,,,
-4.92134e-004,3.49126e-005,,,,,,
-3.16564e-004,-5.18654e-005,,,,,,
1.84634e-006,-1.65499e-004,,,,,,
2.05447e-004,-1.29915e-004,,,,,,
1.82452e-004,-7.03288e-005,,,,,,
1.56771e-004,-6.59647e-005,,,,,,
1.91180e-004,-8.00641e-005,,,,,,
1.56939e-004,3.59197e-005,,,,,,
1.04570e-004,1.86481e-004,,,,,,
1.36461e-004,2.14511e-004,,,,,,
2.98604e-004,1.62142e-004,,,,,,
2.53452e-004,6.47898e-005,,,,,,
4.85084e-005,-1.25887e-005,,,,,,
-2.16358e-004,-2.43381e-005,,,,,,
-3.06325e-004,-5.92508e-005,,,,,,
-1.48882e-004,3.69268e-006,,,,,,
1.12627e-004,-2.51774e-005,,,,,,
2.77958e-004,-9.75204e-005,,,,,,
2.72755e-004,2.24918e-005,,,,,,
3.22438e-004,6.32792e-005,,,,,,
3.47280e-004,-1.91012e-004,,,,,,
2.18708e-004,-2.13001e-004,,,,,,
1.14305e-004,2.56809e-005,,,,,,
-3.65911e-005,1.84970e-004,,,,,,
-3.73465e-004,1.79431e-004,,,,,,
-4.58732e-004,1.30419e-004,,,,,,
-4.62593e-004,1.22530e-004,,,,,,
-3.96963e-004,1.59457e-004,,,,,,
-2.10987e-004,5.75723e-005,,,,,,
-3.50805e-005,-2.92058e-005,,,,,,
1.93698e-004,-7.26787e-005,,,,,,
2.58824e-004,-1.68856e-004,,,,,,
2.40192e-004,-1.96887e-004,,,,,,
1.18502e-004,-1.27901e-004,,,,,,
-3.07164e-005,6.71397e-007,,,,,,
-1.66171e-005,1.49386e-005,,,,,,
-1.71542e-004,-2.90379e-005,,,,,,
-2.21729e-004,-1.02892e-004,,,,,,
-8.20783e-005,6.41184e-005,,,,,,
-8.71138e-005,3.29152e-004,,,,,,
-7.67071e-005,1.03899e-004,,,,,,
-1.96384e-005,-1.31090e-004,,,,,,
3.87732e-005,-1.55261e-004,,,,,,
3.77661e-005,-1.42000e-004,,,,,,
5.75723e-005,-3.70947e-005,,,,,,
3.94446e-005,7.08324e-005,,,,,,
-9.29885e-005,4.04517e-005,,,,,,
-9.24849e-005,3.23949e-005,,,,,,
-5.20333e-006,4.54871e-005,,,,,,
7.95605e-005,7.30144e-005,,,,,,
1.52911e-004,2.66880e-005,,,,,,
4.43122e-005,-3.57519e-005,,,,,,
-4.46479e-005,-6.37827e-005,,,,,,
-9.04707e-005,-4.53193e-005,,,,,,
-1.21691e-004,-1.32601e-005,,,,,,
-1.41833e-004,1.39315e-005,,,,,,
-1.21355e-004,3.47448e-005,,,,,,
-1.46029e-005,1.30922e-005,,,,,,
4.75013e-005,-2.50095e-005,,,,,,
1.12459e-005,-1.10781e-005,,,,,,
5.15297e-005,-1.35958e-005,,,,,,
9.71847e-005,-7.63714e-005,,,,,,
6.36149e-005,-1.02556e-004,,,,,,
4.34730e-005,-1.00877e-004,,,,,,
-3.52483e-006,-7.30144e-005,,,,,,
-1.02892e-004,-5.05226e-005,,,,,,
-5.27047e-005,4.21302e-005,,,,,,
-2.53452e-005,2.00076e-004,,,,,,
-8.37568e-005,3.40230e-004,,,,,,
-2.36667e-005,3.35866e-004,,,,,,
1.54925e-004,5.53903e-005,,,,,,
2.52277e-004,-8.89601e-005,,,,,,
2.23575e-004,-1.80102e-004,,,,,,
-1.51064e-006,-2.52949e-004,,,,,,
-2.15686e-004,-2.02258e-004,,,,,,
-3.08339e-004,-3.34020e-005,,,,,,
-3.69604e-004,1.03227e-004,,,,,,
-2.70405e-004,1.00206e-004,,,,,,
-1.03227e-004,1.49386e-005,,,,,,
5.52224e-005,-4.64942e-005,,,,,,
2.01083e-004,-5.47189e-005,,,,,,
2.27268e-004,-3.52483e-005,,,,,,
-5.53903e-006,-6.81468e-005,,,,,,
-1.52575e-004,-1.02220e-004,,,,,,
-1.38476e-004,-1.00710e-005,,,,,,
-1.45190e-004,2.18204e-005,,,,,,
-1.39483e-004,2.06455e-005,,,,,,
-6.71397e-005,2.53452e-005,,,,,,
1.66171e-005,9.23171e-006,,,,,,
3.74304e-005,-3.27306e-005,,,,,,
3.77661e-005,-6.19364e-005,,,,,,
8.22461e-005,-3.37377e-005,,,,,,
1.17998e-004,-9.56741e-006,,,,,,
9.24849e-005,2.29953e-005,,,,,,
7.03288e-005,4.64942e-005,,,,,,
4.49836e-005,2.36667e-005,,,,,,
-7.06645e-005,2.36667e-005,,,,,,
-9.08064e-005,-1.12459e-005,,,,,,
-6.63004e-005,1.32601e-005,,,,,,
-6.93217e-005,3.92767e-005,,,,,,
-2.93736e-005,2.60166e-005,,,,,,
1.00710e-006,3.67590e-005,,,,,,
2.50095e-005,5.28725e-005,,,,,,
3.97803e-005,4.71656e-005,,,,,,
5.58938e-005,-1.22530e-005,,,,,,
2.53452e-005,-4.14588e-005,,,,,,
-7.21752e-006,-2.40024e-005,,,,,,
-1.05745e-005,-2.29953e-005,,,,,,
-2.55131e-005,-4.19623e-006,,,,,,
-1.09102e-005,1.52743e-005,,,,,,
8.10712e-005,1.86313e-005,,,,,,
2.66712e-004,8.89601e-006,,,,,,
2.92058e-004,1.72885e-005,,,,,,
1.43847e-004,1.86313e-005,,,,,,
1.19173e-005,3.69268e-006,,,,,,
-1.84298e-004,-8.39246e-007,,,,,,
-3.99649e-004,-3.00450e-005,,,,,,
-3.02632e-004,-4.81727e-005,,,,,,
-1.27230e-004,-1.42672e-005,,,,,,
-5.85794e-005,4.46479e-005,,,,,,
-3.81018e-005,5.28725e-005,,,,,,
-3.84375e-005,1.86313e-005,,,,,,
8.39246e-007,-4.39765e-005,,,,,,
6.05936e-005,-9.01350e-005,,,,,,
6.12650e-005,-1.15312e-004,,,,,,
3.37377e-005,-8.17426e-005,,,,,,
1.29244e-005,3.67590e-005,,,,,,
2.33310e-005,8.42603e-005,,,,,,
2.03098e-005,6.36149e-005,,,,,,
-9.56741e-006,2.66880e-005,,,,,,
-2.98772e-005,8.56031e-006,,,,,,
-3.69268e-006,3.34020e-005,,,,,,
7.03288e-005,4.59907e-005,,,,,,
1.33944e-004,-1.67849e-006,,,,,,
4.07874e-005,-1.27565e-005,,,,,,
-9.04707e-005,1.00710e-006,,,,,,
-1.14305e-004,1.79599e-005,,,,,,
-1.49554e-004,1.25887e-005,,,,,,
-9.88632e-005,-6.88182e-006,,,,,,
-5.79080e-005,-8.56031e-006,,,,,,
-6.36149e-005,-1.22530e-005,,,,,,
-5.38796e-005,-1.64492e-005,,,,,,
-3.57519e-005,-6.04257e-006,,,,,,
-2.63523e-005,-2.51774e-006,,,,,,
-2.38346e-005,-6.04257e-006,,,,,,
-3.57519e-005,-9.73526e-006,,,,,,
-4.48157e-005,2.18204e-006,,,,,,
-4.07874e-005,4.41444e-005,,,,,,
-1.66171e-005,5.03548e-006,,,,,,
1.71206e-005,-5.38796e-005,,,,,,
2.70237e-005,-5.55581e-005,,,,,,
1.49386e-005,-2.46738e-005,,,,,,
4.36408e-006,-2.34989e-005,,,,,,
7.88891e-006,-4.68299e-005,,,,,,
2.23239e-005,-6.89860e-005,,,,,,
2.06455e-005,-5.22011e-005,,,,,,
-5.03548e-006,4.19623e-006,,,,,,
-2.29953e-005,8.17426e-005,,,,,,
-2.26596e-005,8.84566e-005,,,,,,
-2.09812e-005,1.15816e-005,,,,,,
-2.08133e-005,-3.50805e-005,,,,,,
-1.42672e-005,-5.18654e-005,,,,,,
-1.22530e-005,-5.75723e-005,,,,,,
-2.19883e-005,-3.23949e-005,,,,,,
-4.59907e-005,3.27306e-005,,,,,,
-5.79080e-005,-3.18914e-006,,,,,,
-6.42863e-005,-6.02579e-005,,,,,,
-7.46929e-005,-4.98512e-005,,,,,,
-6.73075e-005,5.53903e-005,,,,,,
-4.41444e-005,1.78759e-004,,,,,,
-1.93027e-005,1.63989e-004,,,,,,
1.05745e-005,7.25109e-005,,,,,,
3.03807e-005,8.39246e-007,,,,,,
2.34989e-005,-5.13619e-005,,,,,,
6.71397e-007,-7.85534e-005,,,,,,
-1.35958e-005,-1.20348e-004,,,,,,
8.39246e-006,-1.19677e-004,,,,,,
2.26596e-005,1.64492e-005,,,,,,
2.19883e-005,1.55428e-004,,,,,,
2.87022e-005,8.12390e-005,,,,,,
4.39765e-005,-4.04517e-005,,,,,,
6.00900e-005,-1.36461e-004,,,,,,
6.16007e-005,-1.49554e-004,,,,,,
4.95155e-005,-1.57275e-004,,,,,,
3.08843e-005,-2.40024e-005,,,,,,
1.49386e-005,2.33982e-004,,,,,,
1.51064e-006,2.74937e-004,,,,,,
-1.09102e-005,1.83795e-004,,,,,,
-1.79599e-005,7.06645e-005,,,,,,
-5.03548e-005,-4.19623e-006,,,,,,
-8.34211e-005,-4.12909e-005,,,,,,
-4.34730e-005,-9.01350e-005,,,,,,
5.20333e-006,-1.35286e-004,,,,,,
1.35958e-005,-1.54589e-004,,,,,,
-2.18204e-006,-8.44282e-005,,,,,,
-2.33310e-005,2.63523e-005,,,,,,
-2.97093e-005,9.28206e-005,,,,,,
-6.14328e-005,1.44686e-004,,,,,,
-1.18502e-004,1.24376e-004,,,,,,
-1.45190e-004,6.42863e-005,,,,,,
-1.07591e-004,3.69268e-005,,,,,,
-5.58938e-005,2.03098e-005,,,,,,
-2.29953e-005,1.15816e-005,,,,,,
-3.18914e-006,4.48157e-005,,,,,,
-1.00710e-006,4.53193e-006,,,,,,
-1.04067e-005,-1.26558e-004,,,,,,
-2.43381e-005,-1.46868e-004,,,,,,
-2.85344e-006,-9.86954e-005,,,,,,
-2.85344e-006,2.29953e-005,,,,,,
-4.86763e-006,7.33501e-005,,,,,,
1.02388e-005,1.30922e-005,,,,,,
1.05745e-005,-7.18395e-005,,,,,,
1.62814e-005,-1.32601e-004,,,,,,
3.18914e-005,-7.75463e-005,,,,,,
4.36408e-005,3.81018e-005,,,,,,
2.93736e-005,3.00450e-005,,,,,,
1.19173e-005,-2.38346e-005,,,,,,
1.72885e-005,-2.51774e-005,,,,,,
3.52483e-005,-3.70947e-005,,,,,,
4.39765e-005,-7.33501e-005,,,,,,
3.20592e-005,-1.24376e-004,,,,,,
3.35698e-006,-1.39483e-004,,,,,,
-4.22980e-005,-6.39506e-005,,,,,,
-6.05936e-005,-2.16526e-005,,,,,,
-5.05226e-005,2.53452e-005,,,,,,
-4.78370e-005,1.03899e-004,,,,,,
-3.75982e-005,5.22011e-005,,,,,,
-4.75013e-005,-7.45251e-005,,,,,,
-2.58488e-005,-1.30755e-004,,,,,,
5.58938e-005,-1.33440e-004,,,,,,
8.87923e-005,-5.75723e-005,,,,,,
6.86503e-005,2.34989e-005,,,,,,
1.59457e-005,5.01869e-005,,,,,,
-3.34020e-005,-9.43313e-005,,,,,,
-5.32082e-005,-1.46868e-004,,,,,,
-9.24849e-005,-7.20073e-005,,,,,,
-1.55932e-004,5.87472e-005,,,,,,
-1.74060e-004,8.03998e-005,,,,,,
-1.66171e-004,1.14977e-004,,,,,,
-1.50561e-004,5.18654e-005,,,,,,
-1.29076e-004,9.73526e-006,,,,,,
-1.08263e-004,1.15145e-004,,,,,,
-6.22721e-005,1.95880e-004,,,,,,
-1.84634e-005,6.56291e-005,,,,,,
1.72885e-005,-2.46738e-005,,,,,,
4.17945e-005,-7.38537e-006,,,,,,
4.33051e-005,-5.62295e-005,,,,,,
2.75273e-005,4.81727e-005,,,,,,
9.39956e-006,1.26894e-004,,,,,,
4.44800e-005,4.93477e-005,,,,,,
1.13634e-004,5.37118e-006,,,,,,
1.56435e-004,-3.30663e-005,,,,,,
1.46868e-004,-6.66362e-005,,,,,,
1.24041e-004,-5.89151e-005,,,,,,
9.85275e-005,-5.69009e-005,,,,,,
8.64424e-005,-7.20073e-005,,,,,,
4.04517e-005,-5.06905e-005,,,,,,
-3.40734e-005,-9.76883e-005,,,,,,
-9.81918e-005,-1.94873e-004,,,,,,
-1.06920e-004,-1.43511e-004,,,,,,
-6.79789e-005,-3.86053e-005,,,,,,
-2.80308e-005,1.13970e-004,,,,,,
-4.36408e-006,2.69062e-004,,,,,,
-1.52743e-005,1.99237e-004,,,,,,
-4.26337e-005,2.40024e-005,,,,,,
-9.63455e-005,4.21302e-005,,,,,,
-1.06584e-004,2.32135e-004,,,,,,
-8.29175e-005,1.46029e-004,,,,,,
-5.57259e-005,2.16526e-005,,,,,,
-5.60616e-005,-9.56741e-006,,,,,,
-4.33051e-005,-1.25887e-005,,,,,,
-1.46029e-005,5.03548e-007,,,,,,
5.20333e-006,-3.64233e-005,,,,,,
2.70237e-005,-6.56291e-005,,,,,,
4.48157e-005,-5.08583e-005,,,,,,
3.96124e-005,-3.20592e-005,,,,,,
9.90310e-006,-5.75723e-005,,,,,,
6.71397e-007,-7.30144e-005,,,,,,
2.93736e-005,-8.03998e-005,,,,,,
4.14588e-005,-7.46929e-005,,,,,,
-1.59457e-005,-2.66880e-005,,,,,,
-7.36858e-005,-3.77661e-005,,,,,,
-1.84634e-005,-5.69009e-005,,,,,,
5.27047e-005,-2.11490e-005,,,,,,
5.00191e-005,7.45251e-005,,,,,,
3.18914e-006,1.31929e-004,,,,,,
-9.78561e-005,2.12665e-004,,,,,,
-1.43175e-004,1.88998e-004,,,,,,
-6.36149e-005,4.14588e-005,,,,,,
6.37827e-006,-4.71656e-005,,,,,,
2.87022e-005,-8.71138e-005,,,,,,
1.49386e-005,-1.04906e-004,,,,,,
-3.37377e-005,-4.31373e-005,,,,,,
-8.97993e-005,5.45510e-005,,,,,,
-1.13970e-004,1.09438e-004,,,,,,
-1.04906e-004,2.19883e-004,,,,,,
-9.48348e-005,2.33310e-004,,,,,,
-6.32792e-005,1.10613e-004,,,,,,
1.24208e-005,-9.98703e-005,,,,,,
8.44282e-005,-2.51606e-004,,,,,,
9.75204e-005,-1.97223e-004,,,,,,
9.44991e-005,-8.71138e-005,,,,,,
8.87923e-005,-3.57519e-005,,,,,,
2.93736e-005,-5.62295e-005,,,,,,
-2.03098e-005,1.15816e-005,,,,,,
-4.28016e-005,1.08598e-004,,,,,,
-2.23239e-005,5.11940e-005,,,,,,
-2.70237e-005,-4.01160e-005,,,,,,
-4.71656e-005,-4.28016e-005,,,,,,
4.86763e-006,-2.63523e-005,,,,,,
5.35439e-005,-2.66880e-005,,,,,,
5.82437e-005,-2.03098e-005,,,,,,
5.79080e-005,-1.25887e-005,,,,,,
4.64942e-005,3.37377e-005,,,,,,
2.01419e-006,6.76432e-005,,,,,,
-4.12909e-005,3.74304e-005,,,,,,
-4.95155e-005,-3.60876e-005,,,,,,
-1.37636e-005,-9.93667e-005,,,,,,
-4.53193e-006,-8.07355e-005,,,,,,
-9.48348e-005,-2.29953e-005,,,,,,
-1.35286e-004,-2.50095e-005,,,,,,
-1.17327e-004,-4.46479e-005,,,,,,
-1.03899e-004,-2.76951e-005,,,,,,
-7.03288e-005,6.88182e-006,,,,,,
-3.27306e-005,3.03807e-005,,,,,,
-1.94705e-005,-1.66171e-005,,,,,,
-1.09102e-005,-7.87213e-005,,,,,,
3.02129e-006,-6.86503e-005,,,,,,
2.18204e-005,-1.02388e-005,,,,,,
3.94446e-005,3.03807e-005,,,,,,
4.07874e-005,6.22721e-005,,,,,,
4.11231e-005,7.23430e-005,,,,,,
3.18914e-005,8.77852e-005,,,,,,
3.64233e-005,8.61067e-005,,,,,,
3.30663e-005,5.45510e-005,,,,,,
-1.19173e-005,2.43381e-005,,,,,,
-7.87213e-005,-4.17945e-005,,,,,,
-1.72885e-005,-1.98566e-004,,,,,,
6.66362e-005,-2.45228e-004,,,,,,
6.12650e-005,-1.89502e-004,,,,,,
3.20592e-005,-1.66171e-004,,,,,,
9.90310e-006,-1.17662e-004,,,,,,
-2.71916e-005,-4.58228e-005,,,,,,
-1.25048e-004,6.84825e-005,,,,,,
-1.74395e-004,2.10483e-004,,,,,,
-1.59457e-004,2.09644e-004,,,,,,
-1.14305e-004,9.66812e-005,,,,,,
-8.44282e-005,1.51064e-005,,,,,,
-2.51774e-005,-2.36667e-005,,,,,,
6.49577e-005,-2.80308e-005,,,,,,
7.77142e-005,-9.56741e-006,,,,,,
6.63004e-005,-2.40024e-005,,,,,,
5.62295e-005,5.03548e-007,,,,,,
4.86763e-006,5.52224e-005,,,,,,
-1.06752e-004,8.34211e-005,,,,,,
-1.04067e-004,3.34020e-005,,,,,,
-4.58228e-005,-3.92767e-005,,,,,,
-4.91798e-005,-7.20073e-005,,,,,,
-3.44091e-005,-8.12390e-005,,,,,,
1.62814e-005,-3.77661e-005,,,,,,
4.46479e-005,-9.73526e-006,,,,,,
5.01869e-005,-2.06455e-005,,,,,,
4.44800e-005,-5.22011e-005,,,,,,
5.01869e-005,-2.13169e-005,,,,,,
4.85084e-005,8.02319e-005,,,,,,
4.58228e-005,1.19341e-004,,,,,,
1.12123e-004,5.25368e-005,,,,,,
1.31090e-004,-1.51064e-006,,,,,,
1.00206e-004,-2.97093e-005,,,,,,
1.35958e-005,-3.57519e-005,,,,,,
-4.61585e-005,-4.24659e-005,,,,,,
-8.07355e-005,-8.94636e-005,,,,,,
-1.70031e-004,-8.87923e-005,,,,,,
-2.39857e-004,2.40024e-005,,,,,,
-1.86481e-004,9.86954e-005,,,,,,
-1.37133e-004,7.15038e-005,,,,,,
-1.22026e-004,1.42672e-005,,,,,,
-9.76883e-005,-3.00450e-005,,,,,,
-7.26787e-005,-4.91798e-005,,,,,,
-3.40734e-005,-1.04067e-005,,,,,,
-1.17494e-006,1.10781e-005,,,,,,
2.11490e-005,-1.82956e-005,,,,,,
2.33310e-005,1.46029e-005,,,,,,
3.10521e-005,-2.18204e-006,,,,,,
3.94446e-005,-2.63523e-005,,,,,,
4.48157e-005,-5.89151e-005,,,,,,
5.58938e-005,-8.07355e-005,,,,,,
4.64942e-005,-5.95865e-005,,,,,,
6.52934e-005,-5.60616e-005,,,,,,
8.89601e-005,-8.81209e-005,,,,,,
1.14305e-004,-7.26787e-005,,,,,,
1.08598e-004,-4.12909e-005,,,,,,
1.84634e-006,-8.56031e-006,,,,,,
-1.07424e-004,2.85344e-005,,,,,,
-8.74495e-005,1.72885e-005,,,,,,
-6.88182e-005,-3.52483e-006,,,,,,
-6.61326e-005,5.20333e-006,,,,,,
-3.45769e-005,4.53193e-006,,,,,,
-2.88701e-005,3.02129e-006,,,,,,
-5.42153e-005,3.94446e-005,,,,,,
-6.09293e-005,4.21302e-005,,,,,,
-3.70947e-005,-2.46738e-005,,,,,,
-2.26596e-005,-1.09102e-005,,,,,,
-7.38537e-006,1.57778e-005,,,,,,
-1.51064e-005,9.23171e-006,,,,,,
-4.91798e-005,-4.19623e-006,,,,,,
-5.20333e-005,-2.70237e-005,,,,,,
-3.60876e-005,-1.79599e-005,,,,,,
-1.27565e-005,-1.94705e-005,,,,,,
-3.35698e-007,-1.79599e-005,,,,,,
3.52483e-006,5.20333e-006,,,,,,
3.52483e-006,4.56550e-005,,,,,,
-2.51774e-006,1.22530e-004,,,,,,
-9.06386e-006,1.17327e-004,,,,,,
-2.50095e-005,5.28725e-005,,,,,,
-2.88701e-005,5.20333e-006,,,,,,
-3.18914e-005,7.04967e-006,,,,,,
-2.81987e-005,1.34279e-005,,,,,,
-7.88891e-006,3.18914e-005,,,,,,
1.02388e-005,3.47448e-005,,,,,,
1.49386e-005,1.67849e-005,,,,,,
5.53903e-006,1.62814e-005,,,,,,
-5.53903e-006,2.60166e-005,,,,,,
-8.22461e-006,1.69528e-005,,,,,,
-4.53193e-006,7.38537e-006,,,,,,
-1.46029e-005,1.42672e-005,,,,,,
-2.43381e-005,1.19173e-005,,,,,,
-3.13878e-005,5.03548e-006,,,,,,
-1.86313e-005,4.53193e-006,,,,,,
1.71206e-005,5.87472e-006,,,,,,
2.46738e-005,2.01419e-006,,,,,,
-7.21752e-006,1.52743e-005,,,,,,
-2.63523e-005,2.11490e-005,,,,,,
-4.21302e-005,1.64492e-005,,,,,,
-4.75013e-005,1.84634e-005,,,,,,
-4.68299e-005,1.02388e-005,,,,,,
-5.18654e-005,-8.39246e-007,,,,,,
-4.19623e-005,-5.03548e-007,,,,,,
-1.15816e-005,1.04067e-005,,,,,,
2.36667e-005,1.69528e-005,,,,,,
4.68299e-005,7.21752e-006,,,,,,
4.86763e-005,1.67849e-007,,,,,,
4.86763e-005,-2.18204e-006,,,,,,
3.05486e-005,-6.54612e-006,,,,,,
-2.40024e-005,-6.88182e-006,,,,,,
-8.47639e-005,1.67849e-006,,,,,,
-8.64424e-005,2.18204e-006,,,,,,
-4.44800e-005,-1.51064e-006,,,,,,
-1.29244e-005,-3.69268e-006,,,,,,
2.26596e-005,-7.21752e-006,,,,,,
4.41444e-005,-1.29244e-005,,,,,,
3.97803e-005,-1.67849e-005,,,,,,
2.85344e-005,-1.32601e-005,,,,,,
9.90310e-006,-1.35958e-005,,,,,,
-2.34989e-006,-1.61135e-005,,,,,,
1.66171e-005,-1.82956e-005,,,,,,
1.01884e-004,-2.06455e-005,,,,,,
1.77752e-004,-1.69528e-005,,,,,,
1.57946e-004,-5.03548e-007,,,,,,
1.31594e-004,-2.56809e-005,,,,,,
6.29435e-005,-2.76951e-005,,,,,,
-1.07088e-004,-1.25887e-005,,,,,,
-2.03601e-004,-1.04067e-005,,,,,,
-1.85641e-004,-1.27565e-005,,,,,,
-9.81918e-005,-1.84634e-005,,,,,,
-4.64942e-005,-2.46738e-005,,,,,,
-7.31823e-005,-2.41703e-005,,,,,,
-1.55596e-004,-2.40024e-005,,,,,,
-1.77417e-004,-2.63523e-005,,,,,,
-1.94537e-004,-2.23239e-005,,,,,,
-1.87152e-004,-2.03098e-005,,,,,,
-1.44183e-004,-1.76242e-005,,,,,,
-4.24659e-005,-1.51064e-005,,,,,,
6.54612e-005,-1.56100e-005,,,,,,
7.03288e-005,-2.13169e-005,,,,,,
9.65133e-005,-3.62554e-005,,,,,,
1.86313e-004,-4.01160e-005,,,,,,
1.54925e-004,-2.06455e-005,,,,,,
3.27306e-005,1.05745e-005,,,,,,
5.16976e-005,-1.69528e-005,,,,,,
1.74060e-004,-5.89151e-005,,,,,,
2.09812e-004,-6.26078e-005,,,,,,
1.39818e-004,-5.79080e-005,,,,,,
1.24041e-004,-4.53193e-005,,,,,,
7.36858e-005,-5.43832e-005,,,,,,
-1.33776e-004,-4.71656e-005,,,,,,
-3.74975e-004,-3.32342e-005,,,,,,
-4.74174e-004,-4.12909e-005,,,,,,
-3.80850e-004,1.39315e-005,,,,,,
-2.58824e-004,3.81018e-005,,,,,,
-2.26429e-004,3.34020e-005,,,,,,
-2.04105e-004,7.36858e-005,,,,,,
-1.12963e-004,6.94896e-005,,,,,,
-1.86313e-005,-9.31563e-005,,,,,,
2.00580e-004,-1.26726e-004,,,,,,
3.45266e-004,-8.72816e-006,,,,,,
2.68391e-004,1.67849e-006,,,,,,
1.55428e-004,2.36667e-005,,,,,,
8.77852e-005,9.81918e-005,,,,,,
8.44282e-005,5.69009e-005,,,,,,
-1.29244e-005,-1.19173e-005,,,,,,
-2.46571e-004,-4.44800e-005,,,,,,
-2.90883e-004,-9.63455e-005,,,,,,
-1.82788e-004,-1.04234e-004,,,,,,
2.66880e-005,-7.73785e-005,,,,,,
1.16655e-004,-9.06386e-005,,,,,,
2.61341e-004,-9.63455e-005,,,,,,
2.49928e-004,6.74754e-005,,,,,,
2.97093e-005,1.83124e-004,,,,,,
-2.35492e-004,1.27398e-004,,,,,,
-2.65705e-004,1.34447e-004,,,,,,
5.33761e-005,7.90570e-005,,,,,,
5.12444e-004,3.62554e-005,,,,,,
6.17517e-004,6.54612e-005,,,,,,
5.50881e-004,9.51705e-005,,,,,,
5.36950e-004,1.45861e-004,,,,,,
3.31502e-004,7.21752e-005,,,,,,
-1.26726e-004,7.30144e-005,,,,,,
-6.43030e-004,3.27306e-005,,,,,,
-8.98665e-004,-1.26390e-004,,,,,,
-8.43442e-004,-1.85138e-004,,,,,,
-6.22889e-004,-1.46029e-005,,,,,,
-4.36912e-004,1.24376e-004,,,,,,
-1.46868e-004,1.06584e-004,,,,,,
4.41444e-005,-8.89601e-006,,,,,,
7.46929e-005,-6.21042e-006,,,,,,
7.85534e-005,9.55062e-005,,,,,,
-2.73594e-005,8.17426e-005,,,,,,
-1.61303e-004,6.36149e-005,,,,,,
-2.05280e-004,6.36149e-005,,,,,,
-7.62036e-005,3.17235e-005,,,,,,
3.60876e-005,-3.37377e-005,,,,,,
1.66339e-004,8.89601e-006,,,,,,
2.67048e-004,-9.50027e-005,,,,,,
2.79469e-004,-3.84878e-004,,,,,,
1.87152e-004,-4.72663e-004,,,,,,
-3.91089e-005,-3.41573e-004,,,,,,
-1.65499e-004,-2.53956e-004,,,,,,
-1.26726e-004,-1.70199e-004,,,,,,
-1.00542e-004,8.56031e-005,,,,,,
8.29175e-005,4.22141e-004,,,,,,
2.43549e-004,7.23934e-004,,,,,,
4.18112e-004,5.80926e-004,,,,,,
5.05730e-004,9.11421e-005,,,,,,
3.54665e-004,-1.78759e-004,,,,,,
1.57443e-004,-1.23033e-004,,,,,,
1.35454e-004,-4.02838e-005,,,,,,
-1.06249e-004,-5.65652e-005,,,,,,
-3.05653e-004,-9.51705e-005,,,,,,
-3.22942e-004,2.38346e-005,,,,,,
-3.65408e-004,1.96551e-004,,,,,,
-3.85214e-004,1.43343e-004,,,,,,
-4.03006e-004,4.41444e-005,,,,,,
-3.80682e-004,-8.22461e-006,,,,,,
-3.72457e-004,-5.32082e-005,,,,,,
-3.57351e-004,-9.50027e-005,,,,,,
-1.28237e-004,-9.81918e-005,,,,,,
6.61326e-005,-8.39246e-005,,,,,,
1.55596e-004,-1.12963e-004,,,,,,
1.87991e-004,-1.41497e-004,,,,,,
1.51232e-004,-1.06920e-004,,,,,,
1.21019e-004,5.74044e-005,,,,,,
1.90005e-004,8.69459e-005,,,,,,
2.56138e-004,9.95346e-005,,,,,,
2.73762e-004,2.44221e-004,,,,,,
3.14382e-004,1.75906e-004,,,,,,
2.77455e-004,5.92508e-005,,,,,,
1.86145e-004,1.10781e-005,,,,,,
2.52781e-004,-5.72366e-005,,,,,,
3.87564e-004,-1.53750e-004,,,,,,
2.68391e-004,-2.17197e-004,,,,,,
1.98901e-004,-2.47242e-004,,,,,,
4.53193e-005,-2.46235e-004,,,,,,
-1.13298e-004,-2.26429e-004,,,,,,
-1.50225e-004,-3.71450e-004,,,,,,
-2.28611e-004,-4.62089e-004,,,,,,
-2.07294e-004,-3.54665e-004,,,,,,
-9.34920e-005,-1.51232e-004,,,,,,
-3.23949e-005,-5.03548e-007,,,,,,
-1.15984e-004,7.11681e-005,,,,,,
-1.93194e-004,1.65499e-004,,,,,,
-2.21729e-004,4.02502e-004,,,,,,
-3.72122e-004,8.98161e-004,,,,,,
-3.28145e-004,8.07187e-004,,,,,,
-1.84298e-004,3.19417e-004,,,,,,
-2.11658e-004,1.51232e-004,,,,,,
-9.81918e-005,1.21523e-004,,,,,,
-4.14588e-005,7.50286e-005,,,,,,
-1.17494e-005,-5.89151e-005,,,,,,
7.36858e-005,-1.64828e-004,,,,,,
1.27062e-004,-1.74731e-004,,,,,,
1.60967e-004,-1.62646e-004,,,,,,
2.19547e-004,-2.31128e-004,,,,,,
1.85809e-004,-2.47242e-004,,,,,,
-2.26596e-005,-2.53284e-004,,,,,,
-1.68017e-004,-2.29786e-004,,,,,,
-2.81651e-004,-1.90341e-004,,,,,,
-2.52110e-004,-1.77417e-004,,,,,,
-1.10613e-004,-2.24414e-004,,,,,,
1.96551e-004,-1.56603e-004,,,,,,
4.77867e-004,-2.34989e-006,,,,,,
4.49668e-004,2.31128e-004,,,,,,
3.59365e-004,3.08675e-004,,,,,,
2.76951e-004,2.78294e-004,,,,,,
-4.36408e-006,2.91890e-004,,,,,,
-4.54871e-004,5.75219e-004,,,,,,
-7.92584e-004,6.09125e-004,,,,,,
-6.97414e-004,2.36164e-004,,,,,,
-5.23186e-004,-6.51255e-005,,,,,,
-3.76150e-004,-2.11658e-004,,,,,,
-4.86763e-006,-3.67086e-004,,,,,,
3.83871e-004,-4.61418e-004,,,,,,
4.66789e-004,-3.53658e-004,,,,,,
3.48791e-004,-1.33944e-004,,,,,,
1.60967e-004,-1.33272e-004,,,,,,
-1.13130e-004,-1.88998e-004,,,,,,
-2.44053e-004,-2.24414e-004,,,,,,
-2.78294e-004,-2.53620e-004,,,,,,
-3.09010e-004,-1.76577e-004,,,,,,
-1.81949e-004,8.22461e-006,,,,,,
6.66362e-005,2.71077e-004,,,,,,
3.42077e-004,4.11231e-004,,,,,,
3.60372e-004,2.95918e-004,,,,,,
2.43549e-004,7.97284e-005,,,,,,
1.20012e-004,-4.69978e-005,,,,,,
-1.18669e-004,-3.60876e-005,,,,,,
-1.18502e-004,2.40024e-005,,,,,,
1.25048e-004,7.55322e-006,,,,,,
1.74228e-004,-4.86763e-005,,,,,,
1.36461e-004,8.39246e-007,,,,,,
9.98703e-005,-4.75013e-005,,,,,,
-1.79599e-005,-2.25925e-004,,,,,,
-2.41199e-004,-5.65652e-005,,,,,,
-3.62219e-004,1.82956e-005,,,,,,
-2.36500e-004,-6.02579e-005,,,,,,
-1.24208e-005,-8.40925e-005,,,,,,
1.78256e-004,-1.18669e-004,,,,,,
1.68688e-004,-7.67071e-005,,,,,,
1.35790e-004,1.03899e-004,,,,,,
9.83597e-005,2.76112e-004,,,,,,
1.21019e-004,1.85473e-004,,,,,,
1.87488e-004,1.00206e-004,,,,,,
2.10987e-004,4.34730e-005,,,,,,
9.97024e-005,-5.92508e-005,,,,,,
-1.15816e-005,-1.02892e-004,,,,,,
-8.87923e-005,-1.04738e-004,,,,,,
-3.15724e-004,-3.77661e-005,,,,,,
-4.64103e-004,-8.89601e-006,,,,,,
-3.74807e-004,-3.44091e-005,,,,,,
-3.05150e-004,3.52483e-006,,,,,,
-2.34653e-004,1.24041e-004,,,,,,
-1.23369e-004,1.15984e-004,,,,,,
4.73335e-005,5.15297e-005,,,,,,
2.59495e-004,-7.26787e-005,,,,,,
3.28817e-004,-1.00877e-004,,,,,,
2.46235e-004,-3.79339e-005,,,,,,
1.32769e-004,-6.21042e-006,,,,,,
4.22980e-005,1.29244e-005,,,,,,
2.19883e-005,-2.16526e-005,,,,,,
5.08583e-005,-1.20851e-004,,,,,,
3.87732e-005,-8.56031e-005,,,,,,
1.03731e-004,-5.87472e-006,,,,,,
3.02800e-004,-3.18914e-005,,,,,,
3.26467e-004,-9.66812e-005,,,,,,
7.63714e-005,-7.23430e-005,,,,,,
-1.08598e-004,-4.01160e-005,,,,,,
-1.43343e-004,-3.74304e-005,,,,,,
-3.08339e-004,3.13878e-005,,,,,,
-4.46647e-004,1.19173e-005,,,,,,
-3.51308e-004,-3.40734e-005,,,,,,
-2.04944e-004,-2.65202e-005,,,,,,
-3.50637e-004,-2.29953e-005,,,,,,
-5.36950e-004,-2.16526e-005,,,,,,
-3.40566e-004,4.53193e-006,,,,,,
-4.98512e-005,8.56031e-006,,,,,,
9.97024e-005,6.73075e-005,,,,,,
2.55299e-004,1.44183e-004,,,,,,
3.73632e-004,5.99222e-005,,,,,,
1.95880e-004,-9.56741e-006,,,,,,
6.29435e-005,-2.50095e-005,,,,,,
-7.23430e-005,-3.50805e-005,,,,,,
-1.67346e-004,1.84634e-005,,,,,,
-1.87152e-004,-4.07874e-005,,,,,,
-1.91684e-004,-3.20592e-005,,,,,,
-1.57946e-004,1.23033e-004,,,,,,
-1.04067e-005,1.30755e-004,,,,,,
6.26078e-005,3.77661e-005,,,,,,
1.20012e-004,6.21042e-006,,,,,,
1.74899e-004,4.68299e-005,,,,,,
1.94202e-004,3.86053e-005,,,,,,
3.15724e-004,-1.62814e-005,,,,,,
3.24453e-004,-5.95865e-005,,,,,,
1.10948e-004,-6.42863e-005,,,,,,
-1.03563e-004,-2.76951e-005,,,,,,
-5.28725e-005,-2.28275e-005,,,,,,
7.33501e-005,3.35698e-006,,,,,,
1.04067e-004,6.88182e-006,,,,,,
1.46029e-005,2.40024e-005,,,,,,
-4.33051e-005,3.05486e-005,,,,,,
-2.15183e-004,-6.88182e-006,,,,,,
-5.22011e-004,-2.06455e-005,,,,,,
-5.51385e-004,-2.73594e-005,,,,,,
-3.75143e-004,-5.33761e-005,,,,,,
-5.65652e-005,-3.00450e-005,,,,,,
3.14885e-004,1.49386e-005,,,,,,
4.31540e-004,5.95865e-005,,,,,,
3.60204e-004,1.04234e-004,,,,,,
2.83497e-004,1.06584e-004,,,,,,
1.86481e-004,1.61303e-004,,,,,,
1.09941e-004,1.39986e-004,,,,,,
7.55322e-005,-1.93027e-005,,,,,,
6.54612e-006,-1.23705e-004,,,,,,
-1.66339e-004,-1.08263e-004,,,,,,
-2.07126e-004,-1.34279e-004,,,,,,
-1.05241e-004,-1.70031e-004,,,,,,
3.34020e-005,-7.67071e-005,,,,,,
8.40925e-005,-1.19677e-004,,,,,,
1.04570e-004,-1.56939e-004,,,,,,
7.95605e-005,-4.91798e-005,,,,,,
-2.92058e-005,-6.07614e-005,,,,,,
-2.13001e-004,-2.29953e-005,,,,,,
-3.33684e-004,2.14008e-004,,,,,,
-3.04311e-004,2.25254e-004,,,,,,
-9.81918e-005,1.63653e-004,,,,,,
1.76913e-004,6.89860e-005,,,,,,
3.21599e-004,-1.17494e-006,,,,,,
1.78927e-004,-6.63004e-005,,,,,,
-4.01160e-005,-2.46738e-005,,,,,,
-1.29076e-004,1.54589e-004,,,,,,
-2.61677e-004,1.93866e-004,,,,,,
-4.96330e-004,1.31426e-004,,,,,,
-6.96407e-004,4.14588e-005,,,,,,
-5.65316e-004,-6.91539e-005,,,,,,
-2.74769e-004,-8.30854e-005,,,,,,
1.60800e-004,-8.30854e-005,,,,,,
6.35309e-004,-9.21492e-005,,,,,,
8.22965e-004,-1.86313e-005,,,,,,
5.99054e-004,-2.41703e-005,,,,,,
2.63523e-004,-7.90570e-005,,,,,,
1.13634e-004,-1.19173e-005,,,,,,
-5.03548e-006,-3.23949e-005,,,,,,
-2.29953e-005,-7.15038e-005,,,,,,
1.30083e-004,-3.86053e-005,,,,,,
2.62181e-004,-5.55581e-005,,,,,,
2.56306e-004,-2.24918e-005,,,,,,
-5.92508e-005,3.77661e-005,,,,,,
-4.51347e-004,-1.51064e-005,,,,,,
-5.49706e-004,-2.33143e-004,,,,,,
-4.12406e-004,-3.99146e-004,,,,,,
-2.49928e-004,7.88891e-006,,,,,,
-1.87488e-004,3.92264e-004,,,,,,
-8.84566e-005,2.12497e-004,,,,,,
-8.49317e-005,6.49577e-005,,,,,,
-7.43572e-005,2.93736e-005,,,,,,
5.89151e-005,-1.52743e-005,,,,,,
1.54086e-004,-2.18204e-005,,,,,,
8.57710e-005,1.59457e-005,,,,,,
-1.07759e-004,-6.71397e-007,,,,,,
-2.21897e-004,-6.37827e-006,,,,,,
-1.66003e-004,7.55322e-006,,,,,,
-5.74044e-005,-1.72885e-005,,,,,,
6.79789e-005,-2.24918e-005,,,,,,
1.54253e-004,-2.45060e-005,,,,,,
1.63485e-004,-1.71206e-005,,,,,,
2.42374e-004,-1.56100e-005,,,,,,
3.17906e-004,-2.80308e-005,,,,,,
1.90005e-004,-8.22461e-006,,,,,,
8.39246e-006,-7.88891e-006,,,,,,
-6.93217e-005,-2.36667e-005,,,,,,
-8.42603e-005,-2.43381e-005,,,,,,
-1.07927e-004,-1.98062e-005,,,,,,
-6.26078e-005,-5.53903e-006,,,,,,
-5.28725e-005,8.39246e-007,,,,,,
-6.46220e-005,-2.03098e-005,,,,,,
-9.73526e-006,-7.01610e-005,,,,,,
7.87213e-005,-8.27497e-005,,,,,,
1.66171e-005,-6.16007e-005,,,,,,
-5.99222e-005,-3.18914e-006,,,,,,
-4.17945e-005,8.64424e-005,,,,,,
-2.16526e-005,1.74060e-004,,,,,,
-5.25368e-005,1.48714e-004,,,,,,
-8.54353e-005,-2.43381e-005,,,,,,
-1.08598e-004,-1.06920e-004,,,,,,
-1.05745e-004,-8.82887e-005,,,,,,
-4.58228e-005,-8.72816e-006,,,,,,
9.23171e-006,8.25818e-005,,,,,,
3.91089e-005,8.20783e-005,,,,,,
2.38346e-005,3.20592e-005,,,,,,
3.18914e-006,2.85344e-005,,,,,,
-7.38537e-006,5.03548e-007,,,,,,
-2.19883e-005,-1.69528e-005,,,,,,
-5.06905e-005,-1.51064e-006,,,,,,
-8.34211e-005,-1.67849e-006,,,,,,
-8.37568e-005,-2.03098e-005,,,,,,
-3.97803e-005,1.37636e-005,,,,,,
1.72885e-005,2.76951e-005,,,,,,
4.51514e-005,-5.87472e-006,,,,,,
2.76951e-005,-2.09812e-005,,,,,,
-4.22980e-005,-8.39246e-006,,,,,,
-1.03563e-004,-8.89601e-006,,,,,,
-1.70703e-004,5.03548e-007,,,,,,
-1.23873e-004,1.52743e-005,,,,,,
9.23171e-006,1.76242e-005,,,,,,
1.70199e-004,1.32601e-005,,,,,,
1.63485e-004,-3.20592e-005,,,,,,
1.07256e-004,-6.66362e-005,,,,,,
2.53452e-005,-7.33501e-005,,,,,,
-9.61776e-005,-2.09812e-005,,,,,,
-1.49554e-004,1.57778e-005,,,,,,
-1.45190e-004,1.10781e-005,,,,,,
-1.41497e-004,1.76242e-005,,,,,,
-1.32601e-005,4.71656e-005,,,,,,
1.21019e-004,7.87213e-005,,,,,,
5.53903e-005,7.57000e-005,,,,,,
8.72816e-006,4.41444e-005,,,,,,
9.24849e-005,-9.23171e-006,,,,,,
1.90341e-004,-1.27565e-005,,,,,,
1.37301e-004,-5.53903e-006,,,,,,
2.63523e-005,-2.09812e-005,,,,,,
-8.89601e-006,-3.70947e-005,,,,,,
-3.39055e-005,-5.53903e-005,,,,,,
-3.50805e-005,-4.38087e-005,,,,,,
-2.83665e-005,-3.44091e-005,,,,,,
-2.06455e-005,-4.51514e-005,,,,,,
-2.46738e-005,-5.62295e-005,,,,,,
-7.21752e-005,-5.85794e-005,,,,,,
-1.20012e-004,-2.85344e-005,,,,,,
-1.14977e-004,-9.23171e-006,,,,,,
-5.94186e-005,2.55131e-005,,,,,,
-5.16976e-005,8.20783e-005,,,,,,
-9.71847e-005,9.28206e-005,,,,,,
-6.16007e-005,5.35439e-005,,,,,,
4.69978e-006,3.20592e-005,,,,,,
6.32792e-005,3.07164e-005,,,,,,
3.60876e-005,4.48157e-005,,,,,,
-3.20592e-005,6.19364e-005,,,,,,
-7.40215e-005,-1.99741e-005,,,,,,
-5.84115e-005,-1.02388e-004,,,,,,
-7.73785e-005,-9.90310e-006,,,,,,
-8.94636e-005,6.16007e-005,,,,,,
-6.27756e-005,1.89670e-005,,,,,,
2.18204e-006,-5.80758e-005,,,,,,
1.02892e-004,-8.12390e-005,,,,,,
9.75204e-005,-7.20073e-005,,,,,,
4.59907e-005,-3.64233e-005,,,,,,
1.98062e-005,1.01213e-004,,,,,,
2.33310e-005,8.64424e-005,,,,,,
5.03548e-007,1.29244e-005,,,,,,
-3.34020e-005,2.93736e-005,,,,,,
-4.26337e-005,1.51064e-005,,,,,,
-4.41444e-005,-5.65652e-005,,,,,,
-3.79339e-005,-8.30854e-005,,,,,,
1.19173e-005,-8.97993e-005,,,,,,
4.21302e-005,-9.75204e-005,,,,,,
2.31632e-005,-1.01213e-004,,,,,,
-4.19623e-006,-7.30144e-005,,,,,,
-3.35698e-006,-2.36667e-005,,,,,,
3.86053e-006,1.86313e-005,,,,,,
6.21042e-006,8.37568e-005,,,,,,
-1.84634e-006,6.91539e-005,,,,,,
-2.43381e-005,-2.09812e-005,,,,,,
-4.64942e-005,-8.24140e-005,,,,,,
-6.52934e-005,-7.72107e-005,,,,,,
-8.77852e-005,-7.04967e-005,,,,,,
-7.40215e-005,-7.80499e-005,,,,,,
-6.59647e-005,-4.78370e-005,,,,,,
-8.62745e-005,-5.80758e-005,,,,,,
-3.77661e-005,-8.89601e-005,,,,,,
-4.36408e-006,-7.21752e-006,,,,,,
4.16266e-005,7.45251e-005,,,,,,
1.10613e-004,1.70031e-004,,,,,,
6.52934e-005,2.08972e-004,,,,,,
5.45510e-005,1.73724e-004,,,,,,
5.32082e-005,1.60632e-004,,,,,,
3.86053e-006,1.13634e-004,,,,,,
-3.91089e-005,-4.63264e-005,,,,,,
-4.88441e-005,1.44350e-005,,,,,,
-6.73075e-005,5.27047e-005,,,,,,
-3.36873e-004,-1.46532e-004,,,,,,
-6.09461e-004,-1.64492e-005,,,,,,
-4.83238e-004,1.36629e-004,,,,,,
4.68299e-005,1.36126e-004,,,,,,
5.99222e-004,9.68490e-005,,,,,,
6.30945e-004,5.80758e-005,,,,,,
3.34188e-004,2.06455e-005,,,,,,
1.08598e-004,-2.76951e-005,,,,,,
2.43381e-005,-1.99405e-004,,,,,,
-1.49386e-005,-2.42206e-004,,,,,,
-3.91089e-005,-1.75235e-004,,,,,,
-5.99222e-005,-1.35622e-004,,,,,,
-3.57519e-005,-1.11955e-004,,,,,,
1.00710e-006,-6.59647e-005,,,,,,
-3.60876e-005,-3.00450e-005,,,,,,
-5.35439e-005,-8.37568e-005,,,,,,
-5.75723e-005,-9.70169e-005,,,,,,
-7.21752e-005,-6.93217e-005,,,,,,
-3.17235e-005,-3.47448e-005,,,,,,
2.33310e-005,3.44091e-005,,,,,,
4.61585e-005,8.66102e-005,,,,,,
2.46738e-005,8.81209e-005,,,,,,
-3.57519e-005,4.75013e-005,,,,,,
-6.84825e-005,2.46738e-005,,,,,,
-5.92508e-005,4.26337e-005,,,,,,
-5.62295e-005,1.22362e-004,,,,,,
-6.41184e-005,1.27398e-004,,,,,,
-4.80049e-005,3.18914e-006,,,,,,
-3.67590e-005,-3.77661e-005,,,,,,
-3.37377e-005,-3.37377e-005,,,,,,
-4.31373e-005,-7.03288e-005,,,,,,
-7.08324e-005,-2.04608e-004,,,,,,
-4.66621e-005,-3.33181e-004,,,,,,
-5.87472e-006,-2.91554e-004,,,,,,
3.18914e-006,-1.80774e-004,,,,,,
-5.11940e-005,-5.99222e-005,,,,,,
-6.57969e-005,8.02319e-005,,,,,,
-2.51774e-005,2.34150e-004,,,,,,
-9.56741e-006,3.25795e-004,,,,,,
-3.18914e-006,3.16060e-004,,,,,,
8.56031e-006,3.22774e-004,,,,,,
1.17494e-006,2.53956e-004,,,,,,
-9.90310e-006,9.51705e-005,,,,,,
-1.17494e-005,1.35958e-005,,,,,,
6.88182e-006,-4.36408e-006,,,,,,
-5.87472e-006,-2.29953e-005,,,,,,
-3.23949e-005,1.25887e-005,,,,,,
-4.14588e-005,5.62295e-005,,,,,,
-5.45510e-005,9.51705e-005,,,,,,
-7.80499e-005,1.55261e-004,,,,,,
-9.76883e-005,1.47372e-004,,,,,,
-8.25818e-005,1.15816e-005,,,,,,
-2.53452e-005,-1.17662e-004,,,,,,
1.93027e-005,-2.88029e-004,,,,,,
1.10781e-005,-2.48585e-004,,,,,,
-3.18914e-006,-1.15312e-004,,,,,,
-2.03098e-005,-1.15480e-004,,,,,,
-3.18914e-005,2.16526e-005,,,,,,
-4.53193e-006,1.40826e-004,,,,,,
1.82956e-005,1.05074e-004,,,,,,
3.64233e-005,5.05226e-005,,,,,,
4.98512e-005,-6.39506e-005,,,,,,
3.12200e-005,-1.41833e-004,,,,,,
1.57778e-005,-1.80774e-004,,,,,,
2.09812e-005,-2.15015e-004,,,,,,
2.09812e-005,-2.35157e-004,,,,,,
8.39246e-007,-5.11940e-005,,,,,,
2.80308e-005,1.35119e-004,,,,,,
2.66880e-005,2.37842e-004,,,,,,
-4.06195e-005,2.37339e-004,,,,,,
-5.11940e-005,1.01884e-004,,,,,,
-3.30663e-005,1.67849e-007,,,,,,
-2.09812e-005,-6.86503e-005,,,,,,
-1.66171e-005,-6.99931e-005,,,,,,
-2.03098e-005,4.19623e-006,,,,,,
-3.77661e-005,6.21042e-006,,,,,,
-5.48867e-005,-1.67849e-007,,,,,,
-1.86313e-005,-4.33051e-005,,,,,,
-2.83665e-005,-1.01884e-004,,,,,,
3.02129e-006,-1.22362e-004,,,,,,
5.42153e-005,-7.93927e-005,,,,,,
6.64683e-005,-5.15297e-005,,,,,,
6.89860e-005,-5.13619e-005,,,,,,
1.46029e-005,-3.70947e-005,,,,,,
-5.55581e-005,-7.93927e-005,,,,,,
-7.26787e-005,-7.06645e-005,,,,,,
-5.89151e-005,-4.21302e-005,,,,,,
-7.70428e-005,-1.99741e-005,,,,,,
-7.06645e-005,3.47448e-005,,,,,,
-6.81468e-005,6.39506e-005,,,,,,
-3.67590e-005,7.43572e-005,,,,,,
-2.51774e-006,8.10712e-005,,,,,,
4.53193e-006,2.66880e-005,,,,,,
3.17235e-005,-2.60166e-005,,,,,,
7.50286e-005,-4.66621e-005,,,,,,
3.81018e-005,-8.39246e-007,,,,,,
-2.50095e-005,1.10613e-004,,,,,,
-1.74563e-005,1.87488e-004,,,,,,
2.41703e-005,1.86984e-004,,,,,,
9.56741e-006,1.36797e-004,,,,,,
1.84634e-005,1.72885e-005,,,,,,
6.57969e-005,-1.00877e-004,,,,,,
5.58938e-005,-1.42504e-004,,,,,,
2.87022e-005,-6.59647e-005,,,,,,
-1.89670e-005,7.55322e-005,,,,,,
-4.88441e-005,2.90379e-005,,,,,,
-4.53193e-005,8.39246e-007,,,,,,
-1.62814e-005,9.21492e-005,,,,,,
2.53452e-005,1.77417e-004,,,,,,
-2.13169e-005,1.63317e-004,,,,,,
-1.07927e-004,7.50286e-005,,,,,,
-1.10948e-004,1.82956e-005,,,,,,
-9.65133e-005,2.19883e-005,,,,,,
-1.07256e-004,-1.04067e-005,,,,,,
-1.04906e-004,-7.43572e-005,,,,,,
-8.77852e-005,-8.30854e-005,,,,,,
-9.51705e-005,-2.03098e-005,,,,,,
-8.42603e-005,5.43832e-005,,,,,,
-7.46929e-005,3.25628e-005,,,,,,
-2.83665e-005,-1.01045e-004,,,,,,
6.56291e-005,-1.38476e-004,,,,,,
1.35119e-004,-9.61776e-005,,,,,,
1.12627e-004,-6.44541e-005,,,,,,
4.51514e-005,-6.76432e-005,,,,,,
5.22011e-005,-7.16716e-005,,,,,,
5.27047e-005,-5.45510e-005,,,,,,
5.20333e-006,-7.26787e-005,,,,,,
2.34989e-005,-5.05226e-005,,,,,,
6.76432e-005,-2.46738e-005,,,,,,
1.00710e-005,-2.03098e-005,,,,,,
-6.99931e-005,1.84634e-006,,,,,,
-9.21492e-005,-2.33310e-005,,,,,,
-7.31823e-005,-3.35698e-005,,,,,,
-2.75273e-005,-2.93736e-005,,,,,,
4.21302e-005,-3.92767e-005,,,,,,
4.68299e-005,1.59457e-005,,,,,,
4.21302e-005,5.95865e-005,,,,,,
1.84634e-005,1.66171e-005,,,,,,
-6.12650e-005,-1.57778e-005,,,,,,
-9.18135e-005,-3.87732e-005,,,,,,
-1.12459e-005,-8.84566e-005,,,,,,
5.82437e-005,-1.03899e-004,,,,,,
6.96574e-005,-9.21492e-005,,,,,,
1.01213e-004,-9.88632e-005,,,,,,
7.63714e-005,-5.25368e-005,,,,,,
1.96384e-005,-1.62814e-005,,,,,,
-8.09033e-005,-6.37827e-006,,,,,,
-1.38476e-004,2.76951e-005,,,,,,
-1.61975e-004,5.15297e-005,,,,,,
-1.94705e-004,1.19173e-005,,,,,,
-1.18669e-004,-3.40734e-005,,,,,,
-3.60876e-005,-1.46029e-005,,,,,,
-2.76951e-005,2.92058e-005,,,,,,
2.19883e-005,4.64942e-005,,,,,,
7.97284e-005,6.54612e-006,,,,,,
7.90570e-005,7.50286e-005,,,,,,
1.89670e-005,1.38140e-004,,,,,,
-4.14588e-005,7.63714e-005,,,,,,
-7.46929e-005,2.56809e-005,,,,,,
-1.09606e-004,5.20333e-006,,,,,,
-9.63455e-005,-3.50805e-005,,,,,,
-9.78561e-005,-4.81727e-005,,,,,,
-9.95346e-005,-4.21302e-005,,,,,,
-8.91279e-005,-4.69978e-005,,,,,,
-3.97803e-005,-4.88441e-005,,,,,,
1.25887e-005,-3.87732e-005,,,,,,
6.56291e-005,-3.23949e-005,,,,,,
1.00877e-004,-2.61845e-005,,,,,,
1.04906e-004,-1.32601e-005,,,,,,
6.52934e-005,-1.66171e-005,,,,,,
1.69528e-005,-2.83665e-005,,,,,,
1.67849e-007,-2.70237e-005,,,,,,
1.10781e-005,-9.56741e-006,,,,,,
1.61135e-005,2.34989e-006,,,,,,
-5.53903e-006,-1.25887e-005,,,,,,
-1.17494e-006,-5.70687e-006,,,,,,
8.39246e-006,3.86053e-006,,,,,,
4.36408e-006,-7.04967e-006,,,,,,
-3.30663e-005,6.88182e-006,,,,,,
-8.67781e-005,2.18204e-005,,,,,,
-1.10948e-004,1.42672e-005,,,,,,
-1.09438e-004,1.04067e-005,,,,,,
-8.40925e-005,2.53452e-005,,,,,,
-4.46479e-005,1.69528e-005,,,,,,
1.56100e-005,2.61845e-005,,,,,,
4.14588e-005,3.22271e-005,,,,,,
8.89601e-006,2.51774e-005,,,,,,
-1.82956e-005,2.03098e-005,,,,,,
-3.37377e-005,1.71206e-005,,,,,,
-1.69528e-005,2.93736e-005,,,,,,
-3.35698e-006,5.42153e-005,,,,,,
1.84634e-006,5.55581e-005,,,,,,
-1.22530e-005,2.87022e-005,,,,,,
-3.32342e-005,5.03548e-007,,,,,,
-1.71206e-005,-3.18914e-006,,,,,,
1.86313e-005,-3.35698e-007,,,,,,
3.94446e-005,8.89601e-006,,,,,,
1.86313e-005,1.72885e-005,,,,,,
5.03548e-007,7.55322e-006,,,,,,
-2.36667e-005,1.22530e-005,,,,,,
-6.09293e-005,7.55322e-006,,,,,,
-1.01549e-004,-1.14137e-005,,,,,,
-6.83146e-005,-1.39315e-005,,,,,,
-2.85344e-006,-2.87022e-005,,,,,,
3.97803e-005,-1.82956e-005,,,,,,
7.73785e-005,-8.39246e-006,,,,,,
6.09293e-005,1.67849e-007,,,,,,
-6.93217e-005,7.55322e-006,,,,,,
-1.98901e-004,2.85344e-006,,,,,,
-1.77920e-004,-1.44350e-005,,,,,,
-9.78561e-005,-2.29953e-005,,,,,,
-9.56741e-006,-2.08133e-005,,,,,,
1.08766e-004,-1.19173e-005,,,,,,
1.97894e-004,-1.79599e-005,,,,,,
2.09979e-004,-2.09812e-005,,,,,,
1.35454e-004,-1.69528e-005,,,,,,
8.22461e-006,-1.02388e-005,,,,,,
-6.34470e-005,-6.21042e-006,,,,,,
-8.44282e-005,-1.86313e-005,,,,,,
-5.45510e-005,-3.23949e-005,,,,,,
2.13169e-005,-5.38796e-005,,,,,,
5.82437e-005,-6.32792e-005,,,,,,
7.80499e-005,-4.54871e-005,,,,,,
8.10712e-005,-3.77661e-005,,,,,,
3.62554e-005,-5.11940e-005,,,,,,
-1.72885e-005,-4.07874e-005,,,,,,
-6.66362e-005,-3.37377e-005,,,,,,
-6.86503e-005,-3.50805e-005,,,,,,
-4.86763e-006,-3.03807e-005,,,,,,
5.80758e-005,-2.90379e-005,,,,,,
9.24849e-005,-1.42672e-005,,,,,,
4.07874e-005,2.34989e-006,,,,,,
9.90310e-006,-1.46029e-005,,,,,,
1.94705e-005,-4.34730e-005,,,,,,
-5.80758e-005,-3.13878e-005,,,,,,
-1.64492e-004,3.69268e-006,,,,,,
-1.23705e-004,1.49386e-005,,,,,,
-1.44350e-005,6.37827e-006,,,,,,
6.63004e-005,1.17494e-006,,,,,,
6.27756e-005,-3.18914e-006,,,,,,
-3.40734e-005,-5.03548e-007,,,,,,
-2.29786e-004,1.22530e-005,,,,,,
-3.37881e-004,2.21561e-005,,,,,,
-3.39895e-004,1.96384e-005,,,,,,
-3.15892e-004,1.89670e-005,,,,,,
-1.58785e-004,2.23239e-005,,,,,,
-1.04067e-005,4.86763e-006,,,,,,
4.88441e-005,6.71397e-006,,,,,,
1.67010e-004,6.04257e-006,,,,,,
2.80308e-004,-2.71916e-005,,,,,,
2.79805e-004,-3.45769e-005,,,,,,
1.09773e-004,-2.29953e-005,,,,,,
-6.91539e-005,1.35958e-005,,,,,,
-1.28573e-004,6.93217e-005,,,,,,
-1.35454e-004,8.14069e-005,,,,,,
-8.29175e-005,4.38087e-005,,,,,,
-3.03807e-005,8.30854e-005,,,,,,
-2.70237e-005,1.11284e-004,,,,,,
5.35439e-005,-1.89670e-005,,,,,,
2.12161e-004,-2.90379e-005,,,,,,
2.20554e-004,2.13169e-005,,,,,,
2.04776e-005,-2.80308e-005,,,,,,
-7.21752e-005,-4.71656e-005,,,,,,
-1.06249e-004,-4.16266e-005,,,,,,
-1.66339e-004,-3.37377e-005,,,,,,
-1.47204e-004,-2.38346e-005,,,,,,
9.90310e-006,2.09812e-005,,,,,,
3.40902e-004,1.69360e-004,,,,,,
3.72961e-004,2.03098e-004,,,,,,
7.53643e-005,7.75463e-005,,,,,,
-1.32265e-004,2.04776e-005,,,,,,
-2.76951e-004,2.53452e-005,,,,,,
-2.69566e-004,-4.11231e-005,,,,,,
-3.38888e-004,-9.09743e-005,,,,,,
-5.02541e-004,-9.23171e-005,,,,,,
-3.42580e-004,-7.62036e-005,,,,,,
-5.08583e-005,-9.24849e-005,,,,,,
9.39956e-005,-3.22271e-005,,,,,,
2.11826e-004,2.63523e-005,,,,,,
2.86519e-004,2.63523e-005,,,,,,
2.70237e-004,5.28725e-005,,,,,,
1.98230e-004,8.15747e-005,,,,,,
9.81918e-005,-8.20783e-005,,,,,,
-8.89601e-006,-1.93027e-005,,,,,,
-1.12627e-004,2.85847e-004,,,,,,
-1.45190e-004,3.55169e-004,,,,,,
-2.02930e-004,2.24750e-004,,,,,,
-1.21019e-004,1.06416e-004,,,,,,
1.32601e-005,4.26337e-005,,,,,,
7.04967e-005,9.23171e-006,,,,,,
3.20592e-005,-2.09812e-005,,,,,,
-7.98962e-005,-2.18204e-006,,,,,,
-1.02892e-004,-6.39506e-005,,,,,,
-2.75273e-005,-9.68490e-005,,,,,,
2.40024e-004,-1.50393e-004,,,,,,
6.91371e-004,-2.11490e-004,,,,,,
8.16251e-004,-9.85275e-005,,,,,,
6.55451e-004,-1.21019e-004,,,,,,
5.67163e-004,-2.59663e-004,,,,,,
1.74899e-004,-2.09812e-004,,,,,,
-4.43290e-004,-5.82437e-005,,,,,,
-1.03345e-003,-1.39315e-005,,,,,,
-1.18686e-003,-9.90311e-005,,,,,,
-9.22332e-004,-1.10781e-005,,,,,,
-6.77272e-004,3.29152e-004,,,,,,
-4.30533e-004,6.08957e-004,,,,,,
-1.33104e-004,3.35866e-004,,,,,,
1.62814e-005,-6.37827e-005,,,,,,
4.07874e-005,-1.45861e-004,,,,,,
9.75204e-005,-1.22698e-004,,,,,,
1.96887e-004,-1.83291e-004,,,,,,
2.28443e-004,-2.67720e-004,,,,,,
1.60296e-004,-2.72755e-004,,,,,,
1.71038e-004,-8.69459e-005,,,,,,
2.40864e-004,4.03006e-004,,,,,,
2.74769e-004,6.11139e-004,,,,,,
1.82956e-004,2.73762e-004,,,,,,
1.21355e-004,-6.66362e-005,,,,,,
3.37377e-005,-9.44991e-005,,,,,,
4.86763e-006,4.81727e-005,,,,,,
4.88441e-005,7.97284e-005,,,,,,
5.11940e-005,6.69719e-005,,,,,,
6.21042e-006,1.35958e-005,,,,,,
-4.28016e-005,-1.73556e-004,,,,,,
-4.26337e-005,-2.74937e-004,,,,,,
4.09552e-005,-1.86816e-004,,,,,,
2.29953e-004,1.73724e-004,,,,,,
3.44930e-004,3.42580e-004,,,,,,
2.57481e-004,1.32769e-004,,,,,,
5.63973e-005,-6.16007e-005,,,,,,
-1.55261e-004,-1.24712e-004,,,,,,
-3.66247e-004,-1.39147e-004,,,,,,
-5.00526e-004,-1.25719e-004,,,,,,
-4.66117e-004,-8.10712e-005,,,,,,
-4.25330e-004,1.77920e-005,,,,,,
-6.26078e-005,-6.88182e-006,,,,,,
2.62684e-004,-1.37469e-004,,,,,,
2.98604e-004,-5.06905e-005,,,,,,
3.33684e-004,-1.19173e-005,,,,,,
3.82528e-004,-2.40024e-005,,,,,,
2.07126e-004,1.40826e-004,,,,,,
-1.80102e-004,1.18334e-004,,,,,,
-3.09682e-004,-8.91279e-005,,,,,,
-2.05280e-004,-1.30755e-004,,,,,,
-1.68353e-004,3.54162e-005,,,,,,
-2.61341e-004,1.90509e-004,,,,,,
-2.08301e-004,9.71847e-005,,,,,,
-7.80499e-005,-1.86145e-004,,,,,,
5.35439e-005,-2.04608e-004,,,,,,
1.08263e-004,-1.26894e-004,,,,,,
1.26223e-004,-7.68750e-005,,,,,,
9.38277e-005,-4.71656e-005,,,,,,
4.81727e-005,-6.09293e-005,,,,,,
-9.56741e-006,-2.03098e-005,,,,,,
-1.89670e-005,3.89410e-005,,,,,,
1.36126e-004,4.68299e-005,,,,,,
2.70741e-004,-3.13878e-005,,,,,,
1.66674e-004,-1.27062e-004,,,,,,
8.97993e-005,-1.90341e-004,,,,,,
7.08324e-005,-1.84802e-004,,,,,,
-1.54589e-004,-6.69719e-005,,,,,,
-3.48623e-004,-1.76074e-004,,,,,,
-3.01793e-004,-3.97299e-004,,,,,,
-1.26726e-004,-2.23239e-005,,,,,,
-7.21752e-005,3.30327e-004,,,,,,
-1.46868e-004,3.62387e-004,,,,,,
-2.87190e-004,3.19753e-004,,,,,,
-3.87564e-004,6.83146e-005,,,,,,
-2.79133e-004,-3.15557e-005,,,,,,
-4.41444e-005,1.01884e-004,,,,,,
3.40902e-004,9.38277e-005,,,,,,
8.45624e-004,1.62142e-004,,,,,,
1.08045e-003,1.89334e-004,,,,,,
8.35050e-004,1.36629e-004,,,,,,
4.17441e-004,1.67346e-004,,,,,,
1.00206e-004,2.87022e-005,,,,,,
-7.87213e-005,-1.88495e-004,,,,,,
-3.18410e-004,-2.52613e-004,,,,,,
-4.97002e-004,-4.54704e-004,,,,,,
-5.72366e-004,-5.02708e-004,,,,,,
-4.46647e-004,-3.27810e-004,,,,,,
-6.60319e-004,-2.36835e-004,,,,,,
-7.17388e-004,-4.19623e-005,,,,,,
-3.75479e-004,2.97932e-004,,,,,,
-1.40154e-004,3.15389e-004,,,,,,
-1.12459e-004,2.21561e-005,,,,,,
-1.36126e-004,-1.38140e-004,,,,,,
-1.26390e-004,-8.47639e-005,,,,,,
-1.62814e-005,-7.68750e-005,,,,,,
1.24712e-004,-9.16457e-005,,,,,,
1.98566e-004,-6.22721e-005,,,,,,
2.98268e-004,-2.08133e-005,,,,,,
3.76486e-004,-3.27306e-005,,,,,,
3.10018e-004,1.17998e-004,,,,,,
2.15854e-004,4.02838e-004,,,,,,
1.84131e-004,4.06363e-004,,,,,,
1.39483e-004,1.53246e-004,,,,,,
6.69719e-005,3.23949e-005,,,,,,
1.56100e-005,7.73785e-005,,,,,,
-1.47539e-004,8.77852e-005,,,,,,
-3.82193e-004,6.37827e-005,,,,,,
-2.95750e-004,-4.83406e-005,,,,,,
-3.39055e-005,-1.20684e-004,,,,,,
2.28946e-004,-1.37972e-004,,,,,,
3.06493e-004,-1.44854e-004,,,,,,
1.47036e-004,-1.38476e-004,,,,,,
-8.44282e-005,-9.61776e-005,,,,,,
-1.89166e-004,-6.88182e-006,,,,,,
-2.21393e-004,8.76173e-005,,,,,,
-7.35180e-005,1.44183e-004,,,,,,
1.02556e-004,6.59647e-005,,,,,,
1.01213e-004,-9.23171e-005,,,,,,
1.11955e-004,-2.02258e-004,,,,,,
1.23369e-004,-2.21393e-004,,,,,,
2.76951e-005,-1.88998e-004,,,,,,
-1.87152e-004,-1.37972e-004,,,,,,
-2.15686e-004,-1.72885e-005,,,,,,
-1.98230e-004,-1.76242e-005,,,,,,
-3.10521e-005,-1.16320e-004,,,,,,
-4.78370e-005,-9.68490e-005,,,,,,
-1.29915e-004,-4.51514e-005,,,,,,
-3.03807e-005,-1.72045e-004,,,,,,
2.16526e-005,6.99931e-005,,,,,,
3.18914e-006,4.12070e-004,,,,,,
7.55322e-006,4.84916e-004,,,,,,
1.86313e-005,4.14084e-004,,,,,,
-1.24208e-005,1.77081e-004,,,,,,
8.39246e-007,8.39246e-007,,,,,,
5.75723e-005,1.17494e-005,,,,,,
2.95415e-005,2.01419e-005,,,,,,
1.05745e-005,-4.75013e-005,,,,,,
-3.08843e-005,-6.16007e-005,,,,,,
-1.93866e-004,2.93736e-005,,,,,,
-2.50767e-004,1.49386e-005,,,,,,
7.75463e-005,-1.01884e-004,,,,,,
1.03899e-004,-1.82116e-004,,,,,,
1.67514e-004,-1.92355e-004,,,,,,
4.59571e-004,-2.03098e-004,,,,,,
2.36835e-004,-1.81445e-004,,,,,,
-1.47539e-004,-3.81018e-005,,,,,,
-1.05241e-004,4.24659e-005,,,,,,
-9.06386e-006,6.09293e-005,,,,,,
-3.08843e-005,1.75738e-004,,,,,,
-4.11231e-005,1.19173e-005,,,,,,
-4.07874e-005,-1.39818e-004,,,,,,
-8.99672e-005,-1.01549e-004,,,,,,
-1.52911e-004,-3.18914e-005,,,,,,
-1.60632e-004,3.00450e-005,,,,,,
-1.31426e-004,9.63455e-005,,,,,,
-1.06584e-004,6.42863e-005,,,,,,
-6.46220e-005,-5.03548e-007,,,,,,
-7.13359e-005,3.87732e-005,,,,,,
-7.31823e-005,-6.54612e-006,,,,,,
-4.59907e-005,-7.90570e-005,,,,,,
-3.74304e-005,-4.93477e-005,,,,,,
9.13100e-005,2.83665e-005,,,,,,
2.60334e-004,5.82437e-005,,,,,,
1.80102e-004,6.86503e-005,,,,,,
8.17426e-005,5.87472e-006,,,,,,
1.51064e-006,-8.56031e-005,,,,,,
-1.48547e-004,-1.58953e-004,,,,,,
-3.57015e-004,-3.38888e-004,,,,,,
-4.25834e-004,-2.22065e-004,,,,,,
-3.39895e-004,1.82788e-004,,,,,,
-1.53246e-004,1.33776e-004,,,,,,
1.03227e-004,1.04570e-004,,,,,,
2.66377e-004,1.47875e-004,,,,,,
3.68093e-004,8.76173e-005,,,,,,
3.20424e-004,4.19623e-006,,,,,,
1.11620e-004,-1.32601e-005,,,,,,
4.68299e-005,2.76951e-005,,,,,,
9.24849e-005,5.11940e-005,,,,,,
7.70428e-005,3.97803e-005,,,,,,
4.28016e-005,9.38277e-005,,,,,,
1.41161e-004,-3.35698e-007,,,,,,
2.21057e-004,-1.73556e-004,,,,,,
1.32769e-004,-2.54292e-004,,,,,,
7.04967e-006,-2.58656e-004,,,,,,
-4.44800e-005,-1.25719e-004,,,,,,
-1.76410e-004,1.06920e-004,,,,,,
-3.18074e-004,2.19043e-004,,,,,,
-2.24750e-004,1.85138e-004,,,,,,
-1.47036e-004,1.71038e-004,,,,,,
-1.93194e-004,1.64996e-004,,,,,,
-2.11322e-004,9.90311e-005,,,,,,
-9.19814e-005,3.97803e-005,,,,,,
-2.03098e-005,7.63714e-005,,,,,,
1.54421e-005,6.96574e-005,,,,,,
4.22980e-005,-1.82956e-005,,,,,,
2.98772e-005,-1.19341e-004,,,,,,
-1.67849e-005,-1.68017e-004,,,,,,
-1.39483e-004,-2.06622e-004,,,,,,
-1.40490e-004,-8.42603e-005,,,,,,
-8.61067e-005,3.13878e-005,,,,,,
-4.38087e-005,-1.25887e-005,,,,,,
5.69009e-005,-3.91089e-005,,,,,,
1.21691e-004,-9.06386e-005,,,,,,
1.47539e-004,-8.61067e-005,,,,,,
1.26055e-004,-4.21302e-005,,,,,,
1.05074e-004,-6.16007e-005,,,,,,
4.51514e-005,1.46029e-005,,,,,,
-6.54612e-006,1.42504e-004,,,,,,
5.55581e-005,1.39818e-004,,,,,,
1.06249e-004,-2.58488e-005,,,,,,
5.60616e-005,-6.07614e-005,,,,,,
-1.66674e-004,-2.26596e-005,,,,,,
-3.46777e-004,-1.93027e-005,,,,,,
-3.81857e-004,-2.03098e-005,,,,,,
-3.46777e-004,-4.06195e-005,,,,,,
-9.28206e-005,-1.51064e-005,,,,,,
1.74395e-004,5.87472e-005,,,,,,
1.39483e-004,3.47448e-005,,,,,,
9.55062e-005,1.91348e-005,,,,,,
6.12650e-005,1.93027e-005,,,,,,
3.79339e-005,2.70237e-005,,,,,,
-1.42672e-005,2.18204e-005,,,,,,
-9.29885e-005,3.87732e-005,,,,,,
-2.83665e-005,2.13169e-005,,,,,,
9.65133e-005,1.25887e-005,,,,,,
1.37636e-004,1.39315e-005,,,,,,
6.19364e-005,-5.87472e-006,,,,,,
-1.46197e-004,-2.85344e-006,,,,,,
-1.39315e-004,2.34989e-005,,,,,,
-1.59457e-005,2.80308e-005,,,,,,
8.35889e-005,3.52483e-006,,,,,,
1.83795e-004,-2.66880e-005,,,,,,
1.84131e-004,-6.21042e-006,,,,,,
8.91279e-005,7.01610e-005,,,,,,
3.22271e-005,7.70428e-005,,,,,,
3.57519e-005,2.48417e-005,,,,,,
1.51064e-005,4.04517e-005,,,,,,
-1.82956e-005,2.33310e-005,,,,,,
-3.32342e-005,9.56741e-006,,,,,,
-3.59197e-005,3.02129e-005,,,,,,
-2.83665e-005,2.87022e-005,,,,,,
-6.88182e-006,3.47448e-005,,,,,,
3.02129e-006,3.10521e-005,,,,,,
-1.96384e-005,1.71206e-005,,,,,,
-6.16007e-005,7.13359e-005,,,,,,
-7.93927e-005,3.92767e-005,,,,,,
-7.80499e-005,-4.75013e-005,,,,,,
-7.46929e-005,-7.67071e-005,,,,,,
-4.34730e-005,-3.39055e-005,,,,,,
-7.77142e-005,3.07164e-005,,,,,,
-1.57610e-004,-4.98512e-005,,,,,,
-1.83291e-004,-9.70169e-005,,,,,,
-1.69192e-004,-8.82887e-005,,,,,,
-4.14588e-005,-8.74495e-005,,,,,,
1.65667e-004,-1.10613e-004,,,,,,
2.06622e-004,-1.02388e-004,,,,,,
8.40925e-005,-6.71397e-007,,,,,,
2.75273e-005,1.17327e-004,,,,,,
1.32601e-005,1.46197e-004,,,,,,
-2.97093e-005,1.01884e-004,,,,,,
-8.71138e-005,3.70947e-005,,,,,,
-1.72717e-004,6.88182e-006,,,,,,
-1.86984e-004,7.72107e-006,,,,,,
-1.42672e-004,2.63523e-005,,,,,,
-1.19173e-005,1.99741e-005,,,,,,
1.44686e-004,-1.71206e-005,,,,,,
2.06119e-004,-1.87991e-005,,,,,,
9.88632e-005,-1.51064e-006,,,,,,
-3.02129e-005,-3.69268e-006,,,,,,
-6.36149e-005,-8.22461e-006,,,,,,
-7.26787e-005,-2.51774e-006,,,,,,
1.56100e-005,2.45060e-005,,,,,,
6.09293e-005,6.96574e-005,,,,,,
2.46738e-005,7.23430e-005,,,,,,
-1.34279e-006,-2.51774e-005,,,,,,
-1.19173e-005,-6.22721e-005,,,,,,
-1.24208e-005,-3.69268e-005,,,,,,
-5.70687e-006,-2.83665e-005,,,,,,
-6.04257e-006,-3.22271e-005,,,,,,
-6.71397e-006,-1.15816e-005,,,,,,
-4.19623e-006,1.96384e-005,,,,,,
-9.23171e-006,1.51064e-006,,,,,,
-6.37827e-006,-1.62814e-005,,,,,,
8.39246e-007,-5.00191e-005,,,,,,
-3.86053e-006,-7.70428e-005,,,,,,
-1.72885e-005,-2.04776e-005,,,,,,
-1.76242e-005,-2.48417e-005,,,,,,
-2.06455e-005,-5.25368e-005,,,,,,
-3.20592e-005,-2.04776e-005,,,,,,
-6.61326e-005,-2.92058e-005,,,,,,
-8.97993e-005,9.23171e-006,,,,,,
-9.24849e-005,4.95155e-005,,,,,,
-7.77142e-005,3.87732e-005,,,,,,
-1.22530e-005,1.59457e-005,,,,,,
2.33310e-005,-1.14137e-005,,,,,,
-3.18914e-006,-5.99222e-005,,,,,,
-1.69528e-005,-7.26787e-005,,,,,,
-3.10521e-005,-2.70237e-005,,,,,,
-6.29435e-005,1.93027e-005,,,,,,
-9.44991e-005,1.93027e-005,,,,,,
-1.21187e-004,1.54421e-005,,,,,,
-6.49577e-005,1.99741e-005,,,,,,
2.53452e-005,1.32601e-005,,,,,,
5.05226e-005,2.16526e-005,,,,,,
5.99222e-005,2.76951e-005,,,,,,
4.48157e-005,1.81277e-005,,,,,,
3.03807e-005,2.87022e-005,,,,,,
3.81018e-005,5.30404e-005,,,,,,
2.26596e-005,-1.69528e-005,,,,,,
1.27565e-005,-1.00206e-004,,,,,,
3.18914e-005,-1.60967e-004,,,,,,
9.73526e-006,-1.54589e-004,,,,,,
9.23171e-006,-9.56741e-006,,,,,,
2.21561e-005,9.78561e-005,,,,,,
2.45060e-005,-1.51064e-005,,,,,,
1.22530e-005,-1.25383e-004,,,,,,
-1.89670e-005,-2.68559e-005,,,,,,
-4.14588e-005,4.73335e-005,,,,,,
-4.44800e-005,4.28016e-005,,,,,,
-6.02579e-005,6.91539e-005,,,,,,
-6.83146e-005,2.03098e-005,,,,,,
-6.52934e-005,-4.07874e-005,,,,,,
-5.45510e-005,1.22530e-005,,,,,,
-5.75723e-005,8.30854e-005,,,,,,
-6.12650e-005,7.46929e-005,,,,,,
-6.46220e-005,9.44991e-005,,,,,,
-4.86763e-005,3.74304e-005,,,,,,
-3.40734e-005,5.79080e-005,,,,,,
-2.87022e-005,1.69024e-004,,,,,,
-3.67590e-005,1.10613e-004,,,,,,
-7.04967e-006,-8.89601e-006,,,,,,
1.46029e-005,-1.16991e-004,,,,,,
-1.02388e-005,-1.58114e-004,,,,,,
-4.85084e-005,-9.68490e-005,,,,,,
-4.04517e-005,-1.66003e-004,,,,,,
-6.10971e-005,-2.42039e-004,,,,,,
-3.77661e-005,-1.53246e-004,,,,,,
1.66171e-005,1.16152e-004,,,,,,
1.86313e-005,3.23781e-004,,,,,,
2.65202e-005,2.66377e-004,,,,,,
4.88441e-005,2.38849e-004,,,,,,
6.46220e-005,1.08095e-004,,,,,,
7.23430e-005,-1.33104e-004,,,,,,
7.55322e-005,-2.16358e-004,,,,,,
6.51255e-005,-2.99611e-004,,,,,,
5.01869e-005,-2.29786e-004,,,,,,
5.32082e-005,-6.59647e-005,,,,,,
1.02388e-005,2.98772e-005,,,,,,
-6.37827e-005,6.21042e-005,,,,,,
-1.07591e-004,1.39315e-005,,,,,,
-1.17998e-004,-2.60166e-005,,,,,,
-1.21019e-004,1.17494e-006,,,,,,
-1.14473e-004,3.74304e-005,,,,,,
-8.82887e-005,4.61585e-005,,,,,,
-5.25368e-005,2.09812e-005,,,,,,
-2.16526e-005,-2.81987e-005,,,,,,
-1.69528e-005,-8.84566e-005,,,,,,
-2.33310e-005,-1.41833e-004,,,,,,
-1.69528e-005,-1.55932e-004,,,,,,
-1.84634e-006,-5.28725e-005,,,,,,
2.46738e-005,2.80308e-005,,,,,,
4.34730e-005,8.44282e-005,,,,,,
4.46479e-005,1.08263e-004,,,,,,
2.31632e-005,6.88182e-005,,,,,,
1.67849e-007,1.62310e-004,,,,,,
5.87472e-006,6.42863e-005,,,,,,
3.54162e-005,-2.41199e-004,,,,,,
3.67590e-005,-3.31838e-004,,,,,,
1.71206e-005,-1.41833e-004,,,,,,
2.18204e-006,-7.03288e-005,,,,,,
4.36408e-006,8.30854e-005,,,,,,
-1.15816e-005,1.64492e-004,,,,,,
-4.24659e-005,2.13169e-005,,,,,,
-2.56809e-005,2.68559e-006,,,,,,
-9.90310e-006,1.39483e-004,,,,,,
-5.80758e-005,2.29114e-004,,,,,,
-5.18654e-005,1.98566e-004,,,,,,
-5.05226e-005,7.83856e-005,,,,,,
-3.07164e-005,3.86053e-006,,,,,,
3.64233e-005,-3.35698e-007,,,,,,
6.96574e-005,-1.84634e-005,,,,,,
6.24399e-005,5.28725e-005,,,,,,
4.64942e-005,1.93530e-004,,,,,,
4.53193e-006,1.24544e-004,,,,,,
-1.93027e-005,-9.83597e-005,,,,,,
-1.93027e-005,-4.88441e-005,,,,,,
-1.82956e-005,3.91089e-005,,,,,,
-6.19364e-005,-6.39506e-005,,,,,,
-1.26390e-004,-6.32792e-005,,,,,,
-1.09606e-004,-1.84634e-006,,,,,,
-4.48157e-005,3.52483e-006,,,,,,
1.67849e-007,1.19173e-005,,,,,,
5.28725e-005,-4.24659e-005,,,,,,
5.87472e-005,-1.01549e-004,,,,,,
4.34730e-005,-2.23239e-005,,,,,,
8.02319e-005,-9.14778e-005,,,,,,
7.06645e-005,-9.51705e-005,,,,,,
2.31632e-005,2.90379e-005,,,,,,
-2.46738e-005,4.34730e-005,,,,,,
-6.79789e-005,5.01869e-005,,,,,,
-5.55581e-005,3.40734e-005,,,,,,
-4.46479e-005,-2.36667e-005,,,,,,
-8.29175e-005,-3.70947e-005,,,,,,
-1.08934e-004,-1.31426e-004,,,,,,
-1.23873e-004,-3.24956e-004,,,,,,
-9.18135e-005,-1.42504e-004,,,,,,
-5.63973e-005,2.00748e-004,,,,,,
-3.23949e-005,1.50896e-004,,,,,,
-3.57519e-005,4.24659e-005,,,,,,
-3.82696e-005,8.47639e-005,,,,,,
-2.85344e-006,1.26055e-004,,,,,,
2.26596e-005,4.53193e-005,,,,,,
2.58488e-005,-6.73075e-005,,,,,,
2.73594e-005,-8.49317e-005,,,,,,
1.84634e-006,-7.20073e-005,,,,,,
-3.10521e-005,-2.48417e-005,,,,,,
-5.18654e-005,-2.03098e-005,,,,,,
-5.22011e-005,-4.38087e-005,,,,,,
-2.29953e-005,-4.98512e-005,,,,,,
4.01160e-005,-1.82956e-005,,,,,,
3.28984e-005,4.44800e-005,,,,,,
-2.60166e-005,7.80499e-005,,,,,,
-2.56809e-005,-5.05226e-005,,,,,,
3.03807e-005,-2.97093e-005,,,,,,
3.59197e-005,8.50996e-005,,,,,,
-1.02388e-005,1.19341e-004,,,,,,
-4.51514e-005,1.23705e-004,,,,,,
-3.87732e-005,7.70428e-005,,,,,,
-3.37377e-005,2.09812e-005,,,,,,
-3.27306e-005,1.17494e-006,,,,,,
5.03548e-006,-1.42672e-005,,,,,,
2.97093e-005,-5.27047e-005,,,,,,
-1.72885e-005,-3.40734e-005,,,,,,
-3.96124e-005,1.66171e-005,,,,,,
-4.53193e-006,4.98512e-005,,,,,,
-3.92767e-005,4.41444e-005,,,,,,
-1.04906e-004,8.72816e-006,,,,,,
-1.11620e-004,-1.04570e-004,,,,,,
-6.76432e-005,-1.54925e-004,,,,,,
-5.87472e-006,-1.45357e-004,,,,,,
5.38796e-005,-4.63264e-005,,,,,,
6.29435e-005,4.39765e-005,,,,,,
5.32082e-005,4.36408e-005,,,,,,
4.85084e-005,5.69009e-005,,,,,,
2.60166e-005,6.89860e-005,,,,,,
-8.56031e-006,5.69009e-005,,,,,,
-5.45510e-005,3.03807e-005,,,,,,
-8.42603e-005,1.05745e-005,,,,,,
-4.04517e-005,-4.38087e-005,,,,,,
1.44350e-005,-5.79080e-005,,,,,,
5.85794e-005,-1.17494e-006,,,,,,
9.41634e-005,3.17235e-005,,,,,,
1.12123e-004,1.79599e-005,,,,,,
1.03899e-004,3.27306e-005,,,,,,
4.44800e-005,1.01213e-004,,,,,,
-1.42672e-005,1.31090e-004,,,,,,
-4.04517e-005,9.61776e-005,,,,,,
-7.10002e-005,9.24849e-005,,,,,,
-8.24140e-005,1.01549e-004,,,,,,
-8.62745e-005,6.76432e-005,,,,,,
-1.15984e-004,4.28016e-005,,,,,,
-1.10948e-004,-2.43381e-005,,,,,,
-7.20073e-005,-5.82437e-005,,,,,,
-3.25628e-005,-4.44800e-005,,,,,,
-1.82956e-005,-3.50805e-005,,,,,,
-2.90379e-005,-3.10521e-005,,,,,,
-2.76951e-005,-6.46220e-005,,,,,,
-7.04967e-006,-1.07927e-004,,,,,,
4.14588e-005,-1.55596e-004,,,,,,
1.11620e-004,-1.68353e-004,,,,,,
1.27565e-004,-9.28206e-005,,,,,,
8.47639e-005,-2.80308e-005,,,,,,
7.16716e-005,5.79080e-005,,,,,,
7.36858e-005,1.28740e-004,,,,,,
2.31632e-005,6.47898e-005,,,,,,
-5.97543e-005,-3.02129e-006,,,,,,
-7.62036e-005,-2.43381e-005,,,,,,
-4.75013e-005,-3.82696e-005,,,,,,
-4.58228e-005,-2.43381e-005,,,,,,
-8.87923e-005,1.69528e-005,,,,,,
-1.55093e-004,-8.89601e-006,,,,,,
-2.23239e-004,-1.86313e-005,,,,,,
-1.70367e-004,-2.85344e-006,,,,,,
-7.36858e-005,1.17494e-005,,,,,,
-2.85344e-006,1.22530e-005,,,,,,
2.90379e-005,8.39246e-007,,,,,,
1.35958e-005,-5.20333e-005,,,,,,
1.84634e-006,-6.96574e-005,,,,,,
3.99481e-005,-8.66102e-005,,,,,,
9.21492e-005,-1.20684e-004,,,,,,
9.56741e-005,-1.16655e-004,,,,,,
1.03059e-004,-8.61067e-005,,,,,,
1.15312e-004,8.39246e-007,,,,,,
7.73785e-005,3.97803e-005,,,,,,
-2.83665e-005,1.42672e-005,,,,,,
-1.03563e-004,3.60876e-005,,,,,,
-1.29747e-004,8.61067e-005,,,,,,
-1.24376e-004,5.25368e-005,,,,,,
-6.32792e-005,-7.88891e-006,,,,,,
8.56031e-006,-4.19623e-005,,,,,,
4.98512e-005,-6.27756e-005,,,,,,
7.33501e-005,-4.26337e-005,,,,,,
6.96574e-005,-4.01160e-005,,,,,,
1.98062e-005,-2.50095e-005,,,,,,
-5.11940e-005,-1.04067e-005,,,,,,
-9.24849e-005,1.17494e-006,,,,,,
-7.77142e-005,1.49386e-005,,,,,,
-5.47189e-005,3.13878e-005,,,,,,
-3.50805e-005,2.58488e-005,,,,,,
-2.66880e-005,-4.86763e-006,,,,,,
-2.73594e-005,-9.56741e-006,,,,,,
-7.88891e-006,-2.50095e-005,,,,,,
3.25628e-005,-5.99222e-005,,,,,,
4.38087e-005,-4.88441e-005,,,,,,
-2.36667e-005,-1.29244e-005,,,,,,
-7.75463e-005,4.86763e-006,,,,,,
-6.91539e-005,-1.96384e-005,,,,,,
-3.91089e-005,-4.24659e-005,,,,,,
-3.81018e-005,-3.37377e-005,,,,,,
-3.50805e-005,-5.32082e-005,,,,,,
-1.69528e-005,-7.60357e-005,,,,,,
-2.34989e-006,-1.52743e-005,,,,,,
-1.17494e-006,3.52483e-006,,,,,,
-3.74304e-005,-1.54421e-005,,,,,,
-5.45510e-005,1.66171e-005,,,,,,
-4.17945e-005,7.70428e-005,,,,,,
-5.42153e-005,7.63714e-005,,,,,,
-4.14588e-005,2.71916e-005,,,,,,
1.02388e-005,-3.97803e-005,,,,,,
3.30663e-005,-7.73785e-005,,,,,,
2.66880e-005,-6.14328e-005,,,,,,
1.91348e-005,-5.52224e-005,,,,,,
4.81727e-005,-1.99741e-005,,,,,,
8.45960e-005,3.40734e-005,,,,,,
7.26787e-005,3.28984e-005,,,,,,
7.38537e-006,1.32601e-005,,,,,,
-3.27306e-005,-5.70687e-006,,,,,,
-5.05226e-005,-6.88182e-006,,,,,,
-8.27497e-005,2.34989e-006,,,,,,
-8.87923e-005,6.21042e-006,,,,,,
-6.21042e-005,9.90310e-006,,,,,,
-2.78630e-005,4.86763e-006,,,,,,
-1.51064e-006,-4.86763e-006,,,,,,
6.21042e-006,-1.42672e-005,,,,,,
-6.54612e-006,-3.18914e-005,,,,,,
-1.62814e-005,-4.17945e-005,,,,,,
-2.53452e-005,-3.39055e-005,,,,,,
-5.87472e-006,-2.66880e-005,,,,,,
5.62295e-005,-5.00191e-005,,,,,,
8.44282e-005,-6.09293e-005,,,,,,
6.39506e-005,-6.32792e-005,,,,,,
-1.19173e-005,-3.77661e-005,,,,,,
-1.00542e-004,-6.54612e-006,,,,,,
-1.35286e-004,-8.89601e-006,,,,,,
-1.41161e-004,-1.37636e-005,,,,,,
-1.34447e-004,-2.68559e-006,,,,,,
-9.28206e-005,-6.71397e-007,,,,,,
-4.78370e-005,-4.19623e-006,,,,,,
-3.44091e-005,1.37636e-005,,,,,,
-4.01160e-005,3.60876e-005,,,,,,
-1.39315e-005,-2.09812e-005,,,,,,
2.03098e-005,-6.12650e-005,,,,,,
3.77661e-005,-3.59197e-005,,,,,,
3.67590e-005,-2.23239e-005,,,,,,
3.12200e-005,-1.94705e-005,,,,,,
2.75273e-005,-1.35958e-005,,,,,,
7.88891e-006,-8.89601e-006,,,,,,
-3.18914e-006,-6.88182e-006,,,,,,
1.67849e-005,-5.53903e-006,,,,,,
2.19883e-005,-8.22461e-006,,,,,,
1.84634e-005,-1.99741e-005,,,,,,
7.72107e-006,-7.38537e-006,,,,,,
-3.35698e-007,8.39246e-007,,,,,,
-1.02388e-005,-1.51064e-006,,,,,,
-1.82956e-005,2.51774e-006,,,,,,
-2.13169e-005,3.52483e-006,,,,,,
-1.10781e-005,8.39246e-007,,,,,,
-5.37118e-006,-1.00710e-006,,,,,,
-1.19173e-005,7.88891e-006,,,,,,
-7.88891e-006,1.64492e-005,,,,,,
-4.53193e-006,1.76242e-005,,,,,,
-2.85344e-006,-4.19623e-006,,,,,,
-1.22530e-005,-6.54612e-006,,,,,,
-1.42672e-005,1.84634e-006,,,,,,
-1.29244e-005,4.53193e-006,,,,,,
-1.52743e-005,5.03548e-006,,,,,,
-2.09812e-005,5.87472e-006,,,,,,
-2.33310e-005,2.33310e-005,,,,,,
-2.33310e-005,3.23949e-005,,,,,,
-1.42672e-005,6.71397e-006,,,,,,
-7.88891e-006,1.17494e-005,,,,,,
-9.23171e-006,1.62814e-005,,,,,,
-1.37636e-005,1.96384e-005,,,,,,
-1.89670e-005,2.45060e-005,,,,,,
-1.91348e-005,2.09812e-005,,,,,,
-2.03098e-005,2.26596e-005,,,,,,
-2.45060e-005,2.46738e-005,,,,,,
-2.03098e-005,2.40024e-005,,,,,,
-7.55322e-006,2.36667e-005,,,,,,
-1.76242e-005,3.03807e-005,,,,,,
-1.89670e-005,3.13878e-005,,,,,,
-1.62814e-005,3.42412e-005,,,,,,
-1.74563e-005,3.27306e-005,,,,,,
-1.64492e-005,2.71916e-005,,,,,,
-1.10781e-005,3.20592e-005,,,,,,
-1.02388e-005,2.92058e-005,,,,,,
-1.49386e-005,2.83665e-005,,,,,,
-1.99741e-005,2.97093e-005,,,,,,
-1.99741e-005,2.93736e-005,,,,,,
-1.35958e-005,1.61135e-005,,,,,,
-6.54612e-006,1.40993e-005,,,,,,
-1.09102e-005,1.99741e-005,,,,,,
-2.03098e-005,2.18204e-005,,,,,,
-1.76242e-005,1.89670e-005,,,,,,
-1.99741e-005,1.76242e-005,,,,,,
-2.80308e-005,1.91348e-005,,,,,,
-1.87991e-005,1.93027e-005,,,,,,
-1.22530e-005,1.91348e-005,,,,,,
-1.84634e-005,2.40024e-005,,,,,,
-1.86313e-005,2.40024e-005,,,,,,
-8.39246e-007,1.05745e-005,,,,,,
1.17494e-005,1.22530e-005,,,,,,
3.69268e-006,1.04067e-005,,,,,,
-4.86763e-006,1.25887e-005,,,,,,
-1.00710e-005,1.62814e-005,,,,,,
-1.29244e-005,2.36667e-005,,,,,,
-7.55322e-006,2.43381e-005,,,,,,
-8.22461e-006,1.46029e-005,,,,,,
-2.13169e-005,2.38346e-005,,,,,,
-1.76242e-005,1.49386e-005,,,,,,
-4.53193e-006,5.03548e-007,,,,,,
-8.89601e-006,2.51774e-006,,,,,,
-1.05745e-005,4.53193e-006,,,,,,
-1.49386e-005,4.86763e-006,,,,,,
-1.99741e-005,1.17494e-006,,,,,,
-1.05745e-005,-5.53903e-006,,,,,,
-4.19623e-006,5.03548e-007,,,,,,
-2.51774e-006,7.21752e-006,,,,,,
-7.72107e-006,-1.15816e-005,,,,,,
-2.63523e-005,-1.46029e-005,,,,,,
-2.45060e-005,-5.20333e-006,,,,,,
-1.59457e-005,-6.54612e-006,,,,,,
-1.32601e-005,-5.87472e-006,,,,,,
-1.54421e-005,-8.39246e-007,,,,,,
-2.18204e-006,5.03548e-007,,,,,,
2.63523e-005,-8.89601e-006,,,,,,
4.91798e-005,-3.03807e-005,,,,,,
5.82437e-005,-4.16266e-005,,,,,,
4.12909e-005,-4.91798e-005,,,,,,
7.04967e-006,-4.81727e-005,,,,,,
-3.91089e-005,-8.39246e-007,,,,,,
-1.05074e-004,3.13878e-005,,,,,,
-1.28740e-004,5.42153e-005,,,,,,
-9.65133e-005,7.48608e-005,,,,,,
-5.38796e-005,3.77661e-005,,,,,,
-3.03807e-005,-7.88891e-006,,,,,,
-2.16526e-005,-1.98062e-005,,,,,,
-2.53452e-005,-1.29244e-005,,,,,,
-7.21752e-006,-1.15816e-005,,,,,,
2.23239e-005,-2.11490e-005,,,,,,
2.65202e-005,-2.33310e-005,,,,,,
1.39315e-005,-1.15816e-005,,,,,,
6.54612e-006,-8.22461e-006,,,,,,
-1.22530e-005,2.14847e-005,,,,,,
-3.03807e-005,4.54871e-005,,,,,,
-3.17235e-005,3.44091e-005,,,,,,
-4.54871e-005,1.86313e-005,,,,,,
-4.58228e-005,5.87472e-006,,,,,,
-3.30663e-005,-1.37636e-005,,,,,,
-1.87991e-005,-2.65202e-005,,,,,,
-1.02388e-005,-2.87022e-005,,,,,,
-2.85344e-006,-2.70237e-005,,,,,,
1.17494e-006,-2.80308e-005,,,,,,
-6.54612e-006,-2.63523e-005,,,,,,
-1.09102e-005,-2.51774e-005,,,,,,
-5.03548e-006,-3.02129e-005,,,,,,
5.03548e-007,-3.08843e-005,,,,,,
-2.01419e-006,-2.46738e-005,,,,,,
-1.22530e-005,-2.23239e-005,,,,,,
-2.24918e-005,-2.18204e-005,,,,,,
-1.17494e-005,-2.14847e-005,,,,,,
-5.03548e-007,-1.86313e-005,,,,,,
1.04067e-005,-1.22530e-005,,,,,,
2.60166e-005,-1.99741e-005,,,,,,
2.53452e-005,-2.43381e-005,,,,,,
1.04067e-005,-2.50095e-005,,,,,,
-8.22461e-006,-2.29953e-005,,,,,,
-3.23949e-005,-3.37377e-005,,,,,,
-3.97803e-005,-6.76432e-005,,,,,,
-7.38537e-006,-7.67071e-005,,,,,,
-5.53903e-006,-4.53193e-005,,,,,,
-3.13878e-005,-2.08133e-005,,,,,,
-3.74304e-005,3.54162e-005,,,,,,
-3.23949e-005,1.08934e-004,,,,,,
-2.97093e-005,1.03563e-004,,,,,,
-1.82956e-005,5.05226e-005,,,,,,
-2.18204e-005,1.93027e-005,,,,,,
-1.66171e-005,1.76242e-005,,,,,,
-1.39315e-005,7.55322e-006,,,,,,
-1.69528e-005,-5.87472e-006,,,,,,
-1.76242e-005,5.03548e-007,,,,,,
-2.16526e-005,-2.85344e-006,,,,,,
-2.70237e-005,-5.20333e-006,,,,,,
-1.82956e-005,-1.09102e-005,,,,,,
-9.56741e-006,-1.99741e-005,,,,,,
-1.52743e-005,-2.87022e-005,,,,,,
-2.09812e-005,-2.26596e-005,,,,,,
-1.14137e-005,-2.03098e-005,,,,,,
-5.37118e-006,-2.24918e-005,,,,,,
-1.00710e-005,-2.08133e-005,,,,,,
-1.39315e-005,-1.91348e-005,,,,,,
-1.22530e-005,-1.82956e-005,,,,,,
-1.56100e-005,-1.76242e-005,,,,,,
-2.21561e-005,-1.35958e-005,,,,,,
-2.45060e-005,-7.55322e-006,,,,,,
-1.76242e-005,-1.22530e-005,,,,,,
-1.62814e-005,-2.85344e-006,,,,,,
-2.03098e-005,-2.18204e-006,,,,,,
-1.44350e-005,-2.76951e-005,,,,,,
-1.05745e-005,-1.71206e-005,,,,,,
-6.21042e-006,-6.04257e-006,,,,,,
-6.71397e-007,-3.69268e-006,,,,,,
-2.18204e-006,-1.00710e-006,,,,,,
-1.49386e-005,1.51064e-006,,,,,,
-2.03098e-005,-1.67849e-007,,,,,,
-1.51064e-005,-3.18914e-006,,,,,,
-1.93027e-005,3.35698e-007,,,,,,
-2.50095e-005,-7.21752e-006,,,,,,
-1.14137e-005,-1.91348e-005,,,,,,
-3.18914e-006,-8.89601e-006,,,,,,
-7.72107e-006,-7.04967e-006,,,,,,
-9.23171e-006,-1.51064e-006,,,,,,
-4.53193e-006,1.17494e-006,,,,,,
-1.00710e-006,-5.20333e-006,,,,,,
-1.10781e-005,-2.51774e-006,,,,,,
-1.94705e-005,5.20333e-006,,,,,,
-1.59457e-005,3.86053e-006,,,,,,
-1.12459e-005,1.17494e-006,,,,,,
-7.72107e-006,-5.53903e-006,,,,,,
-1.22530e-005,-4.19623e-006,,,,,,
-5.03548e-007,-2.85344e-006,,,,,,
0.00000e+000,-3.35698e-006,,,,,,
-4.86763e-006,1.51064e-006,,,,,,
-1.22530e-005,-1.51064e-006,,,,,,
-3.40734e-005,-2.01419e-006,,,,,,
-3.23949e-005,2.51774e-006,,,,,,
-2.58488e-005,-2.18204e-006,,,,,,
-2.43381e-005,-9.39956e-006,,,,,,
-2.97093e-005,-4.36408e-006,,,,,,
-2.46738e-005,-3.35698e-007,,,,,,
-2.24918e-005,1.02388e-005,,,,,,
-1.86313e-005,2.13169e-005,,,,,,
-1.49386e-005,3.34020e-005,,,,,,
-1.69528e-005,3.70947e-005,,,,,,
-1.49386e-005,2.85344e-005,,,,,,
-5.70687e-006,1.59457e-005,,,,,,
-3.18914e-006,1.12459e-005,,,,,,
-5.53903e-006,1.19173e-005,,,,,,
-1.22530e-005,5.53903e-006,,,,,,
-1.71206e-005,5.20333e-006,,,,,,
-1.77920e-005,8.39246e-006,,,,,,
-1.69528e-005,8.56031e-006,,,,,,
-8.56031e-006,3.86053e-006,,,,,,
-5.53903e-006,1.67849e-007,,,,,,
-9.56741e-006,1.67849e-006,,,,,,
-1.09102e-005,1.67849e-006,,,,,,
-7.21752e-006,1.84634e-006,,,,,,
-5.70687e-006,-7.55322e-006,,,,,,
-1.12459e-005,-1.02388e-005,,,,,,
-1.59457e-005,-4.19623e-006,,,,,,
-1.49386e-005,-2.85344e-006,,,,,,
-1.64492e-005,-4.69978e-006,,,,,,
-1.35958e-005,-8.56031e-006,,,,,,
-1.15816e-005,-1.02388e-005,,,,,,
-1.69528e-005,-4.19623e-006,,,,,,
-1.62814e-005,7.21752e-006,,,,,,
-1.19173e-005,-8.22461e-006,,,,,,
-1.09102e-005,-1.94705e-005,,,,,,
-9.23171e-006,-1.30922e-005,,,,,,
-7.88891e-006,-1.00710e-005,,,,,,
-1.19173e-005,-7.38537e-006,,,,,,
-1.25887e-005,-6.37827e-006,,,,,,
-1.29244e-005,-5.87472e-006,,,,,,
-1.42672e-005,-1.19173e-005,,,,,,
-1.59457e-005,-1.12459e-005,,,,,,
-1.61135e-005,-8.22461e-006,,,,,,
-1.62814e-005,-4.53193e-006,,,,,,
-1.44350e-005,-5.03548e-006,,,,,,
-8.72816e-006,-9.23171e-006,,,,,,
-1.32601e-005,-1.25887e-005,,,,,,
-1.54421e-005,-8.22461e-006,,,,,,
-1.22530e-005,-7.72107e-006,,,,,,
-1.25887e-005,-6.88182e-006,,,,,,
-1.52743e-005,-3.35698e-007,,,,,,
-1.72885e-005,7.21752e-006,,,,,,
-1.42672e-005,-1.51064e-006,,,,,,
-8.89601e-006,-1.49386e-005,,,,,,
-1.10781e-005,-7.55322e-006,,,,,,
-1.05745e-005,-5.87472e-006,,,,,,
-1.12459e-005,-7.72107e-006,,,,,,
-1.59457e-005,-3.35698e-006,,,,,,
-1.59457e-005,1.51064e-005,,,,,,
-2.09812e-005,2.31632e-005,,,,,,
-1.69528e-005,1.56100e-005,,,,,,
-1.25887e-005,8.72816e-006,,,,,,
-1.30922e-005,9.90310e-006,,,,,,
-1.09102e-005,1.32601e-005,,,,,,
-9.56741e-006,1.19173e-005,,,,,,
-1.25887e-005,9.56741e-006,,,,,,
-1.09102e-005,7.55322e-006,,,,,,
-9.23171e-006,8.56031e-006,,,,,,
-1.30922e-005,8.39246e-006,,,,,,
-1.93027e-005,6.21042e-006,,,,,,
-1.52743e-005,4.19623e-006,,,,,,
-1.52743e-005,8.39246e-007,,,,,,
-2.19883e-005,5.20333e-006,,,,,,
-1.71206e-005,4.19623e-006,,,,,,
-1.10781e-005,-1.14137e-005,,,,,,
-1.15816e-005,-3.69268e-006,,,,,,
-1.35958e-005,7.55322e-006,,,,,,
-1.62814e-005,1.19173e-005,,,,,,
-1.82956e-005,1.25887e-005,,,,,,
-1.93027e-005,4.86763e-006,,,,,,
-1.72885e-005,1.84634e-006,,,,,,
-1.42672e-005,-2.01419e-006,,,,,,
-1.42672e-005,-4.19623e-006,,,,,,
-1.34279e-005,-3.35698e-006,,,,,,
-1.35958e-005,-7.72107e-006,,,,,,
-1.46029e-005,-8.22461e-006,,,,,,
-1.35958e-005,-8.89601e-006,,,,,,
-1.15816e-005,-1.02388e-005,,,,,,
-7.21752e-006,-1.39315e-005,,,,,,
-4.36408e-006,-1.79599e-005,,,,,,
-1.42672e-005,-1.04067e-005,,,,,,
-1.84634e-005,-1.44350e-005,,,,,,
-1.93027e-005,-1.51064e-005,,,,,,
-1.62814e-005,-1.39315e-005,,,,,,
-1.12459e-005,-1.15816e-005,,,,,,
-1.67849e-005,-1.66171e-005,,,,,,
-1.76242e-005,-2.04776e-005,,,,,,
-1.40993e-005,-1.62814e-005,,,,,,
-7.21752e-006,-1.51064e-005,,,,,,
-5.53903e-006,-1.93027e-005,,,,,,
-5.87472e-006,-2.11490e-005,,,,,,
-1.62814e-005,-1.89670e-005,,,,,,
-2.70237e-005,-1.89670e-005,,,,,,
-3.05486e-005,-1.24208e-005,,,,,,
-2.56809e-005,-1.57778e-005,,,,,,
-1.22530e-005,-1.27565e-005,,,,,,
-9.90310e-006,-1.35958e-005,,,,,,
-1.22530e-005,-1.56100e-005,,,,,,
-8.72816e-006,-1.10781e-005,,,,,,
-1.84634e-006,-6.54612e-006,,,,,,
-5.53903e-006,-7.21752e-006,,,,,,
-1.62814e-005,-3.86053e-006,,,,,,
-2.61845e-005,-5.53903e-006,,,,,,
-2.76951e-005,-7.55322e-006,,,,,,
-2.06455e-005,-1.05745e-005,,,,,,
-1.62814e-005,-1.22530e-005,,,,,,
-1.62814e-005,-7.21752e-006,,,,,,
-1.56100e-005,-4.19623e-006,,,,,,
-1.34279e-005,-7.55322e-006,,,,,,
-1.27565e-005,-8.89601e-006,,,,,,
-1.20851e-005,-8.22461e-006,,,,,,
-1.09102e-005,-3.35698e-006,,,,,,
-1.27565e-005,-5.03548e-007,,,,,,
-1.29244e-005,1.84634e-006,,,,,,
-1.66171e-005,3.52483e-006,,,,,,
-2.19883e-005,5.20333e-006,,,,,,
-1.64492e-005,1.17494e-006,,,,,,
-1.56100e-005,-3.18914e-006,,,,,,
-1.72885e-005,-3.35698e-007,,,,,,
-1.46029e-005,-8.39246e-007,,,,,,
-1.30922e-005,-1.51064e-006,,,,,,
-1.09102e-005,1.51064e-006,,,,,,
-1.24208e-005,7.55322e-006,,,,,,
-1.17494e-005,1.84634e-006,,,,,,
-8.89601e-006,-3.52483e-006,,,,,,
-9.56741e-006,1.51064e-006,,,,,,
-7.72107e-006,2.85344e-006,,,,,,
-8.89601e-006,6.54612e-006,,,,,,
-1.14137e-005,7.21752e-006,,,,,,
-1.29244e-005,7.38537e-006,,,,,,
-1.35958e-005,8.72816e-006,,,,,,
-1.37636e-005,1.04067e-005,,,,,,
-1.22530e-005,1.25887e-005,,,,,,
-7.72107e-006,-1.17494e-006,,,,,,
-9.56741e-006,-4.69978e-006,,,,,,
-1.32601e-005,3.86053e-006,,,,,,
-1.24208e-005,6.54612e-006,,,,,,
-1.27565e-005,4.53193e-006,,,,,,
-1.39315e-005,9.90310e-006,,,,,,
-1.00710e-005,1.12459e-005,,,,,,
-9.73526e-006,1.35958e-005,,,,,,
-1.40993e-005,1.30922e-005,,,,,,
-9.90310e-006,2.68559e-006,,,,,,
-7.72107e-006,-4.86763e-006,,,,,,
-7.72107e-006,-4.53193e-006,,,,,,
-1.42672e-005,-3.52483e-006,,,,,,
-1.62814e-005,-6.54612e-006,,,,,,
-1.49386e-005,-6.04257e-006,,,,,,
-1.72885e-005,-5.53903e-006,,,,,,
-1.74563e-005,-1.07424e-005,,,,,,
-1.54421e-005,-1.15816e-005,,,,,,
-1.76242e-005,-9.56741e-006,,,,,,
-1.81277e-005,-9.56741e-006,,,,,,
-1.81277e-005,-4.36408e-006,,,,,,
-2.03098e-005,-3.02129e-006,,,,,,
-1.62814e-005,-6.71397e-006,,,,,,
-1.56100e-005,-4.19623e-006,,,,,,
-1.77920e-005,-2.51774e-006,,,,,,
-1.59457e-005,-7.55322e-006,,,,,,
-1.49386e-005,-5.53903e-006,,,,,,
-1.32601e-005,-8.56031e-006,,,,,,
-1.49386e-005,-9.56741e-006,,,,,,
-1.49386e-005,-9.56741e-006,,,,,,
-9.56741e-006,-1.04067e-005,,,,,,
-1.42672e-005,-6.88182e-006,,,,,,
-1.72885e-005,-4.19623e-006,,,,,,
-1.69528e-005,-1.09102e-005,,,,,,
-1.25887e-005,-1.56100e-005,,,,,,
-7.21752e-006,-1.27565e-005,,,,,,
-1.19173e-005,-7.88891e-006,,,,,,
-1.99741e-005,-6.88182e-006,,,,,,
-1.99741e-005,-6.21042e-006,,,,,,
-2.06455e-005,-8.39246e-006,,,,,,
-1.79599e-005,-7.55322e-006,,,,,,
-1.69528e-005,-6.88182e-006,,,,,,
-1.79599e-005,-5.87472e-006,,,,,,
-1.62814e-005,-2.85344e-006,,,,,,
-1.98062e-005,-6.21042e-006,,,,,,
-2.13169e-005,-7.04967e-006,,,,,,
-1.86313e-005,-8.72816e-006,,,,,,
-1.69528e-005,-6.54612e-006,,,,,,
-1.82956e-005,-2.85344e-006,,,,,,
-1.69528e-005,-4.19623e-006,,,,,,
-1.22530e-005,-2.51774e-006,,,,,,
-1.25887e-005,-3.69268e-006,,,,,,
-1.10781e-005,-3.52483e-006,,,,,,
-8.89601e-006,-3.02129e-006,,,,,,
-6.37827e-006,3.35698e-007,,,,,,
-2.18204e-006,1.00710e-006,,,,,,
0.00000e+000,3.35698e-007,,,,,,
-2.34989e-006,-1.17494e-006,,,,,,
8.39246e-007,-3.86053e-006,,,,,,
7.04967e-006,-7.21752e-006,,,,,,
-8.22461e-006,-9.56741e-006,,,,,,
-2.93736e-005,-1.17494e-006,,,,,,
-4.54871e-005,4.19623e-006,,,,,,
-4.38087e-005,4.69978e-006,,,,,,
-3.28984e-005,-1.17494e-006,,,,,,
-2.66880e-005,-1.67849e-007,,,,,,
-2.13169e-005,3.35698e-007,,,,,,
-1.67849e-005,5.03548e-007,,,,,,
-1.89670e-005,3.69268e-006,,,,,,
-1.79599e-005,1.17494e-006,,,,,,
-1.30922e-005,-1.67849e-007,,,,,,
-1.34279e-005,3.35698e-007,,,,,,
-1.24208e-005,5.03548e-007,,,,,,
-1.05745e-005,-3.35698e-007,,,,,,
-7.72107e-006,-1.67849e-006,,,,,,
-6.54612e-006,-6.21042e-006,,,,,,
-7.55322e-006,-1.15816e-005,,,,,,
-5.87472e-006,-7.88891e-006,,,,,,
-7.88891e-006,-1.20851e-005,,,,,,
-8.22461e-006,-9.23171e-006,,,,,,
-8.22461e-006,-4.86763e-006,,,,,,
-2.51774e-006,-7.55322e-006,,,,,,
-3.52483e-006,-9.06386e-006,,,,,,
-6.21042e-006,-4.86763e-006,,,,,,
-1.09102e-005,-8.56031e-006,,,,,,
-1.62814e-005,-9.56741e-006,,,,,,
-1.62814e-005,1.84634e-006,,,,,,
-1.32601e-005,-5.03548e-007,,,,,,
-3.81018e-005,-1.42672e-005,,,,,,
-8.07355e-005,-8.56031e-006,,,,,,
-8.42603e-005,1.17494e-006,,,,,,
-6.19364e-005,5.03548e-007,,,,,,
-4.46479e-005,2.01419e-006,,,,,,
-1.56100e-005,6.54612e-006,,,,,,
3.77661e-005,9.06386e-006,,,,,,
9.24849e-005,1.15816e-005,,,,,,
8.54353e-005,8.39246e-006,,,,,,
4.31373e-005,1.51064e-005,,,,,,
1.86313e-005,5.20333e-006,,,,,,
9.90310e-006,-5.70687e-006,,,,,,
5.87472e-006,-5.03548e-007,,,,,,
7.04967e-006,-5.03548e-007,,,,,,
-1.51064e-006,3.86053e-006,,,,,,
-7.55322e-006,6.71397e-006,,,,,,
-1.35958e-005,2.85344e-006,,,,,,
-1.62814e-005,3.52483e-006,,,,,,
-1.93027e-005,4.53193e-006,,,,,,
-2.50095e-005,2.51774e-006,,,,,,
-3.10521e-005,3.02129e-006,,,,,,
-3.47448e-005,4.53193e-006,,,,,,
-3.32342e-005,3.02129e-006,,,,,,
-2.90379e-005,3.02129e-006,,,,,,
-2.56809e-005,1.84634e-006,,,,,,
-2.68559e-005,1.17494e-006,,,,,,
-2.29953e-005,-8.39246e-007,,,,,,
-2.36667e-005,-1.17494e-006,,,,,,
-2.83665e-005,-2.85344e-006,,,,,,
-3.03807e-005,-7.04967e-006,,,,,,
-2.26596e-005,-3.52483e-006,,,,,,
-1.79599e-005,1.34279e-006,,,,,,
-1.72885e-005,-2.34989e-006,,,,,,
-1.66171e-005,-4.19623e-006,,,,,,
-1.93027e-005,-3.86053e-006,,,,,,
-1.84634e-005,-4.53193e-006,,,,,,
-1.82956e-005,-3.18914e-006,,,,,,
-1.96384e-005,-7.21752e-006,,,,,,
-2.29953e-005,-7.72107e-006,,,,,,
-1.99741e-005,-3.02129e-006,,,,,,
-1.66171e-005,-1.42672e-005,,,,,,
-1.71206e-005,-1.35958e-005,,,,,,
-1.57778e-005,-9.23171e-006,,,,,,
-1.42672e-005,-1.29244e-005,,,,,,
-1.09102e-005,-1.25887e-005,,,,,,
-9.06386e-006,-1.27565e-005,,,,,,
-1.32601e-005,-1.34279e-005,,,,,,
-1.72885e-005,-1.49386e-005,,,,,,
-1.86313e-005,-1.57778e-005,,,,,,
-1.64492e-005,-1.52743e-005,,,,,,
-1.82956e-005,-9.56741e-006,,,,,,
-1.82956e-005,-1.39315e-005,,,,,,
-1.62814e-005,-1.79599e-005,,,,,,
-1.98062e-005,-1.22530e-005,,,,,,
-2.97093e-005,-5.87472e-006,,,,,,
-3.67590e-005,-6.37827e-006,,,,,,
-4.04517e-005,-5.87472e-006,,,,,,
-3.39055e-005,-5.03548e-007,,,,,,
-2.83665e-005,9.23171e-006,,,,,,
-1.35958e-005,-3.18914e-006,,,,,,
1.32601e-005,-1.25887e-005,,,,,,
1.52743e-005,-1.15816e-005,,,,,,
3.72625e-005,-7.88891e-006,,,,,,
5.22011e-005,-1.19173e-005,,,,,,
3.87732e-005,-1.76242e-005,,,,,,
3.47448e-005,-1.79599e-005,,,,,,
4.46479e-005,-1.42672e-005,,,,,,
3.00450e-005,-1.17494e-005,,,,,,
-2.50095e-005,-5.87472e-006,,,,,,
-5.45510e-005,-4.53193e-006,,,,,,
-4.91798e-005,-3.52483e-006,,,,,,
-5.85794e-005,-2.85344e-006,,,,,,
-7.31823e-005,2.85344e-006,,,,,,
-5.67330e-005,2.18204e-006,,,,,,
-4.38087e-005,-1.51064e-006,,,,,,
-4.04517e-005,-3.86053e-006,,,,,,
-3.54162e-005,-9.06386e-006,,,,,,
-3.10521e-005,-9.39956e-006,,,,,,
-2.40024e-005,-5.03548e-007,,,,,,
-1.46029e-005,-1.05745e-005,,,,,,
-3.69268e-006,-1.77920e-005,,,,,,
-1.04067e-005,-8.89601e-006,,,,,,
-2.04776e-005,-3.86053e-006,,,,,,
-1.79599e-005,-2.51774e-006,,,,,,
-3.35698e-006,1.34279e-006,,,,,,
1.40993e-005,-8.39246e-007,,,,,,
2.13169e-005,-8.39246e-006,,,,,,
6.71397e-006,-1.15816e-005,,,,,,
-2.66880e-005,-5.87472e-006,,,,,,
-4.98512e-005,-1.51064e-006,,,,,,
-2.87022e-005,-4.53193e-006,,,,,,
-2.56809e-005,-3.52483e-006,,,,,,
-1.66171e-005,-8.39246e-007,,,,,,
2.50095e-005,-2.18204e-006,,,,,,
4.75013e-005,1.34279e-006,,,,,,
4.43122e-005,1.67849e-007,,,,,,
4.81727e-005,-2.85344e-006,,,,,,
6.29435e-005,-1.51064e-006,,,,,,
5.43832e-005,1.00710e-006,,,,,,
3.86053e-006,8.22461e-006,,,,,,
-1.02388e-004,7.21752e-006,,,,,,
-1.41497e-004,6.88182e-006,,,,,,
-9.38277e-005,7.88891e-006,,,,,,
-3.07164e-005,3.86053e-006,,,,,,
-1.40993e-005,8.39246e-007,,,,,,
-2.46738e-005,-2.68559e-006,,,,,,
-3.91089e-005,-6.88182e-006,,,,,,
-4.14588e-005,1.00710e-006,,,,,,
-3.32342e-005,5.70687e-006,,,,,,
-2.29953e-005,-1.17494e-006,,,,,,
-3.17235e-005,-2.85344e-006,,,,,,
-2.76951e-005,3.86053e-006,,,,,,
7.88891e-006,5.20333e-006,,,,,,
1.02388e-005,-2.85344e-006,,,,,,
-1.84634e-006,1.84634e-006,,,,,,
-6.04257e-006,1.84634e-006,,,,,,
-4.86763e-006,-2.18204e-006,,,,,,
-5.53903e-006,3.86053e-006,,,,,,
-9.06386e-006,1.25887e-005,,,,,,
-6.88182e-006,1.17494e-006,,,,,,
-1.15816e-005,-1.67849e-006,,,,,,
-4.19623e-006,2.51774e-006,,,,,,
9.06386e-006,5.37118e-006,,,,,,
8.72816e-006,4.02838e-006,,,,,,
-1.67849e-007,8.39246e-007,,,,,,
-5.03548e-007,1.67849e-007,,,,,,
-1.17494e-006,-6.37827e-006,,,,,,
-1.62814e-005,-7.88891e-006,,,,,,
-2.23239e-005,-5.37118e-006,,,,,,
-1.99741e-005,-2.85344e-006,,,,,,
-1.56100e-005,-2.51774e-006,,,,,,
-1.64492e-005,-3.69268e-006,,,,,,
-3.18914e-006,-4.19623e-006,,,,,,
4.36408e-006,-1.67849e-006,,,,,,
-1.02388e-005,1.67849e-007,,,,,,
-7.72107e-006,-8.39246e-007,,,,,,
-5.53903e-006,3.86053e-006,,,,,,
-1.79599e-005,1.17494e-006,,,,,,
-2.51774e-005,-5.03548e-007,,,,,,
-2.70237e-005,-1.51064e-006,,,,,,
-2.63523e-005,-1.51064e-006,,,,,,
-2.29953e-005,-7.72107e-006,,,,,,
-2.04776e-005,-1.17494e-005,,,,,,
-2.06455e-005,-7.38537e-006,,,,,,
-2.36667e-005,-2.51774e-006,,,,,,
-2.50095e-005,-8.39246e-007,,,,,,
-2.09812e-005,1.84634e-006,,,,,,
-1.56100e-005,-2.85344e-006,,,,,,
-5.37118e-006,-1.02388e-005,,,,,,
7.04967e-006,-3.52483e-006,,,,,,
2.23239e-005,-3.02129e-006,,,,,,
6.29435e-005,-2.01419e-006,,,,,,
1.35454e-004,-8.39246e-007,,,,,,
9.65133e-005,-1.51064e-006,,,,,,
-8.22461e-006,-6.21042e-006,,,,,,
-2.04776e-005,-6.54612e-006,,,,,,
-3.17235e-005,-1.51064e-006,,,,,,
-1.05241e-004,1.17494e-006,,,,,,
-1.95880e-004,5.03548e-006,,,,,,
-1.84131e-004,8.89601e-006,,,,,,
-1.22866e-004,6.54612e-006,,,,,,
-7.83856e-005,1.17494e-006,,,,,,
-5.25368e-005,-1.67849e-007,,,,,,
-4.51514e-005,3.18914e-006,,,,,,
-4.22980e-005,1.15816e-005,,,,,,
-2.65202e-005,1.29244e-005,,,,,,
-9.06386e-006,1.84634e-006,,,,,,
-2.85344e-006,-2.51774e-006,,,,,,
5.03548e-007,-2.18204e-006,,,,,,
6.88182e-006,-2.51774e-006,,,,,,
9.23171e-006,1.67849e-006,,,,,,
1.19173e-005,3.18914e-006,,,,,,
1.67849e-005,4.19623e-006,,,,,,
3.49126e-005,6.37827e-006,,,,,,
4.85084e-005,5.03548e-007,,,,,,
4.51514e-005,-7.04967e-006,,,,,,
2.90379e-005,-6.04257e-006,,,,,,
-7.88891e-006,-6.54612e-006,,,,,,
-5.11940e-005,-7.55322e-006,,,,,,
-4.34730e-005,-8.56031e-006,,,,,,
-1.98062e-005,-4.53193e-006,,,,,,
-1.25887e-005,3.35698e-007,,,,,,
-8.89601e-006,-1.00710e-006,,,,,,
-3.52483e-006,-6.88182e-006,,,,,,
-3.02129e-006,-4.36408e-006,,,,,,
2.51774e-006,-5.53903e-006,,,,,,
2.51774e-006,-8.89601e-006,,,,,,
0.00000e+000,-9.56741e-006,,,,,,
-8.39246e-007,-1.12459e-005,,,,,,
-7.55322e-006,-8.22461e-006,,,,,,
-1.12459e-005,-1.05745e-005,,,,,,
-1.19173e-005,-4.86763e-006,,,,,,
1.00710e-006,2.85344e-006,,,,,,
-2.85344e-006,1.00710e-006,,,,,,
-3.86053e-006,-6.21042e-006,,,,,,
-3.18914e-006,-9.23171e-006,,,,,,
-1.25887e-005,-6.88182e-006,,,,,,
-3.52483e-005,-6.88182e-006,,,,,,
-5.52224e-005,-7.21752e-006,,,,,,
-4.85084e-005,-5.70687e-006,,,,,,
-3.23949e-005,-8.56031e-006,,,,,,
-2.33310e-005,-6.21042e-006,,,,,,
-7.38537e-006,-6.21042e-006,,,,,,
1.10781e-005,-5.87472e-006,,,,,,
3.39055e-005,-8.39246e-006,,,,,,
3.81018e-005,-9.56741e-006,,,,,,
1.27565e-005,-9.23171e-006,,,,,,
-9.56741e-006,-1.09102e-005,,,,,,
-2.36667e-005,-1.07424e-005,,,,,,
-3.44091e-005,-1.84634e-006,,,,,,
-4.01160e-005,4.53193e-006,,,,,,
-2.48417e-005,4.36408e-006,,,,,,
-8.22461e-006,-3.18914e-006,,,,,,
-2.34989e-006,-5.20333e-006,,,,,,
1.09102e-005,-8.39246e-007,,,,,,
1.09102e-005,-1.17494e-006,,,,,,
9.90310e-006,1.05745e-005,,,,,,
1.00710e-005,5.03548e-007,,,,,,
-4.31373e-005,-1.62814e-005,,,,,,
-8.94636e-005,-7.55322e-006,,,,,,
-6.41184e-005,8.39246e-007,,,,,,
-4.17945e-005,5.20333e-006,,,,,,
-3.12200e-005,5.70687e-006,,,,,,
-2.23239e-005,-5.03548e-007,,,,,,
-1.96384e-005,-4.53193e-006,,,,,,
-1.66171e-005,2.01419e-006,,,,,,
-1.49386e-005,5.03548e-007,,,,,,
-1.09102e-005,-3.18914e-006,,,,,,
-1.30922e-005,-6.21042e-006,,,,,,
-1.76242e-005,8.39246e-007,,,,,,
-1.56100e-005,-1.67849e-007,,,,,,
-1.29244e-005,-1.67849e-007,,,,,,
-1.05745e-005,3.35698e-007,,,,,,
5.03548e-007,-5.87472e-006,,,,,,
3.60876e-005,-7.55322e-006,,,,,,
5.38796e-005,-2.19883e-005,,,,,,
4.66621e-005,-2.56809e-005,,,,,,
2.95415e-005,-1.77920e-005,,,,,,
-4.53193e-006,-8.56031e-006,,,,,,
-7.67071e-005,-5.03548e-007,,,,,,
-1.16991e-004,-6.88182e-006,,,,,,
-8.69459e-005,-3.32342e-005,,,,,,
-4.85084e-005,-1.66171e-005,,,,,,
-1.32601e-005,6.61326e-005,,,,,,
2.31632e-005,6.05936e-005,,,,,,
-4.53193e-006,9.06386e-006,,,,,,
-2.83665e-005,7.55322e-006,,,,,,
-1.84634e-005,-8.89601e-006,,,,,,
-2.46738e-005,-1.99741e-005,,,,,,
-2.56809e-005,8.05676e-006,,,,,,
5.70687e-006,5.74044e-005,,,,,,
6.93217e-005,4.21302e-005,,,,,,
1.15145e-004,9.56741e-006,,,,,,
9.60098e-005,-7.55322e-006,,,,,,
7.04967e-005,-4.81727e-005,,,,,,
2.70237e-005,-5.05226e-005,,,,,,
-6.54612e-005,2.34989e-006,,,,,,
-2.07294e-004,4.71656e-005,,,,,,
-1.76745e-004,8.40925e-005,,,,,,
-9.68490e-005,5.79080e-005,,,,,,
-1.67849e-005,-1.17494e-006,,,,,,
4.36408e-005,-5.23690e-005,,,,,,
9.23171e-006,-2.60166e-005,,,,,,
-6.04257e-005,-1.24208e-005,,,,,,
-1.11620e-004,-9.56741e-006,,,,,,
-9.75204e-005,2.53452e-005,,,,,,
-6.41184e-005,3.97803e-005,,,,,,
-4.58228e-005,1.51064e-005,,,,,,
-3.18914e-005,-2.63523e-005,,,,,,
-9.23171e-006,-4.64942e-005,,,,,,
1.46029e-005,-4.44800e-005,,,,,,
2.04776e-005,-5.11940e-005,,,,,,
1.66171e-005,-7.01610e-005,,,,,,
1.12459e-005,-7.23430e-005,,,,,,
1.05745e-005,-8.74495e-005,,,,,,
1.10781e-005,-8.94636e-005,,,,,,
1.19173e-005,5.03548e-006,,,,,,
1.22530e-005,9.38277e-005,,,,,,
1.19173e-005,6.56291e-005,,,,,,
1.19173e-005,2.19883e-005,,,,,,
7.88891e-006,1.84634e-005,,,,,,
6.21042e-006,1.76242e-005,,,,,,
3.52483e-006,1.05745e-005,,,,,,
1.42672e-005,3.86053e-006,,,,,,
3.94446e-005,-2.51774e-006,,,,,,
2.90379e-005,-5.20333e-006,,,,,,
8.56031e-006,-5.53903e-006,,,,,,
-1.05745e-005,-5.53903e-006,,,,,,
-2.81987e-005,-2.51774e-006,,,,,,
-4.44800e-005,1.00710e-006,,,,,,
-4.29694e-005,-5.53903e-006,,,,,,
-2.66880e-005,-1.22530e-005,,,,,,
-1.37636e-005,-1.02388e-005,,,,,,
-5.70687e-006,-6.39506e-005,,,,,,
3.35698e-007,-7.77142e-005,,,,,,
1.84634e-006,-2.83665e-005,,,,,,
-7.21752e-006,8.22461e-006,,,,,,
-1.96384e-005,2.98772e-005,,,,,,
-2.38346e-005,-2.34989e-006,,,,,,
-1.89670e-005,-2.80308e-005,,,,,,
-9.90310e-006,3.07164e-005,,,,,,
-1.51064e-006,1.32937e-004,,,,,,
1.49386e-005,9.98703e-005,,,,,,
3.65911e-005,5.62295e-005,,,,,,
1.81277e-005,6.79789e-005,,,,,,
-1.24208e-005,6.99931e-005,,,,,,
-4.85084e-005,6.78111e-005,,,,,,
-1.28405e-004,5.35439e-005,,,,,,
-1.24041e-004,1.49386e-005,,,,,,
-6.46220e-005,-6.36149e-005,,,,,,
-3.87732e-005,-1.47204e-004,,,,,,
-2.75273e-005,-1.53079e-004,,,,,,
-1.10781e-005,-5.45510e-005,,,,,,
-4.86763e-006,7.62036e-005,,,,,,
-7.21752e-006,8.39246e-005,,,,,,
-8.22461e-006,-1.84634e-006,,,,,,
-1.35958e-005,-4.66621e-005,,,,,,
-2.28275e-005,-5.65652e-005,,,,,,
-1.52743e-005,-3.25628e-005,,,,,,
8.39246e-007,-4.53193e-006,,,,,,
5.87472e-006,3.64233e-005,,,,,,
9.90310e-006,-2.85344e-006,,,,,,
1.66171e-005,-3.50805e-005,,,,,,
3.52483e-006,1.04067e-005,,,,,,
-3.03807e-005,9.23171e-006,,,,,,
-2.53452e-005,-2.29953e-005,,,,,,
-1.42672e-005,-3.84375e-005,,,,,,
-1.37636e-005,-3.13878e-005,,,,,,
-1.00710e-005,-2.04776e-005,,,,,,
-1.09102e-005,-2.06455e-005,,,,,,
-1.10781e-005,-1.93027e-005,,,,,,
-4.19623e-006,-1.79599e-005,,,,,,
-1.51064e-006,-1.86313e-005,,,,,,
-1.67849e-007,-9.23171e-006,,,,,,
5.87472e-006,3.86053e-006,,,,,,
9.90310e-006,7.88891e-006,,,,,,
1.51064e-006,-2.34989e-006,,,,,,
-1.49386e-005,-8.89601e-006,,,,,,
-2.60166e-005,-3.52483e-006,,,,,,
-2.71916e-005,5.20333e-006,,,,,,
-3.10521e-005,4.69978e-006,,,,,,
-2.53452e-005,2.85344e-006,,,,,,
-2.85344e-006,-3.18914e-006,,,,,,
2.53452e-005,-6.71397e-006,,,,,,
2.78630e-005,-3.18914e-006,,,,,,
1.79599e-005,1.51064e-006,,,,,,
-2.76951e-005,1.17494e-006,,,,,,
-8.17426e-005,-3.35698e-006,,,,,,
-5.92508e-005,-3.35698e-006,,,,,,
-1.40993e-005,-6.37827e-006,,,,,,
3.69268e-006,-2.18204e-006,,,,,,
8.89601e-006,1.67849e-007,,,,,,
1.42672e-005,-2.18204e-006,,,,,,
-2.56809e-005,-3.02129e-006,,,,,,
-5.35439e-005,1.17494e-006,,,,,,
-2.66880e-005,-1.10781e-005,,,,,,
-3.52483e-006,-9.90310e-006,,,,,,
-1.17494e-005,-8.56031e-006,,,,,,
-4.44800e-005,-1.57778e-005,,,,,,
-4.95155e-005,-1.32601e-005,,,,,,
-5.11940e-005,-8.39246e-007,,,,,,
-4.44800e-005,-1.67849e-007,,,,,,
-9.06386e-006,-5.70687e-006,,,,,,
-1.79599e-005,-2.34989e-006,,,,,,
-3.12200e-005,1.84634e-006,,,,,,
-3.64233e-005,-6.04257e-006,,,,,,
-2.09812e-005,-1.84634e-006,,,,,,
1.12459e-005,3.86053e-006,,,,,,
6.83146e-005,4.53193e-006,,,,,,
8.24140e-005,6.54612e-006,,,,,,
4.59907e-005,-1.00710e-006,,,,,,
5.87472e-006,-8.22461e-006,,,,,,
-2.23239e-005,-2.51774e-006,,,,,,
1.00710e-006,-1.67849e-006,,,,,,
1.81277e-005,-1.51064e-006,,,,,,
-4.19623e-006,-3.35698e-007,,,,,,
-4.21302e-005,-3.02129e-006,,,,,,
-9.14778e-005,-5.53903e-006,,,,,,
-9.41634e-005,-1.15816e-005,,,,,,
-6.91539e-005,-1.71206e-005,,,,,,
-4.54871e-005,-5.53903e-006,,,,,,
-2.43381e-005,-1.51064e-006,,,,,,
-1.25887e-005,-1.15816e-005,,,,,,
-1.19173e-005,-1.86313e-005,,,,,,
-6.21042e-006,-8.05676e-006,,,,,,
-6.88182e-006,6.37827e-006,,,,,,
-1.84634e-005,8.56031e-006,,,,,,
-1.72885e-005,1.25887e-005,,,,,,
-1.02388e-005,2.66880e-005,,,,,,
-8.89601e-006,2.36667e-005,,,,,,
-3.18914e-006,1.51064e-006,,,,,,
-2.85344e-006,-1.17494e-005,,,,,,
3.18914e-006,-1.54421e-005,,,,,,
1.62814e-005,-8.22461e-006,,,,,,
1.19173e-005,1.17494e-006,,,,,,
5.20333e-006,-4.19623e-006,,,,,,
-4.53193e-006,-2.51774e-006,,,,,,
-1.94705e-005,-5.70687e-006,,,,,,
-4.38087e-005,-1.59457e-005,,,,,,
-3.87732e-005,-1.10781e-005,,,,,,
-1.99741e-005,5.53903e-006,,,,,,
5.03548e-007,2.53452e-005,,,,,,
1.67849e-007,3.23949e-005,,,,,,
-6.88182e-006,5.70687e-006,,,,,,
-3.02129e-006,-1.62814e-005,,,,,,
-7.55322e-006,-3.35698e-006,,,,,,
-2.19883e-005,2.09812e-005,,,,,,
-3.92767e-005,4.28016e-005,,,,,,
-4.90120e-005,1.79599e-005,,,,,,
-3.70947e-005,-6.46220e-005,,,,,,
-2.06455e-005,-8.79530e-005,,,,,,
2.46738e-005,-3.65911e-005,,,,,,
6.76432e-005,-1.42672e-005,,,,,,
4.61585e-005,-1.20851e-005,,,,,,
3.20592e-005,-5.32082e-005,,,,,,
-2.51774e-005,-8.09033e-005,,,,,,
-1.17159e-004,-5.27047e-005,,,,,,
-9.81918e-005,4.31373e-005,,,,,,
-4.36408e-005,1.02388e-004,,,,,,
-8.39246e-007,8.34211e-005,,,,,,
9.39956e-006,5.22011e-005,,,,,,
1.40993e-005,2.08133e-005,,,,,,
-2.18204e-006,3.79339e-005,,,,,,
-2.75273e-005,3.10521e-005,,,,,,
-1.89670e-005,3.52483e-006,,,,,,
-1.64492e-005,-8.89601e-006,,,,,,
-5.42153e-005,-1.76242e-005,,,,,,
-4.91798e-005,-2.24918e-005,,,,,,
-2.66880e-005,-3.57519e-005,,,,,,
-6.37827e-006,-2.36667e-005,,,,,,
1.87991e-005,3.45769e-005,,,,,,
2.16526e-005,4.28016e-005,,,,,,
1.32601e-005,1.17494e-005,,,,,,
1.24208e-005,-1.51064e-006,,,,,,
-2.33310e-005,-1.35958e-005,,,,,,
-5.03548e-005,-1.93027e-005,,,,,,
-1.57778e-005,-1.30922e-005,,,,,,
-4.86763e-006,-4.19623e-006,,,,,,
-3.18914e-006,-8.22461e-006,,,,,,
1.17494e-006,-1.84634e-005,,,,,,
-2.06455e-005,3.86053e-006,,,,,,
-4.63264e-005,2.51774e-006,,,,,,
-2.16526e-005,-1.49386e-005,,,,,,
-1.32601e-005,-1.82956e-005,,,,,,
-2.09812e-005,-1.51064e-005,,,,,,
-2.23239e-005,-1.22530e-005,,,,,,
-1.32601e-005,-8.56031e-006,,,,,,
-8.89601e-006,-8.22461e-006,,,,,,
-9.23171e-006,-8.22461e-006,,,,,,
-9.56741e-006,-1.05745e-005,,,,,,
-1.15816e-005,-1.62814e-005,,,,,,
-1.30922e-005,-1.54421e-005,,,,,,
-1.32601e-005,-2.38346e-005,,,,,,
-4.19623e-006,-3.92767e-005,,,,,,
-1.17494e-006,-4.91798e-005,,,,,,
-1.07424e-005,-3.17235e-005,,,,,,
-1.00710e-005,1.99741e-005,,,,,,
-8.89601e-006,5.62295e-005,,,,,,
-2.51774e-006,7.33501e-005,,,,,,
3.39055e-005,5.69009e-005,,,,,,
5.08583e-005,4.04517e-005,,,,,,
4.09552e-005,1.72885e-005,,,,,,
-6.21042e-006,9.06386e-006,,,,,,
-4.93477e-005,8.56031e-006,,,,,,
-9.01350e-005,5.87472e-006,,,,,,
-1.09773e-004,-8.39246e-007,,,,,,
-5.95865e-005,-1.72885e-005,,,,,,
-2.76951e-005,-3.17235e-005,,,,,,
-1.77920e-005,-2.78630e-005,,,,,,
-1.54421e-005,-1.94705e-005,,,,,,
-3.37377e-005,-8.22461e-006,,,,,,
-1.82956e-005,-1.35958e-005,,,,,,
-8.39246e-007,-4.31373e-005,,,,,,
-3.52483e-006,-5.69009e-005,,,,,,
-8.89601e-006,-5.95865e-005,,,,,,
-8.56031e-006,-6.27756e-005,,,,,,
-1.12459e-005,-7.60357e-005,,,,,,
-1.81277e-005,-9.81918e-005,,,,,,
-1.51064e-005,-5.25368e-005,,,,,,
-1.04067e-005,1.19005e-004,,,,,,
-1.12459e-005,1.91516e-004,,,,,,
-1.30922e-005,5.58938e-005,,,,,,
-1.10781e-005,-3.69268e-005,,,,,,
-7.21752e-006,-4.48157e-005,,,,,,
4.69978e-006,-2.04776e-005,,,,,,
7.88891e-006,-1.72885e-005,,,,,,
5.03548e-007,-4.95155e-005,,,,,,
-4.53193e-006,-6.46220e-005,,,,,,
-5.53903e-006,-8.22461e-006,,,,,,
-9.23171e-006,6.59647e-005,,,,,,
3.18914e-006,3.81018e-005,,,,,,
2.51774e-005,8.44282e-005,,,,,,
1.56100e-005,1.44183e-004,,,,,,
7.55322e-006,1.54253e-004,,,,,,
6.54612e-006,1.75402e-004,,,,,,
-3.10521e-005,1.03563e-004,,,,,,
-6.56291e-005,7.55322e-006,,,,,,
-2.85344e-006,-1.02892e-004,,,,,,
5.82437e-005,-1.67681e-004,,,,,,
6.32792e-005,-1.14977e-004,,,,,,
1.67849e-005,-4.71656e-005,,,,,,
-1.29076e-004,-3.39055e-005,,,,,,
-1.71542e-004,-3.37377e-005,,,,,,
-1.02220e-004,-3.86053e-005,,,,,,
-5.58938e-005,-3.81018e-005,,,,,,
-3.50805e-005,-2.66880e-005,,,,,,
-2.48417e-005,-2.13169e-005,,,,,,
-1.79599e-005,-2.03098e-005,,,,,,
-4.19623e-006,-1.94705e-005,,,,,,
3.34020e-005,-2.06455e-005,,,,,,
3.57519e-005,-2.48417e-005,,,,,,
1.66171e-005,-3.84375e-005,,,,,,
-8.39246e-007,-1.56100e-005,,,,,,
-1.76242e-005,2.93736e-005,,,,,,
-5.99222e-005,2.46738e-005,,,,,,
-5.42153e-005,1.79599e-005,,,,,,
-2.04776e-005,9.56741e-006,,,,,,
-6.88182e-006,9.90310e-006,,,,,,
-3.52483e-006,6.88182e-006,,,,,,
3.69268e-006,-2.85344e-006,,,,,,
4.69978e-006,-7.21752e-006,,,,,,
3.86053e-006,-6.88182e-006,,,,,,
2.34989e-006,-8.89601e-006,,,,,,
-2.34989e-006,-7.21752e-006,,,,,,
-3.02129e-006,-7.72107e-006,,,,,,
-1.20851e-005,-8.89601e-006,,,,,,
-1.15816e-005,-1.05745e-005,,,,,,
-4.69978e-006,7.72107e-006,,,,,,
-6.88182e-006,1.22530e-005,,,,,,
-8.05676e-006,7.21752e-006,,,,,,
1.00710e-005,6.04257e-006,,,,,,
1.86313e-005,1.46029e-005,,,,,,
3.50805e-005,2.66880e-005,,,,,,
1.05745e-005,2.53452e-005,,,,,,
-4.28016e-005,2.13169e-005,,,,,,
-2.31632e-005,1.93027e-005,,,,,,
-1.15816e-005,3.18914e-006,,,,,,
-1.29244e-005,-2.73594e-005,,,,,,
-2.90379e-005,-3.27306e-005,,,,,,
-5.75723e-005,-3.97803e-005,,,,,,
-3.60876e-005,-9.14778e-005,,,,,,
-2.70237e-005,-1.39483e-004,,,,,,
-2.23239e-005,-1.46532e-004,,,,,,
-1.67849e-005,-9.65133e-005,,,,,,
-1.77920e-005,1.72885e-005,,,,,,
-2.93736e-005,1.27062e-004,,,,,,
-3.23949e-005,9.21492e-005,,,,,,
-1.86313e-005,8.37568e-005,,,,,,
3.03807e-005,9.86954e-005,,,,,,
6.96574e-005,6.09293e-005,,,,,,
7.40215e-005,3.07164e-005,,,,,,
2.40024e-005,-5.03548e-007,,,,,,
-8.07355e-005,3.69268e-005,,,,,,
-1.16823e-004,9.04707e-005,,,,,,
-9.09743e-005,7.68750e-005,,,,,,
-8.24140e-005,5.22011e-005,,,,,,
-5.13619e-005,6.71397e-005,,,,,,
-1.96384e-005,6.64683e-005,,,,,,
8.56031e-006,-2.85344e-006,,,,,,
2.90379e-005,-7.62036e-005,,,,,,
2.29953e-005,-6.88182e-005,,,,,,
-3.35698e-006,-5.37118e-005,,,,,,
-5.72366e-005,-2.70237e-005,,,,,,
-4.38087e-005,3.10521e-005,,,,,,
-1.12459e-005,1.76242e-005,,,,,,
7.04967e-006,-3.40734e-005,,,,,,
8.89601e-006,-5.95865e-005,,,,,,
-1.09102e-005,-6.24399e-005,,,,,,
-2.43381e-005,-6.02579e-005,,,,,,
-2.29953e-005,-4.85084e-005,,,,,,
-2.16526e-005,-1.82956e-005,,,,,,
-1.96384e-005,-8.56031e-006,,,,,,
-1.51064e-005,-1.99741e-005,,,,,,
-1.62814e-005,-8.39246e-006,,,,,,
1.84634e-006,4.75013e-005,,,,,,
1.71206e-005,1.13130e-004,,,,,,
5.20333e-006,-8.56031e-006,,,,,,
1.19173e-005,-1.64157e-004,,,,,,
2.87022e-005,-9.76883e-005,,,,,,
1.24208e-005,-7.41894e-005,,,,,,
1.46029e-005,-8.47639e-005,,,,,,
-2.26596e-005,-5.58938e-005,,,,,,
-6.59647e-005,-3.52483e-005,,,,,,
-6.02579e-005,-1.99741e-005,,,,,,
-6.16007e-005,2.34989e-006,,,,,,
-5.65652e-005,1.66171e-005,,,,,,
-3.87732e-005,-1.67849e-007,,,,,,
-1.91348e-005,-3.18914e-006,,,,,,
-4.19623e-006,6.21042e-006,,,,,,
2.16526e-005,7.21752e-006,,,,,,
4.46479e-005,-2.66880e-005,,,,,,
3.94446e-005,-6.07614e-005,,,,,,
-5.03548e-007,-5.08583e-005,,,,,,
-4.43122e-005,-2.87022e-005,,,,,,
-7.50286e-005,1.37636e-005,,,,,,
-4.29694e-005,5.08583e-005,,,,,,
-2.33310e-005,7.10002e-005,,,,,,
-6.04257e-006,2.50095e-005,,,,,,
7.55322e-006,5.89151e-005,,,,,,
4.86763e-006,1.64324e-004,,,,,,
-1.42672e-005,1.03899e-004,,,,,,
-2.23239e-005,4.34730e-005,,,,,,
-1.69528e-005,4.22980e-005,,,,,,
-1.49386e-005,1.89670e-005,,,,,,
-9.06386e-006,-1.25887e-005,,,,,,
-7.55322e-006,-3.52483e-005,,,,,,
-1.22530e-005,-2.87022e-005,,,,,,
-8.72816e-006,-1.32601e-005,,,,,,
1.27565e-005,-1.05745e-005,,,,,,
1.62814e-005,1.17494e-006,,,,,,
3.86053e-006,2.40024e-005,,,,,,
-1.22530e-005,2.33310e-005,,,,,,
-3.69268e-005,-2.85344e-006,,,,,,
-4.78370e-005,-1.67849e-007,,,,,,
-2.70237e-005,1.14137e-005,,,,,,
-9.90310e-006,-1.35958e-005,,,,,,
-9.73526e-006,-3.40734e-005,,,,,,
-9.06386e-006,-5.70687e-005,,,,,,
-9.56741e-006,-8.09033e-005,,,,,,
-1.22530e-005,-1.12291e-004,,,,,,
-5.87472e-006,-1.35958e-004,,,,,,
1.49386e-005,-8.89601e-005,,,,,,
5.08583e-005,6.36149e-005,,,,,,
5.85794e-005,1.44015e-004,,,,,,
4.71656e-005,5.55581e-005,,,,,,
-2.75273e-005,2.60166e-005,,,,,,
-7.33501e-005,1.15648e-004,,,,,,
-3.82696e-005,1.35286e-004,,,,,,
-2.23239e-005,5.23690e-005,,,,,,
-3.77661e-005,-8.39246e-007,,,,,,
-7.70428e-005,-5.77401e-005,,,,,,
-7.85534e-005,-1.51904e-004,,,,,,
-5.32082e-005,-6.59647e-005,,,,,,
-4.33051e-005,8.10712e-005,,,,,,
-4.04517e-005,7.70428e-005,,,,,,
-2.46738e-005,1.67849e-005,,,,,,
-1.59457e-005,3.86053e-006,,,,,,
-9.90310e-006,-2.97093e-005,,,,,,
-1.15816e-005,-4.26337e-005,,,,,,
-1.56100e-005,-5.79080e-005,,,,,,
-1.39315e-005,-7.41894e-005,,,,,,
-6.88182e-006,-5.38796e-005,,,,,,
-5.53903e-006,-3.47448e-005,,,,,,
-5.37118e-006,-3.42412e-005,,,,,,
-3.35698e-006,-4.31373e-005,,,,,,
-2.51774e-006,-6.73075e-005,,,,,,
2.18204e-006,-4.58228e-005,,,,,,
2.85344e-006,3.69268e-006,,,,,,
1.67849e-007,4.11231e-005,,,,,,
-5.53903e-006,5.45510e-005,,,,,,
-1.19173e-005,7.55322e-006,,,,,,
-1.42672e-005,-2.88701e-005,,,,,,
-7.88891e-006,-1.59457e-005,,,,,,
-1.00710e-006,2.11490e-005,,,,,,
-6.37827e-006,9.61776e-005,,,,,,
-1.93027e-005,3.70947e-005,,,,,,
-2.43381e-005,-4.09552e-005,,,,,,
-1.57778e-005,7.30144e-005,,,,,,
8.39246e-006,8.96315e-005,,,,,,
3.17235e-005,4.22980e-005,,,,,,
1.84634e-006,1.66171e-005,,,,,,
-1.19173e-005,-4.36408e-006,,,,,,
-9.73526e-006,-1.15816e-005,,,,,,
-2.76951e-005,-9.73526e-006,,,,,,
-2.45060e-005,5.53903e-006,,,,,,
-2.26596e-005,9.06386e-006,,,,,,
-6.88182e-006,-2.43381e-005,,,,,,
5.03548e-006,-6.39506e-005,,,,,,
-3.44091e-005,-5.79080e-005,,,,,,
-9.08064e-005,-3.34020e-005,,,,,,
-3.60876e-005,-3.47448e-005,,,,,,
-5.87472e-006,-3.54162e-005,,,,,,
-2.65202e-005,-1.69528e-005,,,,,,
-2.50095e-005,-1.34279e-005,,,,,,
-1.93027e-005,-2.70237e-005,,,,,,
-1.56100e-005,1.19173e-005,,,,,,
-1.17494e-005,2.70237e-005,,,,,,
4.86763e-006,2.51774e-005,,,,,,
2.13169e-005,2.53452e-005,,,,,,
1.62814e-005,1.96384e-005,,,,,,
6.37827e-006,4.69978e-006,,,,,,
-5.15297e-005,-4.41444e-005,,,,,,
-4.51514e-005,-1.03059e-004,,,,,,
-1.96384e-005,-7.16716e-005,,,,,,
-1.99741e-005,2.41703e-005,,,,,,
-1.81277e-005,6.46220e-005,,,,,,
-1.39315e-005,4.68299e-005,,,,,,
-9.56741e-006,6.54612e-006,,,,,,
-8.39246e-007,-3.50805e-005,,,,,,
1.66171e-005,-6.68040e-005,,,,,,
-3.35698e-007,-3.13878e-005,,,,,,
-4.81727e-005,5.25368e-005,,,,,,
-3.96124e-005,9.75204e-005,,,,,,
-2.97093e-005,9.98703e-005,,,,,,
-2.71916e-005,7.78820e-005,,,,,,
-1.74563e-005,2.78630e-005,,,,,,
-9.56741e-006,-7.55322e-006,,,,,,
1.67849e-007,-1.99741e-005,,,,,,
1.51064e-006,-2.06455e-005,,,,,,
1.29244e-005,-3.86053e-006,,,,,,
-3.18914e-006,1.00710e-006,,,,,,
-2.70237e-005,-5.03548e-006,,,,,,
-2.24918e-005,-9.90310e-006,,,,,,
-2.83665e-005,-1.35958e-005,,,,,,
-3.54162e-005,-1.86313e-005,,,,,,
-2.23239e-005,-3.03807e-005,,,,,,
-1.69528e-005,-3.75982e-005,,,,,,
-1.89670e-005,-3.44091e-005,,,,,,
-1.17494e-005,-2.48417e-005,,,,,,
-6.21042e-006,-1.69528e-005,,,,,,
-1.79599e-005,-1.05745e-005,,,,,,
-2.83665e-005,-3.18914e-006,,,,,,
-1.59457e-005,-8.56031e-006,,,,,,
-5.53903e-006,-8.89601e-006,,,,,,
-3.86053e-006,-2.18204e-006,,,,,,
-5.03548e-006,-2.85344e-006,,,,,,
5.03548e-007,-1.51064e-006,,,,,,
6.04257e-006,-1.84634e-006,,,,,,
4.19623e-006,-3.02129e-006,,,,,,
-1.67849e-006,1.17494e-006,,,,,,
-8.39246e-006,3.18914e-006,,,,,,
-1.02388e-005,-3.18914e-006,,,,,,
-6.54612e-006,-2.51774e-006,,,,,,
1.17494e-006,-8.39246e-007,,,,,,
8.89601e-006,-1.84634e-006,,,,,,
-2.85344e-006,-4.02838e-006,,,,,,
-2.70237e-005,-3.18914e-006,,,,,,
-1.19173e-005,3.35698e-006,,,,,,
1.39315e-005,1.67849e-006,,,,,,
1.49386e-005,9.90310e-006,,,,,,
-1.19173e-005,1.02388e-005,,,,,,
-7.03288e-005,6.54612e-006,,,,,,
-5.79080e-005,6.71397e-006,,,,,,
-3.25628e-005,1.05745e-005,,,,,,
-2.87022e-005,9.23171e-006,,,,,,
-2.66880e-005,8.22461e-006,,,,,,
-2.16526e-005,6.54612e-006,,,,,,
-1.39315e-005,7.88891e-006,,,,,,
-1.24208e-005,8.72816e-006,,,,,,
-1.76242e-005,7.21752e-006,,,,,,
-1.49386e-005,2.18204e-006,,,,,,
-1.29244e-005,1.67849e-007,,,,,,
-1.25887e-005,-3.18914e-006,,,,,,
-1.00710e-005,-1.09102e-005,,,,,,
-1.27565e-005,-1.99741e-005,,,,,,
-1.17494e-005,-2.16526e-005,,,,,,
-9.06386e-006,-2.46738e-005,,,,,,
8.56031e-006,-2.53452e-005,,,,,,
2.13169e-005,-3.03807e-005,,,,,,
1.57778e-005,-2.71916e-005,,,,,,
0.00000e+000,-2.43381e-005,,,,,,
-5.58938e-005,-2.87022e-005,,,,,,
-5.58938e-005,-2.43381e-005,,,,,,
-2.34989e-005,-2.66880e-005,,,,,,
-1.42672e-005,-3.00450e-005,,,,,,
-1.96384e-005,-2.46738e-005,,,,,,
-1.15816e-005,-1.89670e-005,,,,,,
-6.88182e-006,-1.64492e-005,,,,,,
-2.06455e-005,-8.39246e-007,,,,,,
-8.89601e-006,-1.67849e-007,,,,,,
8.39246e-006,-1.76242e-005,,,,,,
-2.40024e-005,-1.19173e-005,,,,,,
-2.56809e-005,-8.22461e-006,,,,,,
-2.21561e-005,-1.02388e-005,,,,,,
-1.42672e-005,-6.54612e-006,,,,,,
-9.56741e-006,-1.67849e-007,,,,,,
-1.19173e-005,1.17494e-006,,,,,,
-7.72107e-006,3.86053e-006,,,,,,
3.18914e-006,1.47707e-005,,,,,,
-4.53193e-006,1.62814e-005,,,,,,
-1.32601e-005,-3.86053e-006,,,,,,
-8.56031e-006,-2.01419e-006,,,,,,
-1.39315e-005,1.09102e-005,,,,,,
-1.82956e-005,7.88891e-006,,,,,,
-1.49386e-005,-2.01419e-006,,,,,,
-1.49386e-005,1.15816e-005,,,,,,
-1.29244e-005,8.56031e-006,,,,,,
-8.56031e-006,-8.56031e-006,,,,,,
-8.89601e-006,-3.52483e-006,,,,,,
-8.39246e-006,5.70687e-006,,,,,,
-1.35958e-005,1.05745e-005,,,,,,
-1.72885e-005,1.29244e-005,,,,,,
-1.49386e-005,1.19173e-005,,,,,,
-1.44350e-005,1.07424e-005,,,,,,
-1.79599e-005,9.23171e-006,,,,,,
-1.89670e-005,9.90310e-006,,,,,,
-1.79599e-005,5.70687e-006,,,,,,
-1.77920e-005,2.68559e-006,,,,,,
-1.69528e-005,2.85344e-006,,,,,,
-1.22530e-005,3.86053e-006,,,,,,
-1.09102e-005,3.35698e-007,,,,,,
-1.29244e-005,5.03548e-007,,,,,,
-1.15816e-005,-1.67849e-007,,,,,,
-9.56741e-006,-1.34279e-006,,,,,,
-1.24208e-005,1.17494e-006,,,,,,
-1.44350e-005,4.86763e-006,,,,,,
-1.29244e-005,7.88891e-006,,,,,,
-1.71206e-005,1.05745e-005,,,,,,
-2.29953e-005,2.78630e-005,,,,,,
-1.79599e-005,2.51774e-006,,,,,,
-1.09102e-005,-2.70237e-005,,,,,,
-1.12459e-005,-1.35958e-005,,,,,,
-1.30922e-005,-4.53193e-006,,,,,,
-1.44350e-005,-7.21752e-006,,,,,,
-1.49386e-005,-2.08133e-005,,,,,,
-1.42672e-005,-2.11490e-005,,,,,,
-1.99741e-005,-1.46029e-005,,,,,,
-2.06455e-005,-1.57778e-005,,,,,,
-1.49386e-005,-1.71206e-005,,,,,,
-1.56100e-005,-1.24208e-005,,,,,,
-1.72885e-005,-1.10781e-005,,,,,,
-2.16526e-005,-1.12459e-005,,,,,,
-2.50095e-005,-4.19623e-006,,,,,,
-2.41703e-005,-6.54612e-006,,,,,,
-2.78630e-005,-7.21752e-006,,,,,,
-7.55322e-006,-7.21752e-006,,,,,,
3.87732e-005,-4.86763e-006,,,,,,
6.29435e-005,5.03548e-007,,,,,,
2.53452e-005,8.56031e-006,,,,,,
-8.74495e-005,1.94705e-005,,,,,,
-9.91989e-005,1.24208e-005,,,,,,
-4.21302e-005,-5.03548e-007,,,,,,
-2.70237e-005,4.86763e-006,,,,,,
-2.53452e-005,5.03548e-006,,,,,,
-1.91348e-005,3.52483e-006,,,,,,
-9.23171e-006,4.53193e-006,,,,,,
8.56031e-006,5.03548e-007,,,,,,
8.89601e-006,1.84634e-006,,,,,,
-5.53903e-006,7.04967e-006,,,,,,
-1.25887e-005,8.56031e-006,,,,,,
-1.30922e-005,7.88891e-006,,,,,,
-2.56809e-005,3.86053e-006,,,,,,
-5.03548e-007,4.86763e-006,,,,,,
3.23949e-005,1.00710e-005,,,,,,
2.45060e-005,7.04967e-006,,,,,,
-6.88182e-006,5.53903e-006,,,,,,
-6.51255e-005,3.86053e-006,,,,,,
-5.32082e-005,1.17494e-006,,,,,,
-2.40024e-005,3.69268e-006,,,,,,
-2.73594e-005,5.87472e-006,,,,,,
-2.40024e-005,2.18204e-006,,,,,,
-1.49386e-005,1.67849e-006,,,,,,
-5.20333e-006,1.84634e-006,,,,,,
-9.90310e-006,5.20333e-006,,,,,,
-1.64492e-005,4.86763e-006,,,,,,
-1.69528e-005,-3.52483e-006,,,,,,
-1.35958e-005,8.39246e-007,,,,,,
-1.05745e-005,-3.35698e-006,,,,,,
-1.09102e-005,-3.86053e-006,,,,,,
-1.14137e-005,-4.19623e-006,,,,,,
-1.12459e-005,-7.55322e-006,,,,,,
-1.19173e-005,-4.36408e-006,,,,,,
-6.88182e-006,-4.19623e-006,,,,,,
-6.37827e-006,-6.04257e-006,,,,,,
-7.55322e-006,-6.88182e-006,,,,,,
-1.15816e-005,-6.21042e-006,,,,,,
-1.17494e-005,-5.70687e-006,,,,,,
-1.29244e-005,-7.88891e-006,,,,,,
-1.62814e-005,-4.69978e-006,,,,,,
-1.52743e-005,-2.85344e-006,,,,,,
-1.52743e-005,-5.20333e-006,,,,,,
-1.12459e-005,-7.88891e-006,,,,,,
-1.05745e-005,-1.37636e-005,,,,,,
-1.25887e-005,-1.76242e-005,,,,,,
-9.56741e-006,-1.29244e-005,,,,,,
-8.39246e-006,-7.72107e-006,,,,,,
-1.09102e-005,-5.03548e-006,,,,,,
-1.02388e-005,-8.22461e-006,,,,,,
-1.19173e-005,-7.21752e-006,,,,,,
-9.56741e-006,-2.18204e-006,,,,,,
-9.23171e-006,-2.18204e-006,,,,,,
-1.29244e-005,-7.55322e-006,,,,,,
-1.37636e-005,-1.35958e-005,,,,,,
-1.46029e-005,-1.35958e-005,,,,,,
-1.22530e-005,-1.52743e-005,,,,,,
-1.17494e-005,-1.35958e-005,,,,,,
-1.93027e-005,-1.14137e-005,,,,,,
-1.35958e-005,-1.46029e-005,,,,,,
-1.69528e-005,-1.82956e-005,,,,,,
-1.96384e-005,-7.55322e-006,,,,,,
-1.71206e-005,-4.86763e-006,,,,,,
-1.99741e-005,-7.88891e-006,,,,,,
-1.76242e-005,-7.04967e-006,,,,,,
-1.82956e-005,-1.05745e-005,,,,,,
-1.76242e-005,-1.17494e-005,,,,,,
-1.81277e-005,-7.38537e-006,,,,,,
-1.72885e-005,-8.22461e-006,,,,,,
-1.96384e-005,-3.86053e-006,,,,,,
-2.16526e-005,-1.84634e-006,,,,,,
-1.71206e-005,-7.21752e-006,,,,,,
-1.79599e-005,-3.18914e-006,,,,,,
-1.79599e-005,-8.39246e-007,,,,,,
-1.79599e-005,-3.35698e-007,,,,,,
-1.35958e-005,-1.84634e-006,,,,,,
-1.29244e-005,1.67849e-007,,,,,,
-1.22530e-005,1.00710e-006,,,,,,
-1.49386e-005,7.88891e-006,,,,,,
-1.49386e-005,5.03548e-007,,,,,,
-1.51064e-005,-8.22461e-006,,,,,,
-1.51064e-005,-5.03548e-006,,,,,,
-1.54421e-005,-1.51064e-006,,,,,,
-1.82956e-005,-1.51064e-006,,,,,,
-1.62814e-005,5.53903e-006,,,,,,
-1.46029e-005,4.36408e-006,,,,,,
-1.47707e-005,1.67849e-007,,,,,,
-1.29244e-005,6.54612e-006,,,,,,
-1.46029e-005,1.56100e-005,,,,,,
-1.25887e-005,-3.35698e-006,,,,,,
-9.90310e-006,-7.88891e-006,,,,,,
-1.22530e-005,-1.51064e-006,,,,,,
-1.32601e-005,-4.86763e-006,,,,,,
-1.30922e-005,-2.68559e-006,,,,,,
-1.34279e-005,-2.85344e-006,,,,,,
-1.32601e-005,-1.00710e-006,,,,,,
-1.40993e-005,-1.67849e-007,,,,,,
-1.25887e-005,2.85344e-006,,,,,,
-1.62814e-005,1.10781e-005,,,,,,
-1.44350e-005,-2.34989e-006,,,,,,
-1.37636e-005,-2.18204e-006,,,,,,
-1.34279e-005,5.20333e-006,,,,,,
-1.27565e-005,-2.85344e-006,,,,,,
-1.22530e-005,-7.21752e-006,,,,,,
-1.52743e-005,-3.35698e-006,,,,,,
-1.44350e-005,8.39246e-007,,,,,,
-1.19173e-005,-5.03548e-007,,,,,,
-1.39315e-005,-1.51064e-006,,,,,,
-1.62814e-005,5.20333e-006,,,,,,
-1.52743e-005,9.23171e-006,,,,,,
-1.19173e-005,-1.79599e-005,,,,,,
-9.23171e-006,-1.35958e-005,,,,,,
-1.29244e-005,5.20333e-006,,,,,,
-1.32601e-005,3.69268e-006,,,,,,
-1.10781e-005,5.20333e-006,,,,,,
-1.25887e-005,9.06386e-006,,,,,,
-1.02388e-005,6.54612e-006,,,,,,
-9.23171e-006,2.51774e-006,,,,,,
-1.22530e-005,-1.84634e-006,,,,,,
-1.29244e-005,-2.18204e-006,,,,,,
-1.25887e-005,3.35698e-007,,,,,,
-1.46029e-005,-2.85344e-006,,,,,,
-1.29244e-005,-5.70687e-006,,,,,,
-7.88891e-006,-8.89601e-006,,,,,,
-1.42672e-005,-9.56741e-006,,,,,,
-1.79599e-005,-7.88891e-006,,,,,,
-1.62814e-005,-6.88182e-006,,,,,,
-1.44350e-005,-5.03548e-007,,,,,,
-1.52743e-005,-1.67849e-007,,,,,,
-1.12459e-005,1.84634e-006,,,,,,
-9.23171e-006,-5.03548e-007,,,,,,
-1.44350e-005,1.84634e-006,,,,,,
-1.25887e-005,-4.19623e-006,,,,,,
-1.19173e-005,-4.19623e-006,,,,,,
-1.29244e-005,-5.53903e-006,,,,,,
-1.52743e-005,-3.86053e-006,,,,,,
-1.57778e-005,-2.18204e-006,,,,,,
-1.46029e-005,1.67849e-006,,,,,,
-1.17494e-005,2.51774e-006,,,,,,
-1.59457e-005,1.67849e-006,,,,,,
-1.76242e-005,5.20333e-006,,,,,,
-1.44350e-005,1.84634e-006,,,,,,
-1.62814e-005,-2.85344e-006,,,,,,
-1.64492e-005,-5.53903e-006,,,,,,
-1.19173e-005,-5.20333e-006,,,,,,
-1.44350e-005,-5.70687e-006,,,,,,
-1.69528e-005,-4.86763e-006,,,,,,
-1.25887e-005,-6.54612e-006,,,,,,
-1.29244e-005,-3.86053e-006,,,,,,
-1.20851e-005,-3.35698e-006,,,,,,
-1.20851e-005,-3.18914e-006,,,,,,
-1.56100e-005,-3.52483e-006,,,,,,
-1.46029e-005,-3.52483e-006,,,,,,
-1.57778e-005,1.67849e-007,,,,,,
-1.52743e-005,-8.22461e-006,,,,,,
-1.62814e-005,-4.53193e-006,,,,,,
-2.03098e-005,-7.88891e-006,,,,,,
-1.93027e-005,-3.52483e-006,,,,,,
-1.77920e-005,3.86053e-006,,,,,,
-1.57778e-005,-3.18914e-006,,,,,,
-1.15816e-005,-1.25887e-005,,,,,,
-1.19173e-005,-1.12459e-005,,,,,,
-1.25887e-005,-7.55322e-006,,,,,,
-1.19173e-005,-4.36408e-006,,,,,,
-1.22530e-005,-5.03548e-006,,,,,,
-1.12459e-005,-2.34989e-006,,,,,,
-1.12459e-005,-2.51774e-006,,,,,,
-1.00710e-005,-3.52483e-006,,,,,,
-1.09102e-005,-1.67849e-006,,,,,,
-9.73526e-006,-5.20333e-006,,,,,,
-8.72816e-006,-9.56741e-006,,,,,,
-9.90310e-006,-6.88182e-006,,,,,,
-1.09102e-005,-5.87472e-006,,,,,,
-5.87472e-006,-8.56031e-006,,,,,,
-8.22461e-006,-4.02838e-006,,,,,,
-9.90310e-006,-2.85344e-006,,,,,,
-1.44350e-005,-6.88182e-006,,,,,,
-1.25887e-005,-7.04967e-006,,,,,,
-1.35958e-005,-4.53193e-006,,,,,,
-1.32601e-005,-4.86763e-006,,,,,,
-1.56100e-005,-5.53903e-006,,,,,,
-1.46029e-005,1.17494e-006,,,,,,
-1.35958e-005,1.67849e-007,,,,,,
-1.59457e-005,1.51064e-006,,,,,,
-1.62814e-005,1.17494e-006,,,,,,
-1.27565e-005,1.84634e-006,,,,,,
-1.12459e-005,1.67849e-007,,,,,,
-1.39315e-005,-1.51064e-006,,,,,,
-1.76242e-005,-1.67849e-007,,,,,,
-2.03098e-005,3.35698e-006,,,,,,
-1.49386e-005,5.20333e-006,,,,,,
-1.69528e-005,4.19623e-006,,,,,,
-2.13169e-005,2.85344e-006,,,,,,
-1.89670e-005,3.35698e-006,,,,,,
-1.81277e-005,1.84634e-006,,,,,,
-1.57778e-005,-2.34989e-006,,,,,,
-1.35958e-005,1.51064e-006,,,,,,
-1.22530e-005,3.86053e-006,,,,,,
-1.32601e-005,-1.67849e-007,,,,,,
-1.22530e-005,-2.18204e-006,,,,,,
-1.25887e-005,-3.86053e-006,,,,,,
-1.46029e-005,-3.52483e-006,,,,,,
-1.62814e-005,-3.86053e-006,,,,,,
-1.52743e-005,-3.02129e-006,,,,,,
-1.22530e-005,-4.69978e-006,,,,,,
-9.90310e-006,-5.03548e-006,,,,,,
-1.15816e-005,-4.36408e-006,,,,,,
-1.25887e-005,-8.39246e-007,,,,,,
-9.56741e-006,-3.35698e-006,,,,,,
-9.56741e-006,1.67849e-007,,,,,,
-1.19173e-005,1.51064e-006,,,,,,
-1.15816e-005,-5.03548e-007,,,,,,
-1.25887e-005,-2.18204e-006,,,,,,
-9.90310e-006,-1.17494e-006,,,,,,
-1.05745e-005,1.17494e-006,,,,,,
-1.40993e-005,-3.18914e-006,,,,,,
-1.35958e-005,1.17494e-006,,,,,,
-1.62814e-005,2.18204e-006,,,,,,
-1.39315e-005,-1.24208e-005,,,,,,
-1.46029e-005,-7.88891e-006,,,,,,
-1.72885e-005,-5.03548e-007,,,,,,
-1.30922e-005,-3.52483e-006,,,,,,
-1.22530e-005,-1.29244e-005,,,,,,
-1.42672e-005,-7.21752e-006,,,,,,
-1.32601e-005,-6.88182e-006,,,,,,
-1.29244e-005,-5.53903e-006,,,,,,
-1.39315e-005,-1.51064e-006,,,,,,
-2.09812e-005,-8.39246e-007,,,,,,
-1.89670e-005,-1.51064e-006,,,,,,
-1.29244e-005,-8.22461e-006,,,,,,
-1.46029e-005,-9.56741e-006,,,,,,
-1.54421e-005,-4.19623e-006,,,,,,
-1.76242e-005,-5.87472e-006,,,,,,
-1.96384e-005,-3.02129e-006,,,,,,
-1.59457e-005,-2.18204e-006,,,,,,
-1.22530e-005,-3.52483e-006,,,,,,
-1.62814e-005,-3.18914e-006,,,,,,
-2.01419e-005,-5.20333e-006,,,,,,
-1.74563e-005,-5.03548e-006,,,,,,
-1.37636e-005,-4.36408e-006,,,,,,
-1.84634e-005,-3.35698e-006,,,,,,
-1.89670e-005,-1.00710e-006,,,,,,
-1.56100e-005,-1.17494e-006,,,,,,
-1.30922e-005,1.17494e-006,,,,,,
-1.69528e-005,-2.85344e-006,,,,,,
-2.36667e-005,-3.52483e-006,,,,,,
-1.96384e-005,1.84634e-006,,,,,,
-1.20851e-005,-1.04067e-005,,,,,,
-1.32601e-005,-1.09102e-005,,,,,,
-1.02388e-005,-5.20333e-006,,,,,,
-4.86763e-006,-3.52483e-006,,,,,,
-3.86053e-006,-2.51774e-006,,,,,,
-8.22461e-006,-1.00710e-006,,,,,,
-1.49386e-005,-3.02129e-006,,,,,,
-1.34279e-005,-6.21042e-006,,,,,,
-1.32601e-005,-4.86763e-006,,,,,,
-1.51064e-005,-1.17494e-006,,,,,,
-1.42672e-005,1.67849e-007,,,,,,
-8.89601e-006,-1.51064e-006,,,,,,
-1.20851e-005,3.02129e-006,,,,,,
-1.05745e-005,3.18914e-006,,,,,,
-1.09102e-005,-4.69978e-006,,,,,,
-9.56741e-006,-7.21752e-006,,,,,,
-1.14137e-005,-5.70687e-006,,,,,,
-1.12459e-005,-5.20333e-006,,,,,,
-9.06386e-006,-6.37827e-006,,,,,,
-9.23171e-006,-9.90310e-006,,,,,,
-1.35958e-005,-1.34279e-005,,,,,,
-1.46029e-005,-1.12459e-005,,,,,,
-1.04067e-005,-1.22530e-005,,,,,,
-1.49386e-005,-7.04967e-006,,,,,,
-1.62814e-005,-1.34279e-006,,,,,,
-1.22530e-005,-3.02129e-006,,,,,,
-1.44350e-005,-3.52483e-006,,,,,,
-1.69528e-005,-1.17494e-006,,,,,,
-1.57778e-005,-1.67849e-006,,,,,,
-1.46029e-005,-3.02129e-006,,,,,,
-1.86313e-005,-5.03548e-006,,,,,,
-2.29953e-005,-1.51064e-006,,,,,,
-2.24918e-005,-2.85344e-006,,,,,,
-1.82956e-005,-3.86053e-006,,,,,,
-1.64492e-005,-6.21042e-006,,,,,,
-1.56100e-005,-5.70687e-006,,,,,,
-1.62814e-005,-3.18914e-006,,,,,,
-1.39315e-005,2.34989e-006,,,,,,
-1.49386e-005,-1.51064e-006,,,,,,
-1.30922e-005,-1.51064e-006,,,,,,
-1.47707e-005,3.35698e-007,,,,,,
-1.56100e-005,-1.17494e-006,,,,,,
-1.09102e-005,-7.55322e-006,,,,,,
-7.88891e-006,-6.21042e-006,,,,,,
-5.53903e-006,-3.02129e-006,,,,,,
-3.86053e-006,-2.85344e-006,,,,,,
-3.18914e-006,-3.86053e-006,,,,,,
-8.56031e-006,-1.84634e-006,,,,,,
-2.70237e-005,-1.51064e-006,,,,,,
-3.23949e-005,-5.03548e-007,,,,,,
-2.56809e-005,-1.51064e-006,,,,,,
-2.03098e-005,8.39246e-007,,,,,,
-1.57778e-005,8.39246e-007,,,,,,
-1.46029e-005,-5.03548e-007,,,,,,
-1.57778e-005,1.84634e-006,,,,,,
-1.29244e-005,-2.01419e-006,,,,,,
-1.35958e-005,-1.67849e-007,,,,,,
-1.15816e-005,5.70687e-006,,,,,,
-1.22530e-005,2.18204e-006,,,,,,
-1.40993e-005,-5.53903e-006,,,,,,
-1.49386e-005,-3.69268e-006,,,,,,
-1.29244e-005,-4.19623e-006,,,,,,
-1.22530e-005,-5.53903e-006,,,,,,
-9.23171e-006,-3.35698e-007,,,,,,
-1.05745e-005,4.19623e-006,,,,,,
-1.35958e-005,-1.67849e-007,,,,,,
-1.09102e-005,-1.67849e-006,,,,,,
-9.90310e-006,1.17494e-006,,,,,,
-1.05745e-005,8.39246e-007,,,,,,
-1.49386e-005,1.17494e-006,,,,,,
-1.35958e-005,3.35698e-007,,,,,,
-1.27565e-005,-2.18204e-006,,,,,,
-1.27565e-005,-4.19623e-006,,,,,,
-1.37636e-005,-1.00710e-006,,,,,,
-1.37636e-005,-2.18204e-006,,,,,,
-1.72885e-005,5.03548e-007,,,,,,
-1.72885e-005,5.03548e-007,,,,,,
-1.46029e-005,-1.51064e-006,,,,,,
-1.71206e-005,3.18914e-006,,,,,,
-1.94705e-005,1.51064e-006,,,,,,
-1.52743e-005,-1.24208e-005,,,,,,
-1.32601e-005,-1.22530e-005,,,,,,
-1.46029e-005,-5.03548e-006,,,,,,
-1.19173e-005,-3.35698e-006,,,,,,
-1.25887e-005,-7.21752e-006,,,,,,
-1.10781e-005,-5.20333e-006,,,,,,
-1.09102e-005,-5.03548e-006,,,,,,
-1.35958e-005,-5.53903e-006,,,,,,
-1.52743e-005,-1.67849e-006,,,,,,
-9.73526e-006,-3.18914e-006,,,,,,
-1.02388e-005,-2.85344e-006,,,,,,
-1.30922e-005,5.03548e-007,,,,,,
-1.02388e-005,-3.52483e-006,,,,,,
-1.40993e-005,-3.02129e-006,,,,,,
-1.52743e-005,-4.86763e-006,,,,,,
-1.79599e-005,-3.18914e-006,,,,,,
-2.08133e-005,-3.69268e-006,,,,,,
-1.82956e-005,-1.51064e-006,,,,,,
-1.64492e-005,-2.85344e-006,,,,,,
-1.62814e-005,-5.03548e-007,,,,,,
-1.19173e-005,5.20333e-006,,,,,,
-1.05745e-005,1.51064e-006,,,,,,
-1.10781e-005,1.67849e-006,,,,,,
-1.44350e-005,1.17494e-006,,,,,,
-1.52743e-005,-4.19623e-006,,,,,,
-1.46029e-005,-2.18204e-006,,,,,,
-1.57778e-005,-2.34989e-006,,,,,,
-1.37636e-005,-5.03548e-006,,,,,,
-1.17494e-005,-1.84634e-006,,,,,,
-1.22530e-005,-2.01419e-006,,,,,,
-1.19173e-005,-4.36408e-006,,,,,,
-1.29244e-005,-5.87472e-006,,,,,,
-1.10781e-005,-5.53903e-006,,,,,,
-1.02388e-005,-2.34989e-006,,,,,,
-1.20851e-005,-8.39246e-007,,,,,,
-1.29244e-005,5.03548e-007,,,,,,
-1.25887e-005,-2.34989e-006,,,,,,
-1.35958e-005,-2.68559e-006,,,,,,
-1.93027e-005,3.18914e-006,,,,,,
-1.98062e-005,2.68559e-006,,,,,,
-1.56100e-005,-1.84634e-006,,,,,,
-1.44350e-005,-3.52483e-006,,,,,,
-1.09102e-005,-1.02388e-005,,,,,,
-1.02388e-005,-8.89601e-006,,,,,,
-1.05745e-005,-1.67849e-007,,,,,,
-1.12459e-005,5.03548e-007,,,,,,
-1.35958e-005,-8.89601e-006,,,,,,
-1.22530e-005,-5.03548e-007,,,,,,
-1.64492e-005,3.02129e-006,,,,,,
-1.79599e-005,-1.17494e-006,,,,,,
-1.35958e-005,-7.21752e-006,,,,,,
-1.19173e-005,-6.37827e-006,,,,,,
-1.22530e-005,-5.20333e-006,,,,,,
-1.22530e-005,-7.55322e-006,,,,,,
-1.25887e-005,-4.53193e-006,,,,,,
-1.29244e-005,-5.03548e-006,,,,,,
-1.59457e-005,-5.03548e-007,,,,,,
-1.71206e-005,3.86053e-006,,,,,,
-1.72885e-005,3.35698e-007,,,,,,
-1.49386e-005,-7.88891e-006,,,,,,
-1.66171e-005,1.34279e-006,,,,,,
-1.46029e-005,1.17494e-006,,,,,,
-1.22530e-005,-2.18204e-006,,,,,,
-1.20851e-005,-5.03548e-007,,,,,,
-1.09102e-005,-3.35698e-006,,,,,,
-1.22530e-005,-5.03548e-006,,,,,,
-1.49386e-005,1.17494e-006,,,,,,
-1.39315e-005,-2.18204e-006,,,,,,
-1.25887e-005,-1.84634e-006,,,,,,
-1.35958e-005,-2.85344e-006,,,,,,
-1.76242e-005,-4.19623e-006,,,,,,
-1.32601e-005,-3.86053e-006,,,,,,
-1.62814e-005,-6.21042e-006,,,,,,
-1.62814e-005,-2.18204e-006,,,,,,
-1.67849e-005,1.17494e-006,,,,,,
-1.52743e-005,-3.69268e-006,,,,,,
-1.52743e-005,-5.37118e-006,,,,,,
-1.49386e-005,-4.53193e-006,,,,,,
-1.46029e-005,-1.51064e-006,,,,,,
-1.22530e-005,2.68559e-006,,,,,,
-1.17494e-005,3.02129e-006,,,,,,
-9.56741e-006,-1.84634e-006,,,,,,
-1.05745e-005,-5.20333e-006,,,,,,
-1.37636e-005,-3.52483e-006,,,,,,
-1.64492e-005,-2.18204e-006,,,,,,
-1.98062e-005,-1.67849e-007,,,,,,
-1.76242e-005,1.17494e-006,,,,,,
-1.24208e-005,-4.53193e-006,,,,,,
-1.42672e-005,-7.04967e-006,,,,,,
-2.13169e-005,-3.52483e-006,,,,,,
-1.93027e-005,-3.86053e-006,,,,,,
-1.72885e-005,-9.06386e-006,,,,,,
-1.69528e-005,-6.88182e-006,,,,,,
-1.86313e-005,-3.52483e-006,,,,,,
-1.93027e-005,-3.52483e-006,,,,,,
-1.74563e-005,-1.00710e-005,,,,,,
-1.69528e-005,-6.88182e-006,,,,,,
-1.69528e-005,-2.34989e-006,,,,,,
-1.66171e-005,-2.18204e-006,,,,,,
-1.22530e-005,-3.69268e-006,,,,,,
-1.09102e-005,-3.52483e-006,,,,,,
-1.15816e-005,-4.19623e-006,,,,,,
-7.88891e-006,-6.21042e-006,,,,,,
-1.05745e-005,-4.53193e-006,,,,,,
-1.56100e-005,8.39246e-007,,,,,,
-1.56100e-005,-3.02129e-006,,,,,,
-1.46029e-005,-2.85344e-006,,,,,,
-1.56100e-005,-6.71397e-007,,,,,,
-1.71206e-005,-5.03548e-007,,,,,,
-1.22530e-005,-3.35698e-006,,,,,,
-1.00710e-005,-1.67849e-006,,,,,,
-1.56100e-005,-4.86763e-006,,,,,,
-1.46029e-005,-9.39956e-006,,,,,,
-1.00710e-005,-8.89601e-006,,,,,,
-1.35958e-005,-7.55322e-006,,,,,,
-1.12459e-005,-1.07424e-005,,,,,,
-7.21752e-006,-1.09102e-005,,,,,,
-9.39956e-006,-6.37827e-006,,,,,,
-1.25887e-005,-5.53903e-006,,,,,,
-9.56741e-006,-6.54612e-006,,,,,,
-7.38537e-006,-6.21042e-006,,,,,,
-1.22530e-005,-4.53193e-006,,,,,,
-1.44350e-005,-5.53903e-006,,,,,,
-1.22530e-005,1.67849e-007,,,,,,
-9.73526e-006,2.51774e-006,,,,,,
-1.10781e-005,3.02129e-006,,,,,,
-1.19173e-005,3.35698e-007,,,,,,
-9.56741e-006,0.00000e+000,,,,,,
-1.30922e-005,4.19623e-006,,,,,,
-1.22530e-005,5.87472e-006,,,,,,
-1.42672e-005,1.00710e-006,,,,,,
-1.39315e-005,-5.03548e-007,,,,,,
-1.22530e-005,2.18204e-006,,,,,,
-1.42672e-005,5.03548e-007,,,,,,
-1.40993e-005,3.02129e-006,,,,,,
-1.44350e-005,3.86053e-006,,,,,,
-1.49386e-005,8.89601e-006,,,,,,
-1.62814e-005,5.70687e-006,,,,,,
-1.29244e-005,-9.90310e-006,,,,,,
-1.24208e-005,-8.89601e-006,,,,,,
-1.35958e-005,-6.88182e-006,,,,,,
-1.02388e-005,-3.35698e-006,,,,,,
-1.12459e-005,1.51064e-006,,,,,,
-1.35958e-005,-2.34989e-006,,,,,,
-1.35958e-005,-6.54612e-006,,,,,,
-1.35958e-005,-7.72107e-006,,,,,,
-1.30922e-005,-4.86763e-006,,,,,,
-9.90310e-006,-2.51774e-006,,,,,,
-1.35958e-005,-4.36408e-006,,,,,,
-1.49386e-005,-2.85344e-006,,,,,,
-1.56100e-005,-4.19623e-006,,,,,,
-1.69528e-005,-3.86053e-006,,,,,,
-1.46029e-005,8.39246e-007,,,,,,
-1.62814e-005,8.39246e-007,,,,,,
-1.82956e-005,1.67849e-007,,,,,,
-1.93027e-005,2.85344e-006,,,,,,
-1.64492e-005,-5.03548e-007,,,,,,
-1.56100e-005,-1.67849e-007,,,,,,
-1.69528e-005,-1.84634e-006,,,,,,
-1.62814e-005,2.51774e-006,,,,,,
-1.71206e-005,1.84634e-006,,,,,,
-1.76242e-005,3.86053e-006,,,,,,
-1.89670e-005,8.39246e-007,,,,,,
-1.56100e-005,1.17494e-006,,,,,,
-1.57778e-005,1.84634e-006,,,,,,
-1.42672e-005,-8.39246e-007,,,,,,
-1.29244e-005,-8.39246e-007,,,,,,
-1.51064e-005,3.52483e-006,,,,,,
-1.24208e-005,2.01419e-006,,,,,,
-1.19173e-005,-4.19623e-006,,,,,,
-1.39315e-005,-1.51064e-006,,,,,,
-1.46029e-005,-1.51064e-006,,,,,,
-1.62814e-005,-2.34989e-006,,,,,,
-1.56100e-005,-8.89601e-006,,,,,,
-1.49386e-005,-2.01419e-006,,,,,,
-1.82956e-005,-1.51064e-006,,,,,,
-1.76242e-005,-4.53193e-006,,,,,,
-1.49386e-005,-7.21752e-006,,,,,,
-1.37636e-005,-3.02129e-006,,,,,,
-1.15816e-005,-5.03548e-006,,,,,,
-1.37636e-005,-6.21042e-006,,,,,,
-1.49386e-005,-4.53193e-006,,,,,,
-1.69528e-005,-8.22461e-006,,,,,,
-1.37636e-005,-9.56741e-006,,,,,,
-1.32601e-005,-7.72107e-006,,,,,,
-1.42672e-005,-4.53193e-006,,,,,,
-1.46029e-005,-9.39956e-006,,,,,,
-1.30922e-005,-1.00710e-005,,,,,,
-1.52743e-005,-1.29244e-005,,,,,,
-1.64492e-005,-1.49386e-005,,,,,,
-1.39315e-005,-9.56741e-006,,,,,,
-1.35958e-005,-3.52483e-006,,,,,,
-1.39315e-005,-6.37827e-006,,,,,,
-1.51064e-005,-8.22461e-006,,,,,,
-1.59457e-005,-7.21752e-006,,,,,,
-1.44350e-005,-4.19623e-006,,,,,,
-1.69528e-005,-4.86763e-006,,,,,,
-1.56100e-005,-4.86763e-006,,,,,,
-1.35958e-005,-8.39246e-006,,,,,,
-1.04067e-005,-5.53903e-006,,,,,,
-1.04067e-005,-2.18204e-006,,,,,,
-1.02388e-005,-4.53193e-006,,,,,,
-8.56031e-006,-4.36408e-006,,,,,,
-9.06386e-006,-2.51774e-006,,,,,,
-1.15816e-005,3.35698e-007,,,,,,
-9.90310e-006,-8.39246e-007,,,,,,
-1.09102e-005,4.69978e-006,,,,,,
-1.17494e-005,1.67849e-007,,,,,,
-1.09102e-005,-4.53193e-006,,,,,,
-1.00710e-005,-1.17494e-006,,,,,,
-1.22530e-005,-1.67849e-007,,,,,,
-1.49386e-005,-1.17494e-006,,,,,,
-1.37636e-005,2.85344e-006,,,,,,
0.00000e+000,0.00000e+000,,,,,,
0.00000e+000,0.00000e+000,,,,,,
0.00000e+000,0.00000e+000,,,,,,
0.00000e+000,0.00000e+000,,,,,,
0.00000e+000,0.00000e+000,,,,,,
0.00000e+000,0.00000e+000,,,,,,
0.00000e+000,0.00000e+000,,,,,,
0.00000e+000,0.00000e+000,,,,,,
0.00000e+000,0.00000e+000,,,,,,
0.00000e+000,0.00000e+000,,,,,,
0.00000e+000,0.00000e+000,,,,,,
0.00000e+000,0.00000e+000,,,,,,
0.00000e+000,0.00000e+000,,,,,,
0.00000e+000,0.00000e+000,,,,,,
0.00000e+000,0.00000e+000,,,,,,
0.00000e+000,0.00000e+000,,,,,,
0.00000e+000,0.00000e+000,,,,,,
0.00000e+000,0.00000e+000,,,,,,
0.00000e+000,0.00000e+000,,,,,,
0.00000e+000,0.00000e+000,,,,,,
0.00000e+000,0.00000e+000,,,,,,
0.00000e+000,0.00000e+000,,,,,,
0.00000e+000,0.00000e+000,,,,,,
0.00000e+000,0.00000e+000,,,,,,
0.00000e+000,0.00000e+000,,,,,,
0.00000e+000,0.00000e+000,,,,,,
0.00000e+000,0.00000e+000,,,,,,
0.00000e+000,0.00000e+000,,,,,,
0.00000e+000,0.00000e+000,,,,,,
0.00000e+000,0.00000e+000,,,,,,
0.00000e+000,0.00000e+000,,,,,,
0.00000e+000,0.00000e+000,,,,,,
0.00000e+000,0.00000e+000,,,,,,
0.00000e+000,0.00000e+000,,,,,,
0.00000e+000,0.00000e+000,,,,,,
0.00000e+000,0.00000e+000,,,,,,
0.00000e+000,0.00000e+000,,,,,,
0.00000e+000,0.00000e+000,,,,,,
0.00000e+000,0.00000e+000,,,,,,
0.00000e+000,0.00000e+000,,,,,,
0.00000e+000,0.00000e+000,,,,,,
0.00000e+000,0.00000e+000,,,,,,
0.00000e+000,0.00000e+000,,,,,,
0.00000e+000,0.00000e+000,,,,,,
0.00000e+000,0.00000e+000,,,,,,
0.00000e+000,0.00000e+000,,,,,,
0.00000e+000,0.00000e+000,,,,,,
0.00000e+000,0.00000e+000,,,,,,
0.00000e+000,0.00000e+000,,,,,,
0.00000e+000,0.00000e+000,,,,,,
0.00000e+000,0.00000e+000,,,,,,
0.00000e+000,0.00000e+000,,,,,,
0.00000e+000,0.00000e+000,,,,,,
0.00000e+000,0.00000e+000,,,,,,
0.00000e+000,0.00000e+000,,,,,,
0.00000e+000,0.00000e+000,,,,,,
0.00000e+000,0.00000e+000,,,,,,
0.00000e+000,0.00000e+000,,,,,,
0.00000e+000,0.00000e+000,,,,,,
0.00000e+000,0.00000e+000,,,,,,
0.00000e+000,0.00000e+000,,,,,,
0.00000e+000,0.00000e+000,,,,,,
0.00000e+000,0.00000e+000,,,,,,
0.00000e+000,0.00000e+000,,,,,,
0.00000e+000,0.00000e+000,,,,,,
0.00000e+000,0.00000e+000,,,,,,
0.00000e+000,0.00000e+000,,,,,,
0.00000e+000,0.00000e+000,,,,,,
0.00000e+000,0.00000e+000,,,,,,
0.00000e+000,0.00000e+000,,,,,,
0.00000e+000,0.00000e+000,,,,,,
0.00000e+000,0.00000e+000,,,,,,
0.00000e+000,0.00000e+000,,,,,,
0.00000e+000,0.00000e+000,,,,,,
0.00000e+000,0.00000e+000,,,,,,
0.00000e+000,0.00000e+000,,,,,,
0.00000e+000,0.00000e+000,,,,,,
0.00000e+000,0.00000e+000,,,,,,
0.00000e+000,0.00000e+000,,,,,,
0.00000e+000,0.00000e+000,,,,,,
0.00000e+000,0.00000e+000,,,,,,
0.00000e+000,0.00000e+000,,,,,,
0.00000e+000,0.00000e+000,,,,,,
0.00000e+000,0.00000e+000,,,,,,
0.00000e+000,0.00000e+000,,,,,,
0.00000e+000,0.00000e+000,,,,,,
0.00000e+000,0.00000e+000,,,,,,
0.00000e+000,0.00000e+000,,,,,,
0.00000e+000,0.00000e+000,,,,,,
0.00000e+000,0.00000e+000,,,,,,
0.00000e+000,0.00000e+000,,,,,,
0.00000e+000,0.00000e+000,,,,,,
0.00000e+000,0.00000e+000,,,,,,
0.00000e+000,0.00000e+000,,,,,,
0.00000e+000,0.00000e+000,,,,,,
0.00000e+000,0.00000e+000,,,,,,
0.00000e+000,0.00000e+000,,,,,,
0.00000e+000,0.00000e+000,,,,,,
0.00000e+000,0.00000e+000,,,,,,
0.00000e+000,0.00000e+000,,,,,,
0.00000e+000,0.00000e+000,,,,,,
0.00000e+000,0.00000e+000,,,,,,
0.00000e+000,0.00000e+000,,,,,,
0.00000e+000,0.00000e+000,,,,,,
0.00000e+000,0.00000e+000,,,,,,
0.00000e+000,0.00000e+000,,,,,,
0.00000e+000,0.00000e+000,,,,,,
0.00000e+000,0.00000e+000,,,,,,
0.00000e+000,0.00000e+000,,,,,,
0.00000e+000,0.00000e+000,,,,,,
0.00000e+000,0.00000e+000,,,,,,
0.00000e+000,0.00000e+000,,,,,,
0.00000e+000,0.00000e+000,,,,,,
0.00000e+000,0.00000e+000,,,,,,
0.00000e+000,0.00000e+000,,,,,,
0.00000e+000,0.00000e+000,,,,,,
0.00000e+000,0.00000e+000,,,,,,
0.00000e+000,0.00000e+000,,,,,,
0.00000e+000,0.00000e+000,,,,,,
0.00000e+000,0.00000e+000,,,,,,
0.00000e+000,0.00000e+000,,,,,,
0.00000e+000,0.00000e+000,,,,,,
0.00000e+000,0.00000e+000,,,,,,
0.00000e+000,0.00000e+000,,,,,,
0.00000e+000,0.00000e+000,,,,,,
0.00000e+000,0.00000e+000,,,,,,
0.00000e+000,0.00000e+000,,,,,,
0.00000e+000,0.00000e+000,,,,,,
0.00000e+000,0.00000e+000,,,,,,
0.00000e+000,0.00000e+000,,,,,,
0.00000e+000,0.00000e+000,,,,,,
0.00000e+000,0.00000e+000,,,,,,
0.00000e+000,0.00000e+000,,,,,,
0.00000e+000,0.00000e+000,,,,,,
0.00000e+000,0.00000e+000,,,,,,
0.00000e+000,0.00000e+000,,,,,,
0.00000e+000,0.00000e+000,,,,,,
0.00000e+000,0.00000e+000,,,,,,
0.00000e+000,0.00000e+000,,,,,,
0.00000e+000,0.00000e+000,,,,,,
0.00000e+000,0.00000e+000,,,,,,
0.00000e+000,0.00000e+000,,,,,,
0.00000e+000,0.00000e+000,,,,,,
0.00000e+000,0.00000e+000,,,,,,
0.00000e+000,0.00000e+000,,,,,,
0.00000e+000,0.00000e+000,,,,,,
0.00000e+000,0.00000e+000,,,,,,
0.00000e+000,0.00000e+000,,,,,,
0.00000e+000,0.00000e+000,,,,,,
0.00000e+000,0.00000e+000,,,,,,
0.00000e+000,0.00000e+000,,,,,,
0.00000e+000,0.00000e+000,,,,,,
0.00000e+000,0.00000e+000,,,,,,
0.00000e+000,0.00000e+000,,,,,,
0.00000e+000,0.00000e+000,,,,,,
0.00000e+000,0.00000e+000,,,,,,
0.00000e+000,0.00000e+000,,,,,,
0.00000e+000,0.00000e+000,,,,,,
0.00000e+000,0.00000e+000,,,,,,
0.00000e+000,0.00000e+000,,,,,,
0.00000e+000,0.00000e+000,,,,,,
0.00000e+000,0.00000e+000,,,,,,
0.00000e+000,0.00000e+000,,,,,,
0.00000e+000,0.00000e+000,,,,,,
0.00000e+000,0.00000e+000,,,,,,
0.00000e+000,0.00000e+000,,,,,,
0.00000e+000,0.00000e+000,,,,,,
0.00000e+000,0.00000e+000,,,,,,
0.00000e+000,0.00000e+000,,,,,,
0.00000e+000,0.00000e+000,,,,,,
0.00000e+000,0.00000e+000,,,,,,
0.00000e+000,0.00000e+000,,,,,,
0.00000e+000,0.00000e+000,,,,,,
0.00000e+000,0.00000e+000,,,,,,
0.00000e+000,0.00000e+000,,,,,,
0.00000e+000,0.00000e+000,,,,,,
0.00000e+000,0.00000e+000,,,,,,
0.00000e+000,0.00000e+000,,,,,,
0.00000e+000,0.00000e+000,,,,,,
0.00000e+000,0.00000e+000,,,,,,
0.00000e+000,0.00000e+000,,,,,,
0.00000e+000,0.00000e+000,,,,,,
0.00000e+000,0.00000e+000,,,,,,
0.00000e+000,0.00000e+000,,,,,,
0.00000e+000,0.00000e+000,,,,,,
0.00000e+000,0.00000e+000,,,,,,
0.00000e+000,0.00000e+000,,,,,,
0.00000e+000,0.00000e+000,,,,,,
0.00000e+000,0.00000e+000,,,,,,
0.00000e+000,0.00000e+000,,,,,,
0.00000e+000,0.00000e+000,,,,,,
0.00000e+000,0.00000e+000,,,,,,
0.00000e+000,0.00000e+000,,,,,,
0.00000e+000,0.00000e+000,,,,,,
0.00000e+000,0.00000e+000,,,,,,
0.00000e+000,0.00000e+000,,,,,,
0.00000e+000,0.00000e+000,,,,,,
0.00000e+000,0.00000e+000,,,,,,
0.00000e+000,0.00000e+000,,,,,,
0.00000e+000,0.00000e+000,,,,,,
0.00000e+000,0.00000e+000,,,,,,
0.00000e+000,0.00000e+000,,,,,,
0.00000e+000,0.00000e+000,,,,,,
0.00000e+000,0.00000e+000,,,,,,
0.00000e+000,0.00000e+000,,,,,,
0.00000e+000,0.00000e+000,,,,,,
0.00000e+000,0.00000e+000,,,,,,
0.00000e+000,0.00000e+000,,,,,,
0.00000e+000,0.00000e+000,,,,,,
0.00000e+000,0.00000e+000,,,,,,
0.00000e+000,0.00000e+000,,,,,,
0.00000e+000,0.00000e+000,,,,,,
0.00000e+000,0.00000e+000,,,,,,
0.00000e+000,0.00000e+000,,,,,,
0.00000e+000,0.00000e+000,,,,,,
0.00000e+000,0.00000e+000,,,,,,
0.00000e+000,0.00000e+000,,,,,,
0.00000e+000,0.00000e+000,,,,,,
0.00000e+000,0.00000e+000,,,,,,
0.00000e+000,0.00000e+000,,,,,,
0.00000e+000,0.00000e+000,,,,,,
0.00000e+000,0.00000e+000,,,,,,
0.00000e+000,0.00000e+000,,,,,,
0.00000e+000,0.00000e+000,,,,,,
0.00000e+000,0.00000e+000,,,,,,
0.00000e+000,0.00000e+000,,,,,,
0.00000e+000,0.00000e+000,,,,,,
0.00000e+000,0.00000e+000,,,,,,
0.00000e+000,0.00000e+000,,,,,,
0.00000e+000,0.00000e+000,,,,,,
0.00000e+000,0.00000e+000,,,,,,
0.00000e+000,0.00000e+000,,,,,,
0.00000e+000,0.00000e+000,,,,,,
0.00000e+000,0.00000e+000,,,,,,
0.00000e+000,0.00000e+000,,,,,,
0.00000e+000,0.00000e+000,,,,,,
0.00000e+000,0.00000e+000,,,,,,
0.00000e+000,0.00000e+000,,,,,,
0.00000e+000,0.00000e+000,,,,,,
0.00000e+000,0.00000e+000,,,,,,
0.00000e+000,0.00000e+000,,,,,,
0.00000e+000,0.00000e+000,,,,,,
0.00000e+000,0.00000e+000,,,,,,
0.00000e+000,0.00000e+000,,,,,,
0.00000e+000,0.00000e+000,,,,,,
0.00000e+000,0.00000e+000,,,,,,
0.00000e+000,0.00000e+000,,,,,,
0.00000e+000,0.00000e+000,,,,,,
0.00000e+000,0.00000e+000,,,,,,
0.00000e+000,0.00000e+000,,,,,,
0.00000e+000,0.00000e+000,,,,,,
0.00000e+000,0.00000e+000,,,,,,
0.00000e+000,0.00000e+000,,,,,,
0.00000e+000,0.00000e+000,,,,,,
0.00000e+000,0.00000e+000,,,,,,
0.00000e+000,0.00000e+000,,,,,,
0.00000e+000,0.00000e+000,,,,,,
0.00000e+000,0.00000e+000,,,,,,
0.00000e+000,0.00000e+000,,,,,,
0.00000e+000,0.00000e+000,,,,,,
0.00000e+000,0.00000e+000,,,,,,
0.00000e+000,0.00000e+000,,,,,,
0.00000e+000,0.00000e+000,,,,,,
0.00000e+000,0.00000e+000,,,,,,
0.00000e+000,0.00000e+000,,,,,,
0.00000e+000,0.00000e+000,,,,,,
0.00000e+000,0.00000e+000,,,,,,
0.00000e+000,0.00000e+000,,,,,,
0.00000e+000,0.00000e+000,,,,,,
0.00000e+000,0.00000e+000,,,,,,
0.00000e+000,0.00000e+000,,,,,,
0.00000e+000,0.00000e+000,,,,,,
0.00000e+000,0.00000e+000,,,,,,
0.00000e+000,0.00000e+000,,,,,,
0.00000e+000,0.00000e+000,,,,,,
0.00000e+000,0.00000e+000,,,,,,
0.00000e+000,0.00000e+000,,,,,,
0.00000e+000,0.00000e+000,,,,,,
0.00000e+000,0.00000e+000,,,,,,
0.00000e+000,0.00000e+000,,,,,,
0.00000e+000,0.00000e+000,,,,,,
0.00000e+000,0.00000e+000,,,,,,
0.00000e+000,0.00000e+000,,,,,,
0.00000e+000,0.00000e+000,,,,,,
0.00000e+000,0.00000e+000,,,,,,
0.00000e+000,0.00000e+000,,,,,,
0.00000e+000,0.00000e+000,,,,,,
0.00000e+000,0.00000e+000,,,,,,
0.00000e+000,0.00000e+000,,,,,,
0.00000e+000,0.00000e+000,,,,,,
0.00000e+000,0.00000e+000,,,,,,
0.00000e+000,0.00000e+000,,,,,,
0.00000e+000,0.00000e+000,,,,,,
0.00000e+000,0.00000e+000,,,,,,
0.00000e+000,0.00000e+000,,,,,,
0.00000e+000,0.00000e+000,,,,,,
0.00000e+000,0.00000e+000,,,,,,
0.00000e+000,0.00000e+000,,,,,,
0.00000e+000,0.00000e+000,,,,,,
0.00000e+000,0.00000e+000,,,,,,
0.00000e+000,0.00000e+000,,,,,,
0.00000e+000,0.00000e+000,,,,,,
0.00000e+000,0.00000e+000,,,,,,
0.00000e+000,0.00000e+000,,,,,,
0.00000e+000,0.00000e+000,,,,,,
0.00000e+000,0.00000e+000,,,,,,
0.00000e+000,0.00000e+000,,,,,,
0.00000e+000,0.00000e+000,,,,,,
0.00000e+000,0.00000e+000,,,,,,
0.00000e+000,0.00000e+000,,,,,,
0.00000e+000,0.00000e+000,,,,,,
0.00000e+000,0.00000e+000,,,,,,
0.00000e+000,0.00000e+000,,,,,,
0.00000e+000,0.00000e+000,,,,,,
0.00000e+000,0.00000e+000,,,,,,
0.00000e+000,0.00000e+000,,,,,,
0.00000e+000,0.00000e+000,,,,,,
0.00000e+000,0.00000e+000,,,,,,
0.00000e+000,0.00000e+000,,,,,,
0.00000e+000,0.00000e+000,,,,,,
0.00000e+000,0.00000e+000,,,,,,
0.00000e+000,0.00000e+000,,,,,,
0.00000e+000,0.00000e+000,,,,,,
0.00000e+000,0.00000e+000,,,,,,
0.00000e+000,0.00000e+000,,,,,,
0.00000e+000,0.00000e+000,,,,,,
0.00000e+000,0.00000e+000,,,,,,
0.00000e+000,0.00000e+000,,,,,,
0.00000e+000,0.00000e+000,,,,,,
0.00000e+000,0.00000e+000,,,,,,
0.00000e+000,0.00000e+000,,,,,,
0.00000e+000,0.00000e+000,,,,,,
0.00000e+000,0.00000e+000,,,,,,
0.00000e+000,0.00000e+000,,,,,,
0.00000e+000,0.00000e+000,,,,,,
0.00000e+000,0.00000e+000,,,,,,
0.00000e+000,0.00000e+000,,,,,,
0.00000e+000,0.00000e+000,,,,,,
0.00000e+000,0.00000e+000,,,,,,
0.00000e+000,0.00000e+000,,,,,,
0.00000e+000,0.00000e+000,,,,,,
0.00000e+000,0.00000e+000,,,,,,
0.00000e+000,0.00000e+000,,,,,,
0.00000e+000,0.00000e+000,,,,,,
0.00000e+000,0.00000e+000,,,,,,
0.00000e+000,0.00000e+000,,,,,,
0.00000e+000,0.00000e+000,,,,,,
0.00000e+000,0.00000e+000,,,,,,
0.00000e+000,0.00000e+000,,,,,,
0.00000e+000,0.00000e+000,,,,,,
0.00000e+000,0.00000e+000,,,,,,
0.00000e+000,0.00000e+000,,,,,,
0.00000e+000,0.00000e+000,,,,,,
0.00000e+000,0.00000e+000,,,,,,
0.00000e+000,0.00000e+000,,,,,,
0.00000e+000,0.00000e+000,,,,,,
0.00000e+000,0.00000e+000,,,,,,
0.00000e+000,0.00000e+000,,,,,,
0.00000e+000,0.00000e+000,,,,,,
0.00000e+000,0.00000e+000,,,,,,
0.00000e+000,0.00000e+000,,,,,,
0.00000e+000,0.00000e+000,,,,,,
0.00000e+000,0.00000e+000,,,,,,
0.00000e+000,0.00000e+000,,,,,,
0.00000e+000,0.00000e+000,,,,,,
0.00000e+000,0.00000e+000,,,,,,
0.00000e+000,0.00000e+000,,,,,,
0.00000e+000,0.00000e+000,,,,,,
0.00000e+000,0.00000e+000,,,,,,
0.00000e+000,0.00000e+000,,,,,,
0.00000e+000,0.00000e+000,,,,,,
0.00000e+000,0.00000e+000,,,,,,
0.00000e+000,0.00000e+000,,,,,,
0.00000e+000,0.00000e+000,,,,,,
0.00000e+000,0.00000e+000,,,,,,
0.00000e+000,0.00000e+000,,,,,,
0.00000e+000,0.00000e+000,,,,,,
0.00000e+000,0.00000e+000,,,,,,
0.00000e+000,0.00000e+000,,,,,,
0.00000e+000,0.00000e+000,,,,,,
0.00000e+000,0.00000e+000,,,,,,
0.00000e+000,0.00000e+000,,,,,,
0.00000e+000,0.00000e+000,,,,,,
0.00000e+000,0.00000e+000,,,,,,
0.00000e+000,0.00000e+000,,,,,,
0.00000e+000,0.00000e+000,,,,,,
0.00000e+000,0.00000e+000,,,,,,
0.00000e+000,0.00000e+000,,,,,,
0.00000e+000,0.00000e+000,,,,,,
0.00000e+000,0.00000e+000,,,,,,
0.00000e+000,0.00000e+000,,,,,,
0.00000e+000,0.00000e+000,,,,,,
0.00000e+000,0.00000e+000,,,,,,
0.00000e+000,0.00000e+000,,,,,,
0.00000e+000,0.00000e+000,,,,,,
0.00000e+000,0.00000e+000,,,,,,
0.00000e+000,0.00000e+000,,,,,,
0.00000e+000,0.00000e+000,,,,,,
0.00000e+000,0.00000e+000,,,,,,
0.00000e+000,0.00000e+000,,,,,,
0.00000e+000,0.00000e+000,,,,,,
0.00000e+000,0.00000e+000,,,,,,
0.00000e+000,0.00000e+000,,,,,,
0.00000e+000,0.00000e+000,,,,,,
0.00000e+000,0.00000e+000,,,,,,
0.00000e+000,0.00000e+000,,,,,,
0.00000e+000,0.00000e+000,,,,,,
0.00000e+000,0.00000e+000,,,,,,
0.00000e+000,0.00000e+000,,,,,,
0.00000e+000,0.00000e+000,,,,,,
0.00000e+000,0.00000e+000,,,,,,
0.00000e+000,0.00000e+000,,,,,,
0.00000e+000,0.00000e+000,,,,,,
0.00000e+000,0.00000e+000,,,,,,
0.00000e+000,0.00000e+000,,,,,,
0.00000e+000,0.00000e+000,,,,,,
0.00000e+000,0.00000e+000,,,,,,
0.00000e+000,0.00000e+000,,,,,,
0.00000e+000,0.00000e+000,,,,,,
0.00000e+000,0.00000e+000,,,,,,
0.00000e+000,0.00000e+000,,,,,,
0.00000e+000,0.00000e+000,,,,,,
0.00000e+000,0.00000e+000,,,,,,
0.00000e+000,0.00000e+000,,,,,,
0.00000e+000,0.00000e+000,,,,,,
0.00000e+000,0.00000e+000,,,,,,
0.00000e+000,0.00000e+000,,,,,,
0.00000e+000,0.00000e+000,,,,,,
0.00000e+000,0.00000e+000,,,,,,
0.00000e+000,0.00000e+000,,,,,,
0.00000e+000,0.00000e+000,,,,,,
0.00000e+000,0.00000e+000,,,,,,
0.00000e+000,0.00000e+000,,,,,,
0.00000e+000,0.00000e+000,,,,,,
0.00000e+000,0.00000e+000,,,,,,
0.00000e+000,0.00000e+000,,,,,,
0.00000e+000,0.00000e+000,,,,,,
0.00000e+000,0.00000e+000,,,,,,
0.00000e+000,0.00000e+000,,,,,,
0.00000e+000,0.00000e+000,,,,,,
0.00000e+000,0.00000e+000,,,,,,
0.00000e+000,0.00000e+000,,,,,,
0.00000e+000,0.00000e+000,,,,,,
0.00000e+000,0.00000e+000,,,,,,
0.00000e+000,0.00000e+000,,,,,,
0.00000e+000,0.00000e+000,,,,,,
0.00000e+000,0.00000e+000,,,,,,
0.00000e+000,0.00000e+000,,,,,,
0.00000e+000,0.00000e+000,,,,,,
0.00000e+000,0.00000e+000,,,,,,
0.00000e+000,0.00000e+000,,,,,,
0.00000e+000,0.00000e+000,,,,,,
0.00000e+000,0.00000e+000,,,,,,
0.00000e+000,0.00000e+000,,,,,,
0.00000e+000,0.00000e+000,,,,,,
0.00000e+000,0.00000e+000,,,,,,
0.00000e+000,0.00000e+000,,,,,,
0.00000e+000,0.00000e+000,,,,,,
0.00000e+000,0.00000e+000,,,,,,
0.00000e+000,0.00000e+000,,,,,,
0.00000e+000,0.00000e+000,,,,,,
0.00000e+000,0.00000e+000,,,,,,
0.00000e+000,0.00000e+000,,,,,,
0.00000e+000,0.00000e+000,,,,,,
0.00000e+000,0.00000e+000,,,,,,
0.00000e+000,0.00000e+000,,,,,,
0.00000e+000,0.00000e+000,,,,,,
0.00000e+000,0.00000e+000,,,,,,
0.00000e+000,0.00000e+000,,,,,,
0.00000e+000,0.00000e+000,,,,,,
0.00000e+000,0.00000e+000,,,,,,
0.00000e+000,0.00000e+000,,,,,,
0.00000e+000,0.00000e+000,,,,,,
0.00000e+000,0.00000e+000,,,,,,
0.00000e+000,0.00000e+000,,,,,,
0.00000e+000,0.00000e+000,,,,,,
0.00000e+000,0.00000e+000,,,,,,
0.00000e+000,0.00000e+000,,,,,,
0.00000e+000,0.00000e+000,,,,,,
0.00000e+000,0.00000e+000,,,,,,
0.00000e+000,0.00000e+000,,,,,,
0.00000e+000,0.00000e+000,,,,,,
0.00000e+000,0.00000e+000,,,,,,
0.00000e+000,0.00000e+000,,,,,,
0.00000e+000,0.00000e+000,,,,,,
0.00000e+000,0.00000e+000,,,,,,
0.00000e+000,0.00000e+000,,,,,,
0.00000e+000,0.00000e+000,,,,,,
0.00000e+000,0.00000e+000,,,,,,
0.00000e+000,0.00000e+000,,,,,,
0.00000e+000,0.00000e+000,,,,,,
0.00000e+000,0.00000e+000,,,,,,
0.00000e+000,0.00000e+000,,,,,,
0.00000e+000,0.00000e+000,,,,,,
0.00000e+000,0.00000e+000,,,,,,
0.00000e+000,0.00000e+000,,,,,,
0.00000e+000,0.00000e+000,,,,,,
0.00000e+000,0.00000e+000,,,,,,
0.00000e+000,0.00000e+000,,,,,,
0.00000e+000,0.00000e+000,,,,,,
0.00000e+000,0.00000e+000,,,,,,
0.00000e+000,0.00000e+000,,,,,,
0.00000e+000,0.00000e+000,,,,,,
0.00000e+000,0.00000e+000,,,,,,
0.00000e+000,0.00000e+000,,,,,,
0.00000e+000,0.00000e+000,,,,,,
0.00000e+000,0.00000e+000,,,,,,
0.00000e+000,0.00000e+000,,,,,,
0.00000e+000,0.00000e+000,,,,,,
0.00000e+000,0.00000e+000,,,,,,
0.00000e+000,0.00000e+000,,,,,,
0.00000e+000,0.00000e+000,,,,,,
0.00000e+000,0.00000e+000,,,,,,
0.00000e+000,0.00000e+000,,,,,,
0.00000e+000,0.00000e+000,,,,,,
0.00000e+000,0.00000e+000,,,,,,
0.00000e+000,0.00000e+000,,,,,,
0.00000e+000,0.00000e+000,,,,,,
0.00000e+000,0.00000e+000,,,,,,
0.00000e+000,0.00000e+000,,,,,,
0.00000e+000,0.00000e+000,,,,,,
0.00000e+000,0.00000e+000,,,,,,
0.00000e+000,0.00000e+000,,,,,,
0.00000e+000,0.00000e+000,,,,,,
0.00000e+000,0.00000e+000,,,,,,
0.00000e+000,0.00000e+000,,,,,,
0.00000e+000,0.00000e+000,,,,,,
